0.0003571585622002669	8.65588132438789e-5	0.0004018156135776293	0.0008745128040392777	0.0024659636722528288	0.006390668062984866	0.016490895963950414	0.039251313137386876	0.08402087306049377	0.16102188718824872	0.2709318179698803	0.39676397627615645	0.507391402055853	0.5844711475323127	0.6274922380897135	0.6514699883741504	0.6656767627940807	0.6740382163636509	0.6797409285693403	0.6835797378307557	0.6865206013941253
0.0012739910213335145	0.0008939809360176557	0.00013377204286464016	0.0007057860359853968	0.001227821772826561	0.004952378408996585	0.013764667250941571	0.034194177512024165	0.07633916572643999	0.1511005625920634	0.25701874268645053	0.37902508638946186	0.4868883090946424	0.5613514200322425	0.6035021559204073	0.6269705315249309	0.6398308818933703	0.6484423919294665	0.6538435720158785	0.6574908325900448	0.6603038724375059
0.0023067343732458534	0.001722677711828682	0.0012973268449010182	0.0003163011490463376	0.0009457334697565916	0.002815013444533363	0.00972752923603811	0.02781760908422232	0.06583578551466232	0.1351601241901722	0.235811811656937	0.35193812087370524	0.45601863688241395	0.526575954029854	0.5666957587111782	0.5886281098612652	0.6010859707248185	0.6088106178991386	0.6139590374733852	0.6172260868101528	0.619850374944336
0.004932291668314221	0.004485692281676844	0.00344420732430185	0.0022746429996407685	0.0009595741383699426	0.0007561768536470917	0.004827360571089007	0.018715641867792034	0.051566715706127225	0.1126501480426017	0.20435940059424074	0.31174892875923826	0.40918212636964074	0.4741487793470721	0.5109878246981938	0.5311449425194688	0.5421702628192977	0.5488869668883019	0.5531740880329692	0.5563968544318411	0.5586224342242292
0.012346329025406466	0.011225856761214976	0.009105168051741388	0.007066566328681717	0.004262499959216111	0.0012178019620159434	0.0012279306068663494	0.008108727211123951	0.031481187240181056	0.08120274429759046	0.15967082986211972	0.25442059500432485	0.3394471435529722	0.39859707261778976	0.4300124724549929	0.447262636959478	0.4560967880063909	0.4617371123461209	0.465508215887506	0.46790928499578616	0.469808710340178
0.03136023815902828	0.02913622592472078	0.026285050228392975	0.02247299412981064	0.017283168101922923	0.009725624125767694	0.0032763395953203734	0.0006919091938967724	0.010668927396649281	0.043318380378645355	0.10142288061360688	0.17664924368862162	0.2464495345105875	0.29320100240965213	0.3187111291783508	0.33141476037947276	0.337851696910908	0.3422431772136144	0.34505407848774095	0.34636078152810973	0.347906172831549
0.07734577989758581	0.07428485140520934	0.07102335141212056	0.06312624663332096	0.05381567892478186	0.04100976120042912	0.025711650320913066	0.010116519495176503	0.0016549989315481262	0.00928821364944662	0.03991765963842942	0.08930187680890346	0.1358402399005351	0.16816425704219223	0.18455950716994982	0.1922581709564197	0.1954727256615512	0.19740610315029386	0.19854411217633433	0.20049384030308443	0.20100196935491693
0.18203378899505768	0.17796750257664046	0.17208238187545566	0.16282153683756015	0.14955341632444044	0.1309790437884628	0.1024302226117873	0.070873120941997	0.03853742627956751	0.015360598733245953	0.009970580204905516	0.023710582551516445	0.04514324375980245	0.06144699088671436	0.06896148418807536	0.07239891524941637	0.07351350104787804	0.07440506679525456	0.07459326661318405	0.07561994591716992	0.07562380138776272
0.41210975420394036	0.40686536576444887	0.3985902108541065	0.38626819520635747	0.3671698504237924	0.33959095416873825	0.301536243641098	0.25280653251594054	0.1968676860313618	0.14221439433680572	0.10206259673801277	0.08431380895893727	0.08768053561127133	0.10144220942943266	0.11452612827093214	0.12411678146596991	0.13046145784415936	0.13426561043025345	0.13671771071749644	0.13818705139568485	0.13912270391252443
0.873031161186762	0.8675696054250495	0.8584462347521187	0.8452322167399489	0.8245257787985629	0.7944340521131134	0.751693981677193	0.6965479917785208	0.6299137291978815	0.564318721480255	0.5170340652315084	0.5064440696803953	0.5341735471685756	0.5834306820410469	0.6301371867523996	0.6657758448698305	0.6898652804147598	0.7052055107175205	0.7148349911813433	0.7206215900744835	0.7239337829536906
1.6426766966522894	1.6399911079003338	1.6336116838065728	1.6249121620415554	1.6124632364471543	1.5941870313154416	1.5688539476615433	1.5375771670521097	1.5073994268143973	1.491869882783095	1.5144667012661104	1.5951647449346975	1.7284556486535634	1.880653857923609	2.0102127002533465	2.104089508569692	2.166424756282667	2.206799495958258	2.232282143885973	2.2474687309125487	2.2568138005607867
2.665037844177761	2.6667239465369525	2.669773786637651	2.6744962157309407	2.682051854612612	2.695189618772006	2.718157275219405	2.758578194011707	2.830787951389002	2.956152156157843	3.1592089529186054	3.447264293898846	3.787813975341568	4.114975068774688	4.372256895838583	4.5494305948563785	4.664504282986632	4.737391873299091	4.783750638284929	4.811406968241864	4.828744351842506
3.707530045447589	3.717008843217767	3.731682035920311	3.7557016569631387	3.793822265162781	3.8533846988535996	3.9479167585129717	4.095448620246044	4.321164136227809	4.654998731375824	5.115416242567411	5.682162674075632	6.276581346221213	6.794615832362742	7.1748127655951075	7.424654849930482	7.5825359391242975	7.680738865982376	7.7427092980369565	7.781475129964739	7.804425596422313
4.530148318306033	4.548057276295544	4.575666018367858	4.620542045717363	4.688853695501163	4.797263836639419	4.965602996343296	5.223557364432734	5.609392303407769	6.153949598872888	6.868848968120691	7.694366217656143	8.500663396663994	9.158751366420221	9.613337352786301	9.899645416853431	10.074997833247252	10.183957466121617	10.251161880995141	10.293076611707955	10.318071117685701
5.073362811988487	5.0971614482147265	5.135850618743618	5.195933738744809	5.290365953755371	5.439071925215149	5.668043111786135	6.017985593731508	6.5319768163943275	7.248597716938757	8.159877497854481	9.172519771671967	10.115423548431254	10.844728057550567	11.327142343765587	11.621761269813378	11.799703853052762	11.908367144451816	11.976059108949483	12.018001999811183	12.043284662354193
5.40594106824279	5.435474380560179	5.480903999201768	5.557228547186137	5.667045713405741	5.84372543293569	6.117854213431546	6.533336792546344	7.141319821869808	7.977723006776125	9.022362079525314	10.153169990264187	11.173422368996723	11.934266506570202	12.422466383193271	12.715899409457275	12.891778055827515	12.997884722692412	13.06515557956532	13.105633246085048	13.130695956158359
5.610717069373742	5.642178849779523	5.693350688246689	5.77361106118671	5.899761068794108	6.096740937629405	6.400881603271966	6.861368371403821	7.5334882283450435	8.448022883038117	9.5789463485629	10.782989074864073	11.84576985378914	12.620047127693171	13.107890608015452	13.397771499030707	13.570762727055456	13.67624136170253	13.741683919710297	13.782092221787334	13.80692436853794
5.736811246555449	5.770655119420316	5.824954815209095	5.910813756419554	6.045318512253061	6.255241788866003	6.579580548819041	7.068568832070145	7.780034934199569	8.748426186131285	9.934960606187026	11.18344488854319	12.272615959210228	13.05064293902213	13.537012835882898	13.824491247767462	13.995760361315895	14.099784475559748	14.164794282714514	14.204186429253529	14.229219439776877
5.814695903879216	5.8504419821018985	5.9072486300792235	5.996967808019955	6.137463238757227	6.354889897281079	6.691747133522673	7.20017089827752	7.937491028231402	8.939702091040632	10.160683712124529	11.436485301765401	12.538343875603658	13.321573084570447	13.806288332914356	14.091848851213104	14.261893954067755	14.365591193760245	14.431051637324396	14.468909738484271	14.493594744469974
5.863943192158622	5.900575425477926	5.9586996922449735	6.050004793473423	6.193634778199007	6.417309227314283	6.762784507595235	7.282700878944512	8.03817335727052	9.059773207265836	10.303949187447193	11.596583393254575	12.706564468642089	13.491297286511355	13.975196719646043	14.260270189470102	14.430825941821402	14.532101586764043	14.596711395291305	14.634212233694742	14.658585388064832
5.8949333607987295	5.9319579833435165	5.9906750028053795	6.0841610717200325	6.232425611505134	6.457243466380142	6.806951670108446	7.335109023693074	8.100210968703045	9.135958930668252	10.393082871353254	11.696774266080341	12.812997913088637	13.598209065795773	14.081642711728525	14.364796662968578	14.53360458314635	14.635533768119933	14.699081088421863	14.7386574531848	14.762378117983452
