0.007147093900509223	0.010199099657253128	0.016084706989172835	0.027959898443692427	0.05274724043354288	0.10550890251324291	0.2168402466021834	0.44651805588880156	0.8923085027022879	1.663695827081441	2.7961448531368607	4.125524460933285	5.327174710607314	6.182843866393744	6.709272925877406	7.021407675153445	7.208101124275519	7.322513436656794	7.393034009976999	7.436839766101752	7.464165061272042
0.014267992212631997	0.01848561510138621	0.026202855360952335	0.04094716182037478	0.07018997886643893	0.12926553089551798	0.25075120395029166	0.4965671866161062	0.9623533188060858	1.760982925702522	2.9235059531671133	4.280892357258884	5.505157584691712	6.375236417566144	6.9101276489559655	7.225614991142042	7.415094064777147	7.5309419491952365	7.601489422890602	7.645841264337486	7.673506015870889
0.030411136294078243	0.03646754724665417	0.047074285237610786	0.06634488273175673	0.10261690653086007	0.17212227841731778	0.31006688592972975	0.578983203962237	1.077583179163542	1.917447914317117	3.128070116533155	4.5319940857029914	5.7928752600363005	6.68304898920417	7.229577895943104	7.553057609000815	7.745633624469487	7.864576322968586	7.9364144514782655	7.982036173078899	8.010268235326004
0.067706510297429	0.07665181951037077	0.09179834829529562	0.1177444752120027	0.16480094436897627	0.2512167946820048	0.4144809795985028	0.7211574940587019	1.2710561101444002	2.1772595208146552	3.4644553978520043	4.938567129554927	6.253122639744572	7.179384551577737	7.744574860111844	8.079016165994593	8.27891440779	8.400895732395156	8.475909687942792	8.522633570611541	8.551773053550773
0.15410642899570187	0.1675650056471291	0.19014804618476203	0.2271016118231508	0.29115816265118655	0.40489432502239514	0.6075486352880954	0.9714059717778503	1.6030335949611594	2.6135543058181483	4.019786452752858	5.605391415905626	7.008046342330301	7.988113326411836	8.584387352670479	8.935574903404286	9.14548006323266	9.273440330174083	9.352413670935707	9.401432492860659	9.438616884276787
0.354811910137455	0.37577226664016483	0.4080856927179868	0.4625594201177477	0.5541586084657334	0.7088197423081356	0.9733146804049424	1.4272677015216437	2.1850477370132384	3.3602264020250727	4.947573940792259	6.71306987511125	8.25034213036807	9.316076990887147	9.960287270910085	10.339688450344406	10.565815259102012	10.701858882781636	10.786993196454425	10.839678165439464	10.871946461783836
0.8110862739164426	0.841509862966019	0.8916399698892451	0.9726106017858943	1.104580754873125	1.3223156823706148	1.682690450422455	2.2763547532078814	3.2290702312475656	4.65274533037711	6.528183664984937	8.568090903185151	10.317205754612793	11.51464306630221	12.23430750430125	12.65443010984459	12.905315458460148	13.059344120734648	13.152928719664201	13.210979430315618	13.247161108393895
1.8015285314351202	1.850017266236889	1.9246500553097445	2.0454132472619015	2.239478402239532	2.552814004832616	3.0575896407387018	3.8631192709933306	5.111164959311096	6.916560449910177	9.228723587866227	11.689020831529694	13.76036679918414	15.164444936500622	15.997035710784434	16.481496961568055	16.76898736805224	16.94377747007985	17.052295866412845	17.11909397474181	17.160845123163263
3.8101572893610647	3.881490307698595	3.9943345392663656	4.17344581504007	4.457533227256491	4.90920017142552	5.624781851097353	6.739347443151489	8.420593766535454	10.789774226922368	13.75290818856851	16.838790372799647	19.39668179905334	21.10460249689928	22.11094985102543	22.69301550541915	23.03726971744728	23.245482225931788	23.374196402532398	23.453916529260706	23.50350433479729
7.449213751498681	7.55282178341983	7.716089158367886	7.973782176535171	8.382990585606118	9.025040890672637	10.030089114426762	11.57251476475934	13.85883228496142	17.021021865293825	20.905538490282318	24.89161250795996	28.15009935770851	30.301210900063516	31.557768527113613	32.281721174409135	32.70884417155898	32.96729523475767	33.12623000613849	33.22483034611147	33.28614962783071
13.030548662904913	13.1733911536468	13.40024478960029	13.756399474329807	14.316996623137038	15.195405227518213	16.560890844336075	18.63958197420148	21.688188960912434	25.86698287780627	30.961834601811375	36.154902131301824	40.36748644220006	43.12753268333799	44.728390084926595	45.64792997875965	46.18960670432813	46.51751032692936	46.71886083597513	46.84263970577457	46.920243973251985
19.852445231077116	20.034125333713966	20.324253898760183	20.783229926853167	21.502612714359213	22.629434253400785	24.37177972106027	27.01404684220106	30.8833713043184	36.18068233320281	42.65236652752134	49.274703566504925	54.659673841233776	58.180567474408605	60.22208340241949	61.39190100302691	62.08151134062756	62.49856707730775	62.754991386057945	62.9153027665904	63.01391392622938
26.207187344569064	26.424443393823072	26.76755715351001	27.309192874056603	28.15944555600533	29.48810625538355	31.544178990312577	34.660720628351335	39.224357004168176	45.49282692602477	53.21391126182223	61.21690961510002	67.80918128058362	72.15372499385569	74.68203366038537	76.13514199981363	76.99271702847584	77.51272346900689	77.83232269868927	78.03020129958492	78.15336415780446
30.81042523875213	31.049835718576965	31.42770953473476	32.024515474396686	32.96043327911108	34.422955276330335	36.68463653245387	40.114677836371264	45.143027332616114	52.0747173720441	60.67718785609895	69.71563603356499	77.28563942528838	82.34523482637633	85.31662767018642	87.03557154956162	88.05279437996035	88.67091140141488	89.0518150210364	89.28770254839993	89.43513369172405
33.667505811855854	33.91951641086868	34.31685972984054	34.94534375641227	35.93142047079465	37.47052208595346	39.85211670411187	43.46513150506331	48.76553577347481	56.08882708320034	65.22689558396505	74.92409622230593	83.1610080242993	88.7349591378365	92.04503166605141	93.97045571665856	95.11736624157692	95.81589526344769	96.24647791339336	96.5138726010031	96.6812502456693
35.36778178677032	35.62640911426311	36.035899670128515	36.68350769133583	37.69670322452519	39.28012329704115	41.73075016017043	45.44886421163082	50.90655400572334	58.459250300158274	67.91502781983861	78.01286831806033	86.67322887504238	92.59786943953665	96.14320912282818	98.21935246603067	99.4608993411619	100.22029987716347	100.68828006260502	100.97993478395367	101.16167397679357
36.39136857386413	36.65527232857905	37.07093135716554	37.72883669430954	38.75991462357367	40.36946355084506	42.860670398040995	46.63976892731363	52.1911292636688	59.88032686718205	69.52707253899219	79.87459416487427	88.8022267521285	94.95759046059258	98.66443511341394	100.84542255561904	102.15394897348148	102.9546391926928	103.45093339496535	103.75906741957836	103.95138307267506
37.01881250116516	37.286849813478895	37.70706649358389	38.36804108295722	39.40935338176599	41.03579950137871	43.55054022593082	47.36752970246388	52.97595062105814	60.74815327401241	70.51342981260797	81.01317934676261	90.11393777807471	96.4196520386243	100.23314690097824	102.48464839189134	103.84014184405885	104.67079438788664	105.18619280915742	105.50661833004021	105.70688494670831
37.4073618807522	37.675083641379985	38.09851154257553	38.764363862212726	39.814089797916665	41.447616398918484	43.977991377366834	47.81811297452618	53.46178193800964	61.284916525233236	71.12309654227425	81.71960494699844	90.92923114471664	97.33133488303673	101.2149004148306	103.51402467718388	104.9002069671872	105.75138947988646	106.27942063664099	106.6079792212684	106.81356241495193
37.64956658415142	37.91713871884376	38.341194591505094	39.010591817269976	40.06245012583659	41.70476270163723	44.24475348994708	48.09810205270652	53.76306148051245	61.618723313925585	71.50207287877986	82.15918037734772	91.43752720234717	97.90063166144311	101.8303437812054	104.15926671482671	105.5662103627785	106.43077532727918	106.9671733115926	107.30118760215574	107.51008453906618
37.79895318051777	38.068024066843115	38.4932663074792	39.164479112063795	40.218494655353055	41.86569961394083	44.41003800744648	48.273792273411054	53.95155145298428	61.8270532404184	71.7380370215225	82.43358331792894	91.75586636181083	98.25772848691265	102.21614664520233	104.56512576253222	105.98513382022314	106.85828983946897	107.40009354145748	107.73854487991387	107.94966679339545
