0.004098334523495657	0.006229870012958972	0.010475501237196237	0.019274383469216123	0.03803645359871302	0.07851477403134863	0.1638839709674595	0.33841378625233315	0.6694996245206053	1.2259351978863215	2.0150929175967174	2.9138130939390257	3.7141892132699366	4.277183297729046	4.61907816765198	4.816832975540456	4.935666986329445	5.011664979150492	5.057948610684671	5.089476812770766	5.11010861257869
0.006852595210366769	0.009564941003297227	0.014728757212732877	0.024974251383194458	0.045855990700931326	0.08963161039453085	0.18055660727106768	0.3633818169811765	0.7079044032959174	1.278775458870068	2.087694702408805	3.00715145665679	3.825532712813403	4.401479168238052	4.751399806793033	4.95636755071903	5.0802508668763044	5.155611551071211	5.205525924275793	5.237003434362521	5.258517956260005
0.012562461530084288	0.01618894125433287	0.02279196014582484	0.035311920930375405	0.059877809952664326	0.10915848932937045	0.20835634930675934	0.4040942650203623	0.7661924826386693	1.363580064444956	2.2034453933281313	3.155651559562553	4.002322826299727	4.599686455554396	4.96413099350909	5.179040283235045	5.30649073866748	5.386740799799534	5.439807676255653	5.4737836597533045	5.495916031493416
0.02487687916369799	0.029948678536542477	0.03883502878845099	0.05493724126389337	0.0852282663290539	0.14306225706407127	0.25591129302358223	0.4724810056610583	0.8630201600431096	1.5010405291156645	2.390178458479653	3.393715130684425	4.285742909912182	4.9183907931021045	5.304755228026334	5.53361766871021	5.671023227038631	5.75817166647295	5.813142495753911	5.849016627756876	5.872807911116192
0.051934575288822706	0.059217833461763375	0.07168386400279636	0.09315779358373384	0.13192648013474786	0.20396494830538062	0.3384613187768526	0.5869020346211384	1.0252230086406604	1.7249295585966096	2.691450925870227	3.777367214922485	4.742487989436046	5.428429397364611	5.852641277537891	6.105107624277024	6.257622139767122	6.353357758910602	6.41774547092473	6.457824672589739	6.483253377796819
0.11125430865206302	0.12220827884349596	0.14014425211319712	0.17044430288620482	0.2230339459357946	0.317066286631565	0.4847312768290307	0.7828856919941285	1.293737818096372	2.0966329208062264	3.184387460747154	4.399856927915541	5.479890005115932	6.252405491301276	6.735183903374629	7.025183287996245	7.20166425052331	7.312568245036651	7.38445670186424	7.430159694737394	7.459512318026351
0.23928647025925798	0.25563010390300317	0.2822109481548458	0.3269068109497958	0.4013330686150589	0.5284190722064234	0.7477752710045195	1.1261226246900349	1.7500006094930018	2.7069366161922814	3.9879570074867914	5.406948869338326	6.668187045209981	7.578884522468375	8.154061216832657	8.50435608999831	8.719710910196175	8.85493225079359	8.941266626615882	8.994724315483865	9.029670188251627
0.5039423210259185	0.5286746691900139	0.569141812434496	0.6334555252754488	0.7408642031623572	0.9199308452517324	1.2191674095962721	1.715845052474874	2.5163752230561536	3.7114895542599102	5.287107752929437	7.018778716905345	8.560746972370938	9.68181260630078	10.4038500657629	10.84806936753889	11.1199386772565	11.292332471267768	11.401563263569686	11.468499489490094	11.512149563768427
1.0076527272424212	1.0447889526009724	1.103039099532395	1.1996505475504804	1.35548767510997	1.6089891617446264	2.02499644738126	2.6991676859265907	3.7582018214024453	5.307238802496468	7.31841048683424	9.515303596756358	11.472885020208489	12.906422216778985	13.842235974590956	14.421699478086897	14.781497827061612	15.005724329374555	15.143630005558702	15.228354635428452	15.286834561460472
1.8530401642723013	1.9070557164731918	1.9946625148408657	2.132250145493485	2.3544750529154688	2.7129164531459313	3.2917535053771716	4.21098848682781	5.627591230964012	7.666053554856437	10.279705357398255	13.117454072448453	15.646172885075233	17.504997556243023	18.723310216953	19.486418766610377	19.956565040892073	20.244776745126728	20.418898152887653	20.529189236567937	20.60560698049806
3.0530498251063225	3.1285998232650902	3.248121942421548	3.4400398321482997	3.74563533854989	4.234611498569351	5.01435918956828	6.2402560732435575	8.10206958077787	10.74870475106239	14.111150533932754	17.738194154308296	20.96113052643345	23.322883952370855	24.864712304424057	25.823953287309326	26.412286058216853	26.762869307352172	26.98302934682726	27.124009469203052	27.21588245302828
4.421192551210979	4.518950156644311	4.674843572883174	4.9241750817681	5.317910042380591	5.947596936903553	6.9438907597212705	8.500997801063543	10.845298313183779	14.147833027922088	18.302031028213573	22.75182405096942	26.668681669444954	29.518440329374204	31.354830868308774	32.48443185291248	33.175963271852034	33.58039558907629	33.831027514878784	33.990275315545354	34.09554342597446
5.64165239535507	5.760245359830258	5.9484829222360665	6.2471553805602635	6.721477606795472	7.476427861652343	8.667976749811194	10.520451173284306	13.297410217344277	17.18332327944364	22.040426082504897	27.18833661164371	31.670180533559233	34.88191644231948	36.92595191347944	38.14791770064057	38.88520116958765	39.32733699172261	39.59889478594874	39.77108968343271	39.88184279063167
6.499137777406084	6.63243799826197	6.84430076491726	7.1804538777904225	7.715866232282898	8.564532479616926	9.903366682685942	11.979403198862677	15.07987113993367	19.40059045757809	24.76403770165814	30.402737966496044	35.25184414511864	38.65989358086093	40.76893194592163	42.02305019146828	42.768593108853956	43.21469614602348	43.486817407755346	43.65913316293643	43.77073534465022
7.014059710897936	7.157333476686513	7.385176913734356	7.747372965249887	8.32400314174633	9.237088982211123	10.675841908420557	12.902405227622742	16.22306872357031	20.832446550420702	26.521939878320218	32.45390301546557	37.49582885023206	40.98870172288062	43.11967560009462	44.37193685338785	45.112551804121175	45.55326861390423	45.81457635808968	45.9786698736505	46.088545794313205
7.313555519914792	7.462192660951376	7.700505119486489	8.079490107975092	8.680979738301028	9.635742610227306	11.138692366780246	13.463266816136464	16.922923858407874	21.711739164583168	27.59753903416567	33.696279046699274	38.839875514391395	42.3626514138273	44.493969020809836	45.746201317407966	46.47703472319434	46.904321319984916	47.15792143446306	47.305297797528446	47.41527503824416
7.489240432753247	7.644056908663517	7.888769593236133	8.278411319812973	8.89620633232898	9.877692843506036	11.420994765951962	13.806455392456183	17.35424502124179	22.253814246882655	28.257207380216784	34.450129530161206	39.64186603187665	43.177187514424695	45.29654264309244	46.52792548710959	47.25297219946479	47.649142272653556	47.908301408615024	48.07861459758867	48.196071052065435
7.603108921796316	7.760050329292367	8.009532961116395	8.405419166457662	9.034147639637848	10.031495679558681	11.601174732889746	14.026829617231131	17.628761118025032	22.599364226739397	28.673560688735677	34.92225534869339	40.141837821922685	43.67889116328176	45.79196014994793	47.006500740374584	47.70725603883236	48.12972944773873	48.39660446440042	48.57632600560587	48.698149216500696
7.678069151578324	7.836988627710258	8.089497228951236	8.489324191030429	9.12583880279432	10.134287722803704	11.720634193683487	14.171714503970053	17.809558607385817	22.82388843232213	28.94296281187448	35.22535911753947	40.46182043498332	44.00295706500053	46.115621829767555	47.32485769889462	48.02730290325412	48.45472365568549	48.72797035371752	48.91141539805178	49.03532621168584
7.729350843074989	7.889779383510708	8.143737987088448	8.546727379614024	9.18823387287311	10.203528165453983	11.802130736020436	14.268776253007204	17.93045973530435	22.974652178128594	29.123664951433252	35.42823830053455	40.67772674311134	44.22248936459766	46.33627190511363	47.54610059970074	48.249541532105304	48.68024957701337	48.956825952830194	49.14154759302511	49.264718162734226
7.7638889072524915	7.925093408945456	8.180402844125448	8.585871928241374	9.2305401798135	10.251341980328094	11.856990809693368	14.336036234168398	18.014642552800467	23.0762130357719	29.245120449779563	35.56503533734289	40.823914222934135	44.374348514706455	46.489326400721254	47.69877633748624	48.403985015956735	48.83726765103898	49.11404059256596	49.2982691992926	49.42026027114579
