0.007027091787597962	0.010013881206529964	0.015769422127767618	0.027373500389691947	0.051576260892042564	0.10305808168187654	0.21163985329223356	0.4353953585053494	0.869125020069583	1.6190617687537108	2.7183983596118457	4.00769841993001	5.168616899323623	5.992759868358928	6.500412056977877	6.799261038734805	6.9775925036687445	7.0867521472115245	7.153725519294442	7.196448196728286	7.222592030033748
0.014048577781509317	0.01817941224929184	0.025732558439072434	0.040152197195394645	0.06872641808703626	0.12641152322176158	0.2449173494771349	0.4836625551005418	0.9380754933662632	1.7146983325281417	2.8449229831546936	4.159573106726151	5.3421220075901035	6.180298001794507	6.694347295508847	6.997674294968537	7.1791553325804545	7.290251610112722	7.358733860547689	7.401213867722385	7.427711643921706
0.0299764394137779	0.03591193538664689	0.04630074806074042	0.06516096894280499	0.10063245639397989	0.1686643934164559	0.30320439906675806	0.5654630061638567	1.0511336652089838	1.8681959013901694	3.043718708212605	4.404488255721202	5.621563534673307	6.481501357335922	7.007678124011939	7.3170836686037	7.502678118257266	7.615059594306385	7.684812944902216	7.728170596826525	7.756053815202169
0.06678997145372387	0.07556048619096259	0.09040293707271858	0.11581979052861315	0.1618759253646395	0.24636244982975444	0.40583756843340024	0.7051141776134433	1.2409398909202922	2.1227948936832837	3.3724249278110228	4.802191022079475	6.072639099228801	6.966163479372247	7.509501344199904	7.830446210913662	8.022533990978113	8.138698194755476	8.211218215458116	8.255941372516782	8.283565402132707
0.15210133880017457	0.16530319626229792	0.18744192093689932	0.22364963085124942	0.2863827466599158	0.39764549254730225	0.5957651915017746	0.9510062526798527	1.5668743927725968	2.550744020903706	3.915054368212869	5.454743578324626	6.811226333608472	7.756094287673578	8.329958469354134	8.666798279698195	8.867972948158425	8.990516956020276	9.06629447182566	9.113206132098323	9.142443404615982
0.35028003176308636	0.3708347788221764	0.4025235789102856	0.4563698895796264	0.5456722814669758	0.6970930619045503	0.9557571456365347	1.3992223789163023	2.138473651827384	3.2823493024533685	4.826667527671597	6.539513111746509	8.025538823329967	9.053682025260573	9.673502258223802	10.040709476290141	10.2539699750314	10.386399734673248	10.467540714345965	10.51780986293695	10.547887007988102
0.800781771647311	0.8306039283805093	0.8794964304833911	0.9591446866984812	1.0884614067850653	1.301653082059895	1.6542824685570743	2.2347269836715995	3.164321830996024	4.551945875052011	6.377198055193222	8.355379555294387	10.047048825881946	11.203468796693034	11.894660136905621	12.298404996588724	12.538782569481812	12.684978991784158	12.774878316252051	12.830231709937475	12.864928552161842
1.7784100675331767	1.8248540135928413	1.8991212947990979	2.0175058924513856	2.207851046993905	2.514365841176443	3.0085589357613456	3.7956292440702364	5.014573598635301	6.774170420774111	9.024010586400054	11.410839270234941	13.416710454664088	14.770287516160122	15.57102378056261	16.03729978689287	16.313156903352635	16.480532389660034	16.58378573779772	16.64896408129097	16.688707130490073
3.760781930801285	3.8301498061462094	3.9404702543821277	4.116264849992486	4.394228389573398	4.837010034449249	5.536590052625926	6.626613535463686	8.26801915032154	10.577654125548287	13.45972360391496	16.454223261596173	18.927990609190573	20.574730915011443	21.54309209293283	22.10178798604281	22.43201720935698	22.63216954696839	22.756395823661745	22.832563485922655	22.87988471144398
7.348109062529628	7.448975688077653	7.609343060805284	7.862906074396424	8.262355963164907	8.89056679442444	9.873458359873947	11.380434155129972	13.611447800195107	16.690770283917793	20.467768368863478	24.3326597760136	27.48043308676945	29.553160035594402	30.760741068492845	31.453949763979715	31.863219731006883	32.11116833040118	32.26363575379108	32.357790776070125	32.4163386347527
12.844570301374192	12.984207434666871	13.205343886810377	13.554815252268204	14.103163799993684	14.962713986009954	16.295820038595718	18.323398460877385	21.295908711998884	25.360617707244604	30.303081971915194	35.32771781763243	39.38514227247519	42.035830444955906	43.571605006547806	44.45054120682241	44.96789936650477	45.28116569716701	45.47258636254725	45.591340651100225	45.66528068054924
19.552642029660962	19.73341551354912	20.015290486514598	20.462845090115756	21.1674148175567	22.265197454580342	23.96672508617786	26.541976856045533	30.307008686553367	35.448212361739415	41.70530029085453	48.080407467193574	53.24052920662917	56.60343764776767	58.5484305393282	59.65993260209723	60.31302183113717	60.70965256260874	60.951749163003505	61.10216950336184	61.19544778896048
25.79373856674755	26.005640653597865	26.34147113395477	26.870404339351325	27.70034774715026	28.996160609288104	31.000212824503297	34.033080376091185	38.46584592552575	44.53482276310175	51.973519533892386	59.63021778680556	65.89272178096346	69.99784054652068	72.37883662008441	73.74323666802555	74.547227933828	75.03389409085703	75.33270637583826	75.51751040180388	75.63238486671563
30.30745658582002	30.54090754116577	30.9095604127752	31.490993127194233	32.40410048128568	33.82953535072375	36.03127233274908	39.36687913675705	44.245705452543376	50.94767470969205	59.20778878357194	67.81009296122332	74.93938789042494	79.66376587672903	82.42268495379196	84.01149154807479	84.95011221830184	85.51879985133687	85.86864145664029	86.08563961787549	86.2193708401809
33.104088551778496	33.34955551957423	33.738047117085095	34.349503671966616	35.31114433586103	36.810233019635206	39.12840732737724	42.63874007661336	47.77968356421074	54.8487372938691	63.61072413048831	72.8049405621292	80.50754003810239	85.6641435201166	88.69691504624727	90.45107248135545	91.49039762325934	92.12213886003359	92.51080072956564	92.75191285328232	92.90174539456049
34.76687895053129	35.01966827523661	35.41915063730081	36.04803874505503	37.03684702414678	38.57859432938676	40.9625099255644	44.575081322891215	49.863717456051795	57.15075435157562	66.20674873577335	75.75887958709173	83.82045585423562	89.2585110754935	92.4773800914313	94.34233324189094	95.4531646937483	96.12850836575277	96.5443681402192	96.80177238473976	96.96203210405281
35.76805843422945	36.02505581422203	36.43047402389713	37.07068210741804	38.07590032244262	39.641947156196935	42.064987279040615	45.73537719585686	51.113951813028216	58.53112498531397	67.7629766063916	77.53445240816494	85.82154043498596	91.43990913824746	94.77783238657896	96.72028071209756	97.87739582530628	98.58230036115816	99.0166771840069	99.28630856684653	99.45370205527448
36.38141491503092	36.642268699955665	37.05023188357975	37.6980540280398	38.71098224785749	40.2933545075468	42.740962844735776	46.446485557084465	51.87863851343805	59.37317424197362	68.71425505495411	78.62181638676591	87.05081282170087	92.78483182953973	96.20109481482159	98.19353249768099	99.38105563199572	100.10597017415238	100.55415943143419	100.82941410940738	101.00216514891801
36.761037254819385	37.02390517650942	37.4339153714779	38.08354561966019	39.10346755132635	40.69635690184926	43.15605188146466	46.88543256146374	52.35063037176623	59.89392621773569	69.30188343252885	79.29414492947502	87.81276647603144	93.62013276526531	97.0864885324139	99.1106460953331	100.32133734838477	101.05675481634523	101.51138384491941	101.7937487273803	101.96948359499233
36.99736722754417	37.259551902721334	37.67292847408705	38.323655000296164	39.347742171977	40.945599069759496	43.41572942248923	47.15852474188696	52.64389731247143	60.217726785907054	69.66870604393976	79.71222645441303	88.28673599597239	94.14134997006026	97.63922926879052	99.68433538107757	100.90592491858833	101.65108381530021	102.11151463816653	102.39672723681292	102.57519563759473
37.144695679929484	37.407080163206	37.82008011803338	38.47360856220974	39.50002327581916	41.10144349611962	43.57749781037466	47.3286423159106	52.82766275279534	60.4195317772532	69.89524418551505	79.97294353914664	88.58238470402678	94.46719878052733	97.9861623233133	100.0434394660634	101.2726720465593	102.02379218391093	102.48719224597873	102.7753596471803	102.95470959148005
