0.0018913318417298672	0.0017703153179485012	0.0025320209986331	0.003778774333392171	0.006025941616217464	0.011242290496755543	0.022977874925017204	0.04741044443361314	0.09945618969582176	0.18054458375421445	0.31240154838498646	0.4831663054007276	0.6539193749795333	0.7882757548223773	0.8779327919485915	0.9319154008288257	0.9623777913875053	0.9826229728650595	0.9946185483848928	1.0028957403053589	1.007240818610682
0.002919085357166757	0.0032267392556139946	0.003681994158533791	0.005297940928862946	0.00760074645301973	0.013734648469716905	0.026342272531869316	0.05234940639479368	0.10252310399905493	0.190574702499545	0.3267843107722521	0.5014371948698634	0.6756127988456764	0.811999182845969	0.9007383368486462	0.954728970934413	0.9884362824867611	1.0087237409400527	1.0206104492518269	1.0288199691602349	1.033696155926199
0.004296720689773798	0.004860207166855469	0.005662971206967908	0.007362183579415729	0.010966506393849827	0.0182469863601897	0.0332811451196001	0.06152737751547664	0.11606471898832532	0.2075752997031457	0.350395609958196	0.5312650578925713	0.7103364321398715	0.8497482344701143	0.9408621150591334	0.9958849984504088	1.0292653794856832	1.0500731088690056	1.063186596849298	1.0712241249948637	1.0760944365906473
0.0075375013174221045	0.008308245330829191	0.010163173399687869	0.01273103661130474	0.01805930596541135	0.026598740726760037	0.043957275461434756	0.07615388226262841	0.13642610756504037	0.23642417071555868	0.38911691687985317	0.5811167354742593	0.7675852930929951	0.9116536285892467	1.005880534515934	1.0621725342344825	1.0983212637035782	1.118459036079037	1.131776053428851	1.1389806560106273	1.1449146290980874
0.017663318524903788	0.018414992604776605	0.020621302582522236	0.024224657047551168	0.031152226499422397	0.043286766475015004	0.06427595144452335	0.10330503181456524	0.17124067837776658	0.28465601354620673	0.45427883371639854	0.6615810486695692	0.8616943575769759	1.0144042214511315	1.1127990265176437	1.171665508965621	1.2084957083481767	1.2299764739717147	1.24425817335005	1.251633568188122	1.2598387354480396
0.03849581567725206	0.04044108503080138	0.04354380325591827	0.049826271380876114	0.059612266306586045	0.07599292975970118	0.10396922585697692	0.15268721865298246	0.23500743475000113	0.37122071421323544	0.5668290858774452	0.8000725135980761	1.0202864444637185	1.185521582685959	1.2917856876851457	1.354747195654298	1.3925810565124452	1.416575935744736	1.4307152838155655	1.440079345378718	1.445656337853206
0.08766724927469327	0.0907061669635373	0.0965045295813543	0.10505609470825145	0.12069053196010636	0.14295379576122447	0.18108693474131596	0.24633995185594515	0.3557993241679577	0.5273912991603951	0.764433291020753	1.0383480009790207	1.29098115290618	1.4769432586916027	1.5938516207944662	1.6638821860208037	1.7060313127789226	1.7320384096604575	1.7475918714627507	1.7575670122494413	1.7634428940415807
0.1976259920722464	0.20284905661486013	0.21098296898509653	0.22425873119109763	0.24569839162806628	0.281327051647505	0.33903094154030433	0.4340501735633274	0.585599083557015	0.8127495453053365	1.114871747469395	1.4524034733155906	1.7551226523739187	1.9734226368600252	2.109233471814739	2.190214304259599	2.2375024718144974	2.267312722543948	2.28574296042266	2.296362559327092	2.303477381909775
0.43585897115275535	0.4442625455793587	0.457721580379855	0.47908117161083125	0.5136462320411669	0.5686935399930992	0.6570870668375728	0.7972548460025956	1.0125609330364131	1.3237302778323516	1.7244138278520336	2.157918131318897	2.537581263469666	2.80609910393982	2.970290602270444	3.0663072847105095	3.1237355758181846	3.1589752373118802	3.1804689163757285	3.193757903299772	3.2027897969711523
0.9054468718708055	0.9185538472472304	0.9396859456195281	0.9726625963577558	1.0253544447350886	1.1088556947429544	1.2402687326367514	1.4443139993076652	1.7501185850656897	2.179911532439406	2.718897089369674	3.2892936212441035	3.7784806595488654	4.118530436831019	4.324480337060515	4.44454061156564	4.515628663992266	4.559826058028979	4.5855338542674735	4.6018053636689435	4.61220177314738
1.6824888271966705	1.7009496703544806	1.7313492861814233	1.779211108061527	1.8548717219298152	1.9738070350948447	2.159318788717097	2.442725309970014	2.8619735147817016	3.4396592628432043	4.151134645338825	4.892470953459554	5.519715640891107	5.952283184106283	6.212721732461418	6.363763761900394	6.452765353007292	6.507082339722965	6.540451346850837	6.561234660322991	6.573714014458249
2.70560578068444	2.7307982507060076	2.7709371432328536	2.834172254136529	2.9330620017002493	3.088672848659922	3.329892177268448	3.696095464158827	4.231370092448253	4.961859117719505	5.851509893731734	6.769685248158471	7.54369828591926	8.076318394587787	8.396137653641054	8.582471011586112	8.691625794634579	8.75801808711567	8.798955551621493	8.824387535828011	8.839937224011365
3.742809015159152	3.7731180879629447	3.820825126183772	3.8966298969503272	4.0157089749680015	4.201286610585482	4.487582175594535	4.921892222592776	5.5518001230068	6.406046235250479	7.442615087204273	8.510614285221585	9.4114006157332	10.031340570042804	10.405680344210626	10.623036764607685	10.751237110280213	10.830071473060507	10.877451713316411	10.907136107268181	10.92528577092239
4.557838808179156	4.59162194500589	4.645326082731359	4.7283410604913465	4.859750505790941	5.064172202950374	5.381402822520499	5.858595142520167	6.552602871586576	7.490693396755778	8.626625142530262	9.796888542219609	10.784675990762086	11.468864274272388	11.883610587364299	12.124782756202523	12.267672376255675	12.354489887635477	12.40802792104512	12.44112219797793	12.46174325618028
5.092483998145499	5.128910156809231	5.184465486762418	5.2730206358266045	5.412091085612644	5.629165967375249	5.963361321641235	6.466229124567143	7.1954663702827055	8.182727912460598	9.377869916659536	10.609338279134068	11.651092267190984	12.376246124813001	12.81765546535404	13.074011010926078	13.22669161984589	13.319336076567907	13.376419931840942	13.4114529900605	13.43352017946108
5.419548235050325	5.456093700448566	5.5139852831248755	5.605649588939108	5.748140875013602	5.971529888533327	6.3153935708866715	6.834323746192066	7.585283366334315	8.60051202244385	9.828916584145922	11.096368696576679	12.171225890161608	12.919610328961937	13.37580567425473	13.642922455539988	13.80128249014865	13.897529241970314	13.956598234794063	13.993312293989309	14.016099358233262
5.618381532564387	5.656711338464066	5.7146150478926705	5.807615638707624	5.953397014177968	6.180051812110652	6.530831594632932	7.05763113086125	7.821492212927812	8.853542075857222	10.101535349021402	11.391456375628286	12.48371759094658	13.247161271796765	13.713458326461929	13.985887816968319	14.148309386372206	14.246128894993578	14.30676619615102	14.34536392395694	14.367408323537155
5.7430080974858	5.7792728609638	5.83934028575591	5.9325582228789715	6.079668715326569	6.30896372562597	6.6623883769093855	7.195169233709686	7.96661198695791	9.008761318218411	10.269703946697831	11.570276232383167	12.675375730176146	13.447844577680288	13.919890727639316	14.19593067310512	14.360478417631526	14.461009388008469	14.52143245434555	14.559149414870568	14.583230999161692
5.818778120540264	5.8598352936606375	5.916054494838626	6.011179989185891	6.158718117750986	6.389871721118782	6.7450510050539485	7.280734367251409	8.056790923352253	9.105173331916365	10.373423852276852	11.682321550951741	12.794309550496578	13.572316813490339	14.047853466240419	14.326167026672486	14.492153524518738	14.593919417408674	14.65409300259768	14.692743175317377	14.716254215628922
5.866193668265579	5.904741963607625	5.96418762618933	6.060268204673395	6.208245034306485	6.438990333675843	6.796248172164889	7.3342918673931985	8.113081628656966	9.165322087851052	10.438293994891993	11.75166328106917	12.86876585953468	13.649666946682029	14.127370182327786	14.407199629692812	14.574026132895947	14.675002404902166	14.737332950698736	14.775294316968385	14.79914467464858
5.896100270621039	5.934224503459671	5.994277672087368	6.089173929711794	6.238617119974245	6.470856044483553	6.828601943635332	7.367897135435989	8.14830652873504	9.202596459034245	10.478178957810078	11.7951345802477	12.914573288746695	13.697730822202026	14.17746699517874	14.458153398350607	14.62494206267753	14.726327942615825	14.788173242048572	14.827300039774169	14.851373886877969
