0.0006018895807737781	9.441243290548556e-5	0.0007057334859170067	0.005027905763956262	0.01967730375135037	0.06025497001692955	0.1599554708726509	0.3813677146954055	0.8246721727937898	1.591684380867701	2.695928152270985	3.9630109482795963	5.094896822949869	5.885740618094635	6.35526844864097	6.6254427633772055	6.7831866822822455	6.885517866687506	6.950474373985791	6.99543384307841	7.026749821334791
0.0034303326191324596	0.00161318821846213	0.0001808173460341957	0.0012865453695240776	0.010887920856072686	0.043594603454729645	0.13079135264575048	0.33463113811003203	0.7530212544579901	1.4829989930849474	2.5447509381357807	3.767021744417425	4.859362842189929	5.621613433331247	6.072421170384146	6.329254183259623	6.481066505771386	6.578137669166952	6.639455256923215	6.684629601124001	6.713991485606181
0.012774907302940822	0.008979431421857193	0.004387155877363693	0.0005227397949501354	0.0023213691103946793	0.022859355215416707	0.0917046800116327	0.26755291845463425	0.6435709413433818	1.3212461249403327	2.3164907214577046	3.469758022311355	4.50122549681355	5.218603236311921	5.6416449021759725	5.879280242752972	6.028396552124685	6.107328449893393	6.165443129389653	6.205501904858565	6.2345503010616605
0.03951760184274915	0.0326698025115632	0.023272853728208462	0.0118484216419935	0.0017695401144538815	0.003796443531685817	0.044490563096867206	0.1774992060561386	0.4924757241007861	1.088589872010623	1.9807042429855728	3.028168621757196	3.9681248104247584	4.620534380762882	4.998151060744224	5.209956620149928	5.332224557930245	5.41051714036994	5.461687770308618	5.4964023049804	5.520838030779502
0.10979053448688972	0.09876741024317326	0.08222607649981759	0.05959948435266884	0.03188442468915921	0.006333817748190713	0.004621809212121804	0.07456797757897267	0.2971370427999386	0.7675150081996578	1.5115282977739857	2.403505446027254	3.2090642852497604	3.7630679003357277	4.081102234756401	4.256311343921865	4.355368091994751	4.415954704972929	4.457067531589574	4.48552072671172	4.505179003548487
0.2852253302988326	0.26748959660332483	0.24084160086719233	0.20250970624909195	0.1501568310898013	0.08604434449144405	0.023798830760637678	0.0025451703739993795	0.09407656139072697	0.3870693589738037	0.9178519731928876	1.5889456132014628	2.206617509892455	2.629194633279674	2.8664836615080134	2.99149475993661	3.059887743357473	3.10188212224443	3.129925543962387	3.150095507089788	3.164124511405605
0.7031125101421373	0.6771867746382342	0.6365842341415436	0.5776163073032058	0.4916921003644578	0.37635898432497333	0.23443043046127363	0.0922229861786561	0.007243243675001894	0.06327351120995742	0.3096773028324397	0.6941733229404613	1.0740759903534423	1.33704015343564	1.4813422056460943	1.553246264973866	1.5897230878574888	1.611171648483531	1.6257332190181315	1.6362691606278783	1.6441109145178419
1.637453364574442	1.6019811413537188	1.5468017908584637	1.463566191818936	1.3396820578335162	1.1641084477360544	0.9301536510072101	0.6463273432822761	0.35646452248292837	0.1343277946597121	0.05195180750950678	0.11499622549693883	0.24664441907611862	0.36199688429943816	0.43319169663314167	0.4710842199560314	0.4904647280926185	0.5011145758395892	0.507803102159058	0.5126006992161131	0.5162808416278932
3.566188700511988	3.522937960611171	3.4563840173231113	3.355598957581708	3.199208855199223	2.9740295244092834	2.6627413109767013	2.2570048992396288	1.7884174714141183	1.3261902400642667	0.97036969393545	0.7925209749551742	0.7807580523204903	0.8659584643270708	0.961947830620699	1.037071284085123	1.0879653059662207	1.1202007165906047	1.1396664780387775	1.151361899439497	1.1588397601330547
7.100911075977359	7.058719722948097	6.993367093177342	6.8931440301194105	6.740033499929061	6.517340214875001	6.201483958107822	5.787005749666319	5.296566048726735	4.807618883147849	4.450204843583114	4.358551607578543	4.547359068899824	4.901522662468255	5.2482788175082264	5.513352314494548	5.695709321234992	5.813330665711655	5.886696001044949	5.930597587016406	5.956864238458096
12.565321329005412	12.542318969918936	12.505997131404408	12.451564084950228	12.37056204176379	12.254481514788523	12.100611516470378	11.918047750357745	11.752242582033752	11.708313274337057	11.944317669579029	12.599800414002521	13.616541010593275	14.738865773062583	15.674992362167059	16.341851589815914	16.78553863305417	17.068714625717202	17.246960929128214	17.355494366261187	17.421027949380587
19.278119566085802	19.296907224523107	19.326854342287625	19.375528385484447	19.45460478296572	19.582412560679046	19.801028389054327	20.170416096208996	20.798062879587523	21.835136735963157	23.45734314218081	25.693953742246663	28.257464808608404	30.629626457413735	32.42292726699773	33.62612593056008	34.39839600009314	34.884956620976624	35.19373553974139	35.38208600107301	35.49708078592684
25.558997150998373	25.634461621298378	25.753834749116074	25.943360966253035	26.242141457766774	26.711457613679986	27.4492969954827	28.593045923789774	30.33886211526382	32.90548814410269	36.43802300928457	40.7589322011189	45.19433323482668	48.901951962899346	51.49992319579112	53.152270728619726	54.1819614743573	54.81586720118801	55.218383644360294	55.465768871440915	55.616263100901044
30.13131524815448	30.26216074625522	30.46879628152566	30.795174133850267	31.308523604775434	32.111650825796566	33.361130870862524	35.27425805929426	38.13240132173912	42.21046818948116	47.59451162590151	53.837396573816946	59.83764937339393	64.51013516597813	67.59087161983942	69.47417313700984	70.61690703565147	71.32042829923846	71.75952308007406	72.03046541102343	72.19445210609783
32.98161117958881	33.15631070580557	33.4317874777467	33.86689292141628	34.54998265882137	35.61768994900882	37.27290822360228	39.79585006747912	43.53460256982905	48.7997531188641	55.60149382891493	63.23945831972009	70.26483555275487	75.47005309787335	78.76262741478249	80.72892722463828	81.90753774874021	82.62988904058362	83.07960908997215	83.35673698474923	83.52464666832182
34.68614051843569	34.89083000948482	35.21565734931251	35.726656173140306	36.53029186167545	37.78472414321403	39.7275565906541	42.68189315002017	47.04347944961879	53.13486431693141	60.90531944487479	69.45233883436276	77.09978916487484	82.58989681872609	85.97570540577168	87.9746231026491	89.1705698846196	89.90253552632487	90.35716695725554	90.63753640404077	90.80882447863212
35.715081113306695	35.94120703097456	36.29785027299495	36.86125146560549	37.746308659801805	39.12621958179396	41.26085199227867	44.50488917274899	49.278760477358276	55.921864905300616	64.32501910352967	73.45391670979232	81.48050129623691	87.1324650070729	90.57545042081966	92.59822997497122	93.80614735079227	94.54573129665006	95.00431373747345	95.28798298132621	95.46124084909353
36.347383638281194	36.587082275976755	36.96493924411693	37.56369034857814	38.49930506209126	39.96106636356294	42.22389654607851	45.655301838862776	50.70064404890285	57.701258037722106	66.51213124338749	76.01029956938213	84.27420356315811	90.0283477277833	93.50720881140529	95.54800296872988	96.76643157105907	97.511253276604	97.97331023747094	98.2596007054141	98.43456320795353
36.73937668337072	36.99161900265827	37.38163073259427	37.99803216702816	38.96863029660995	40.484948812018324	42.8275627318846	46.38272188502888	51.600814543247054	58.82910591195724	67.90109960980708	77.63371095795814	86.04721990402426	91.8664257051462	95.372251737946	97.42438953312688	98.65166276624171	99.40126555732489	99.8657186948443	100.15327628644476	100.33257103287968
36.983613972748195	37.23746344367996	37.63850855388254	38.26931370900714	39.26213608357339	40.8113998629143	43.20678505897301	46.839817057962485	52.168340944316874	59.541939132565574	68.77891641334655	78.66089283242738	87.16755502465601	93.03009377619186	96.5511366505635	98.61326496689578	99.84612394047451	100.59900273942311	101.06560070794022	101.35363391015802	101.53265387321134
37.135980962591944	37.393288876002146	37.797948630399	38.43917580680395	39.44578260567766	41.01656695382553	43.4453041778847	47.12613911731053	52.525489578406095	59.9914723563262	69.33208557856824	79.3066461452847	87.87434813665448	93.76206640946282	97.29544253806945	99.36422297178387	100.6008951729285	101.35630558308523	101.82359351992504	102.11329142982001	102.29295962503824
