0.0091256512714624	0.016558552268014448	0.032627809804047864	0.0682743673810141	0.14724954738217708	0.3252892668609955	0.7110769050375348	1.5038033477978454	3.0037540472977833	5.5024493999134885	9.00227723671775	12.93831584258991	16.4018049248632	18.81782260713236	20.275484031155457	21.123161184665904	21.626542778026355	21.940874347333544	22.144181416275433	22.276113923879286	22.362805452134577
0.013017677539582665	0.021691010096005676	0.03965735932087311	0.07825226676800039	0.16176229191267197	0.34583490421257346	0.7408853884754344	1.5473654300415165	3.0634874934190073	5.581831427557425	9.100219348015461	13.052865210239641	16.529104632728934	18.950289316039772	20.412388889460882	21.261840153823393	21.766619020148504	22.08237127863581	22.28563768087926	22.4176040262148	22.504568758892788
0.020511921591863668	0.031086948168823195	0.05204286940600804	0.09480424100428796	0.1857251874417279	0.38018710705617387	0.7898911465932487	1.6167226111120345	3.1585823508461393	5.706403833904208	9.255758955227096	13.232821978795526	16.726924697937857	19.159903052496393	20.627737258775166	21.480133575311363	21.987108582131036	22.304423640545632	22.507881466587776	22.641178124425597	22.728782018764292
0.0355134684121653	0.04896434615110061	0.07464019732442782	0.12418632320466085	0.22593691388100262	0.4369556485008394	0.8692179337761093	1.7275281147717751	3.3102446340002984	5.904016470359397	9.500695682079659	13.51666848862561	17.038898168379983	19.489307283945976	20.966106510821444	21.823183275446528	22.333072122992945	22.651703698915174	22.857176120752385	22.991336576917952	23.07944108406722
0.0665775161016368	0.08465604520830664	0.11690617214030984	0.17766474568278928	0.2964235664786921	0.5313679249006193	0.998669346566644	1.9055760453925388	3.5498749654428345	6.214992989508891	9.882032081962157	13.96160785786413	17.52562495988078	20.002634718735308	21.493320748126333	22.358699042409594	22.871790844894786	23.193414925894743	23.400285683325862	23.5360305632539	23.625620837629484
0.13121281680713898	0.1561632837095266	0.19937632435842334	0.27616208624455285	0.41984075624127565	0.6920855924952465	1.213637504715258	2.1919419680723786	3.9277926650939654	6.700080999323444	10.475009621157868	14.646987450516614	18.277155034320185	20.794383909973373	22.305382193501654	23.182032868452207	23.70307222436674	24.028589458877082	24.238461247699185	24.3772113227694	24.46703812526347
0.26694747232260346	0.30224575264703796	0.36097002185640376	0.4609707096176986	0.639864738875742	0.9657704145455062	1.564060923411822	2.648760890155547	4.520294147575855	7.448144347756564	11.38266787935643	15.690672860154383	19.418231090013084	21.99469231631352	23.537664230296226	24.430734684078455	24.961159662283205	25.2927200632114	25.507405195802207	25.6481295915369	25.74112457697028
0.5412677827539387	0.5898024315972958	0.6695537987098121	0.8028475543957337	1.0330967104652349	1.4328972521360954	2.14001418961359	3.3717229092269174	5.433472738332688	8.578538029879057	12.736405143522086	17.23629042539425	21.102291376693906	23.760337848583113	25.34843048653995	26.267185628217582	26.812170564809414	27.152447290192725	27.373287059122713	27.518622543626133	27.613504999505878
1.0531501773250311	1.1199924976245883	1.2276256060338246	1.403895132054211	1.6986788236416483	2.197651637305592	3.0434159252335093	4.470013757032817	6.777970805153136	10.212811076006616	14.665556469212712	19.42110327379252	23.47440885048873	26.24091415482752	27.891071516193875	28.843947392582916	29.40805093641084	29.76089601349665	29.989818938021685	30.140907405844718	30.240855936518933
1.9076162756009725	1.995958629917141	2.134879984226467	2.3633864332489294	2.7351651116256503	3.349843401766883	4.363797372920906	6.0207588079002985	8.624952595589082	12.406511320540242	17.216622046689665	22.28395235980402	26.571094522019738	29.470445993698075	31.200099621519577	32.19456068363644	32.782662487511715	33.15080541570356	33.39104638143505	33.54806082580695	33.651596479381695
3.1097740864801544	3.2206430002401323	3.394493593582583	3.6743817591337034	4.128391396416779	4.863594397875457	6.052025308539129	7.951061811546408	10.868194616231397	15.01945968283216	20.2092777256369	25.616951660480577	30.157997887852563	33.20650433973348	35.02338548014327	36.06668822257582	36.68310851807132	37.06833901506011	37.318081495053406	37.4851825224937	37.5943967842402
4.472326275195184	4.601111311312743	4.805381239969888	5.1333417175213425	5.658419309620412	6.499305869230855	7.844519131009708	9.958130304269998	13.155533527879511	17.63690795417703	23.176892222035377	28.89948387966658	33.67250007515628	36.871874413191534	38.77537668316447	39.868170142539284	40.511703088035375	40.91470957658153	41.17792502724343	41.35056735235239	41.46493429019894
5.682966220448116	5.825371731433708	6.051980470385018	6.413063046822809	6.989677153308643	7.908837998301357	9.367887737292229	11.639809207819846	15.04936718643467	19.78722323217468	25.59097361164339	31.553312509058983	36.503958699329594	39.82600935751092	41.80252302289699	42.93843593913834	43.60426713174471	44.022856801115736	44.29790881640312	44.47879072962391	44.598014394847894
6.528870471262412	6.679985677719218	6.919987203742978	7.301493355926638	7.90940564130348	8.875413116001852	10.403454443629439	12.771254507957927	16.304058803362317	21.18704849889948	27.157649623476367	33.2767561253684	38.35525164274267	41.75852673858098	43.78374198488434	44.95067839753223	45.637245749120716	46.06774277047891	46.35313954799453	46.54565941310803	46.672772849479905
7.0342740739154594	7.189478062886049	7.4364086896625246	7.829100940358064	8.454573913495448	9.44683115132211	11.010756157896617	13.433064691466413	17.034819429014874	22.005784948242002	28.072290651735834	34.28246038268513	39.43165349598356	42.88872182218674	44.94490509586641	46.12979237175365	46.82834604812585	47.26830818595389	47.563026919019734	47.761262155322626	47.89499616110164
7.325579203850943	7.48335595463475	7.734351155851198	8.133302675295162	8.76698009564777	9.773766010184065	11.357821811820248	13.808132798530984	17.449904099047295	22.46743231622425	28.58664379371623	34.84922110204183	40.042530239857626	43.52905868233569	45.604100933246755	46.80033595174531	47.50643184026593	47.95183756689318	48.24628160886785	48.44579938658703	48.577800251110375
7.498437621032124	7.657779093911219	7.910624255139013	8.313206495809832	8.95165403890627	9.966013297635513	11.562508059602418	14.029341131052737	17.691677931379672	22.738234849574752	28.88629179802023	35.178087684131135	40.395077306954654	43.90234944161062	45.98868500333484	47.1950097673566	47.906206710405755	48.35323150798391	48.6478049486838	48.844478677339964	48.974459938938644
7.608718071970117	7.7689688701026896	8.023676080628869	8.428073583540074	9.070591415200235	10.089364301221126	11.693218322739424	14.171189181590867	17.847968839227278	22.911380545449983	29.078256031823315	35.389126259251604	40.62269286415484	44.14228985324687	46.237734327464366	47.44614169370262	48.16275016079207	48.60979040832172	48.900976237132745	49.09378607810478	49.22211723420544
7.682323497351588	7.8428569177893515	8.09884056886789	8.50422192530624	9.149632187420433	10.172316625631698	11.78132850841252	14.266081523165424	17.952991613070683	23.028213451509107	29.207708115396496	35.53205951958099	40.778863840039264	44.31037027215976	46.413681997680186	47.62337727261431	48.338441169390755	48.78276316407915	49.06947187519866	49.25973831670736	49.384749401285944
7.7317723141795875	7.893629167686637	8.149997232490595	8.55650770958207	9.20385792254233	10.228525694051273	11.841474682490338	14.331584147010343	18.02598213303693	23.109475443358072	29.29730059120026	35.63129290186502	40.88626817294371	44.42916827644651	46.53815432644663	47.74844499424011	48.46128825637592	48.90296336847783	49.18626698460031	49.37239851191545	49.49506190276275
7.76545502269057	7.927583430708828	8.18437027546453	8.592200031951103	9.240653622872657	10.267519083518156	11.882314175307691	14.375756438107022	18.075791172626577	23.164625876593778	29.35929092322923	35.69831330331208	40.95844103819587	44.51002576501177	46.62491228023133	47.83535114218184	48.54630492484321	48.98458352457286	49.26623643291105	49.449349451481304	49.57191738121609
