0.0007955404211482408	0.001189415390877732	0.001517716518443841	0.002358923187946498	0.004482085750255885	0.008846600581158652	0.017898367739464842	0.03678039185441283	0.0716062130428601	0.12924688974641657	0.209064007571975	0.29779981718722287	0.37476632342677674	0.42619133628215866	0.45626081845161726	0.4725031894116198	0.482261508733175	0.48843625076425634	0.4923467717608847	0.49476213140356545	0.4963846280031874
0.0008808698411112142	0.0014320512352325456	0.0021214854716592457	0.003047657074558357	0.005359721870601757	0.010160507359634745	0.020062746609237025	0.03961003772246962	0.07567855790421911	0.13460183755023475	0.2158543222487782	0.306333775323305	0.3849121617853288	0.4375799844164708	0.46800895101738554	0.4850886184031215	0.4951204883716851	0.5010015502822488	0.5050428024549356	0.5076749079603152	0.5096972630234646
0.0016772730074785516	0.001998360833978675	0.00279663910770492	0.004364043834306688	0.007068124630410509	0.012614700363195985	0.02304557854683452	0.044141780131957006	0.0818465475541916	0.14329714316710965	0.22818613517628736	0.32030277074086944	0.400578106112246	0.45555749807742385	0.48692328377346705	0.5046658959214488	0.5152957991602848	0.5222678901393845	0.5258290209050998	0.5286944973673515	0.5304868865458068
0.0030479434146409856	0.0036188702423014816	0.00454771355732529	0.006220759912291574	0.010229744142235174	0.015813982734507945	0.02827424676241918	0.05128577770314263	0.09256507070632772	0.15756405586721675	0.24571572014517723	0.3426059114259486	0.42675180644268884	0.4838822227225524	0.5171600274553864	0.5363567778125498	0.5477436155530183	0.5539047418476586	0.5591298438482384	0.5614969480885131	0.5632446810947631
0.006607119340702578	0.007395021223626272	0.008006779048064159	0.010599776525069828	0.014968997727102945	0.022477617702034332	0.036811080089673924	0.06297134748638292	0.1085168266693306	0.17961333319738623	0.2748232723576656	0.37844303524676426	0.4682518708245887	0.5296502292398495	0.5655587121625849	0.5858990910051812	0.5980560073433838	0.6055005158189963	0.610785998878599	0.6138903048851954	0.6158018780502932
0.013038085510695064	0.013981798902799854	0.015478687382393042	0.018950340852664307	0.02486596486854453	0.03461681890441776	0.05252037164818679	0.08395378622592273	0.13619871154331933	0.21646777548739818	0.3217869791721348	0.4360738548881695	0.5341054394542635	0.6018072502373253	0.6416210852501287	0.6656589264903616	0.6794970001566456	0.687304065457153	0.6931391930984931	0.6967108031933211	0.6994464313873854
0.02671409432482277	0.028497395491198563	0.03122417839920554	0.03581285086050625	0.044249384515049346	0.05775916078827979	0.08050482393080535	0.1193062715887649	0.18249723067431162	0.27713427239908367	0.3986258062813979	0.5276533395775949	0.6384768526852002	0.7150296540614519	0.7637484191511844	0.791142625499082	0.8056163501993402	0.8156323708297984	0.822267575314015	0.8266260002625626	0.829009985661984
0.055427068921361455	0.05767077672978847	0.062484620933280756	0.0689204777975928	0.08017265278175402	0.09873271920696254	0.12966680642522826	0.1797338917592765	0.2583483199521422	0.37270253688880295	0.5162999691286527	0.668974976823189	0.7989918231605406	0.889410621516346	0.9458410411198173	0.9789754638512224	0.9987355694353837	1.0116979267774402	1.0193395268336418	1.023992297872143	1.0269951068041616
0.10865602834355353	0.11215399812463211	0.11803322764431817	0.12799450530189835	0.14372678085091692	0.16951410784189053	0.21121115190249184	0.27701027374536924	0.37763918048912526	0.5198912553395293	0.6958890915330088	0.8789842674424728	1.0357730316583456	1.1450928795064472	1.2129746132398547	1.253670883881925	1.2796884809636846	1.2946514592857268	1.303969608428112	1.3095264865915324	1.3138687218612113
0.19476440148244437	0.20063480793215846	0.20918794033525595	0.22298056720049084	0.24451243082499935	0.28027851937936255	0.3351514040429046	0.42125208042468026	0.5504855218724346	0.7285279478350167	0.9439858849512605	1.1671279024885068	1.3556970046354602	1.4880697616476435	1.5694737290215781	1.6193107867483558	1.7222136069423835	1.6667343296634654	1.6776536630406969	1.6851484061053361	1.6893848942734557
0.3140823239384115	0.32112062295650623	0.33259984914406693	0.35067764513903554	0.3793777226784913	0.4250145389452329	0.49684302151960985	0.6055187000356234	0.7670650204161606	0.9895029155442149	1.2559107993182266	1.5102193588240005	1.7327220920759063	1.887000264921707	1.9833312429498142	2.040936187536853	2.075489661363575	2.0954466282130397	2.18866439660631	2.1157081512839833	2.120879736055821
0.4444861000478396	0.45363880613863244	0.46763102181910116	0.49020603464797496	0.5259361048362773	0.5820995040923616	0.6692600973139388	0.8016860159832546	0.9934404335637115	1.249742894836774	1.5528654965188102	1.8567474209983756	2.1086409264114137	2.281621781357875	2.4639033898055143	2.4507901918660706	2.5769301919843626	2.602154538529673	2.617410811213074	2.6271060639910493	2.633382977290529
0.5563970171829424	0.5668534010816918	0.5829675415832684	0.6094007106941034	0.6511684349599832	0.7153864136042516	0.8161015481722507	0.9675285296331895	1.1850046410269868	1.4728695035303168	1.8102261016045718	2.1430195460023436	2.4847799329074682	2.684578719745564	2.7079579019507465	2.7716094259186552	2.80852892026233	2.830552139423542	2.8435963250808394	2.8512051708121797	2.8562335770155105
0.6306484226539156	0.6427401589762682	0.6604909016117659	0.6892969136826095	0.7347029015292864	0.8065714931659305	0.9158697296798259	1.080790466086346	1.316467177016545	1.626888270450077	1.9853482158368618	2.337169220271721	2.619427799629404	2.8061661877019697	2.91457770961424	2.976106893482108	3.0123395651634164	3.032701587731965	3.0450711828441817	3.053254641433156	3.058978027616834
0.6728590469928665	0.6848342462197152	0.7046611218815053	0.7352258548508811	0.783314197156946	0.8585551617346081	0.9748382622964122	1.1487921910360404	1.3962795038072149	1.7201203474513849	2.0938232945645137	2.5408595744519333	2.7396769090169566	2.9260260761814765	3.033725560335536	3.092690440194615	3.1263298482248016	3.1472164023650775	3.1580011185821215	3.1659164910585345	3.1711191019875655
0.6958681829835845	0.7086861366894603	0.7289047097334413	0.7604422847955637	0.8106468420865838	0.8884978248995377	1.0092992383685235	1.1883745162067891	1.4438428961480012	1.775275603901441	2.2422160547596177	2.520365066109213	2.8081889496987573	2.9934079446654827	3.0983646043165973	3.1587939557593265	3.1900962484394784	3.210866584578785	3.262286933740047	3.26691963463761	3.271390740117
0.7092978168725963	0.7221980003482711	0.7428522741735927	0.7752490914137707	0.8261461908457911	0.9060587018159684	1.02878374178604	1.212279766554018	1.4717378152958418	1.8090963538831777	2.1925225469907326	2.5601806329161505	2.847666963111938	3.0320172743376657	3.1352506950642027	3.2047463924081177	3.266581744139504	3.2434351024181876	3.2544219067784566	3.2615710603925376	3.2663758829104803
0.7176375713298675	0.7309097099706261	0.7513922751435711	0.7844251048504358	0.8369835130683767	0.9174689227621889	1.0417327837120862	1.2273790071164226	1.4899456865160712	1.8313201642334975	2.2159935888315876	2.5847479842701917	2.872838837516175	3.0559783894991877	3.158140025850048	3.2562294800582348	3.2451241711553855	3.2636925324600004	3.2749742273063216	3.283734841837262	3.2882993346429776
0.7232059260344529	0.7367793936517628	0.758080468159043	0.7913715966795339	0.8431318401853439	0.9247909924845987	1.0502824031242015	1.2374902939584356	1.501359713677091	1.8448189130984227	2.230722660284073	2.600200559053595	2.887569336469697	3.1269738032043874	3.1732113315679307	3.267873761236723	3.2588622955058293	3.2777456657878505	3.2898106997027323	3.2976589014242412	3.3029538273044268
0.7271404857623925	0.7406308601220633	0.7623867199739109	0.7951592680545057	0.8481686925380761	0.9300096883624073	1.0563570698179272	1.244011013675359	1.5094280161371423	1.8526064454032487	2.2412887212515265	2.6107559564263774	2.8986874656777912	3.0804214201712226	3.182412600050948	3.277519497445737	3.2690513291136787	3.288607644394618	3.299837968619966	3.307939965534245	3.344736405500204
0.7300529031431483	0.7434921795948132	0.7650709392891117	0.7985345650864712	0.851357983897994	0.9341107726475155	1.0603305730522832	1.2490271859691948	1.515009579401757	1.858819933674335	2.247657702519935	2.618486750763709	2.90550793445541	3.087985683507048	3.1894455816889558	3.2452287949366982	3.2760375543418245	3.2956092037215257	3.307104311190366	3.346679453542934	3.3518106332290234
