0.0016401691006098173	0.0017898834311842408	0.0025844331267677835	0.0033161684087201406	0.006175748411390385	0.011462012212016747	0.023420628802043195	0.048971392864175796	0.0974024913198935	0.18493859965910592	0.3211983849581652	0.49701466178602083	0.6731184993587661	0.8118342068154605	0.902796405772159	0.9583433637359546	0.9920746421088473	1.0137140860017575	1.0273177658490877	1.0342538206707959	1.0393149900027052
0.0024355873573000254	0.0025742829333956266	0.0036973340499419057	0.005510165633460851	0.007951975554383072	0.014026995036184983	0.02689640151393568	0.05370547050112329	0.10505047686673012	0.19536377041502115	0.33563094660273235	0.5155651400204229	0.6952287922561188	0.8365417540651979	0.9282388345881544	0.9843197258340639	1.018629229203179	1.0401907577614067	1.053111860223599	1.0609463646511204	1.0665349428898097
0.004395893002001061	0.004807857729042688	0.005656483716540111	0.0074856299564016165	0.011189603789409445	0.019117456753983436	0.033922078912660775	0.06283634613995963	0.11965838509789872	0.21278643569433983	0.359428804647351	0.5464294450109539	0.7309941987379436	0.8751221111929223	0.9692781884639124	1.0262186955429793	1.0613118464524018	1.0825305794284028	1.0959807760596194	1.1047796826638143	1.1097509924510076
0.007524567660614831	0.008639321727127768	0.010293744667734573	0.013395329689315016	0.017841499885804336	0.02698305259042664	0.04485731066869622	0.07825542420339007	0.13962958198335293	0.24168392648592188	0.399225568767212	0.5964524990624991	0.7893293977380251	0.9384434606718994	1.0360534877601792	1.0945421355601415	1.1304893806933913	1.1525744256223334	1.166187252361639	1.1747310402373383	1.1803091414315967
0.017355450080220814	0.018167017380860087	0.02122188745334973	0.024549767699242026	0.03163981254878094	0.04361396695764014	0.06600143595723669	0.10521323086400966	0.17482317889810403	0.29153674050377265	0.4658825463580853	0.679604457445111	0.8862451873940476	1.0436110979057998	1.1456637193339496	1.2068812870283736	1.244533129514772	1.2673779011315085	1.2824164711418014	1.2922278968913645	1.2965529040214836
0.038952655718219556	0.04093357471361258	0.044252423982416064	0.05054058551243018	0.06068602199415497	0.07657542123699174	0.10631036347498264	0.1553971318326696	0.2402590860452763	0.3796245673879193	0.5811145139046103	0.8213331636624623	1.0483947682104975	1.2196235087811078	1.3288863008005811	1.3948353471792518	1.4348365589779994	1.4590199574908047	1.4740438315900608	1.4836062284516345	1.4893324587494452
0.0893718396153049	0.09197000965402048	0.10109200398039606	0.10718972428064377	0.12227818370312976	0.1450088962904933	0.18410357792020662	0.25108070355613943	0.3631695147999955	0.5391865569959606	0.7831284273928665	1.0652019490027604	1.3256308756491277	1.5182647222402608	1.6395983280124642	1.7119047999830448	1.7556660958318828	1.7823926870822309	1.7989741232036793	1.809289327871368	1.8157656964137887
0.1999627109353638	0.2053954512034189	0.2136801738981085	0.22726224745050377	0.24916230589167854	0.2853260079560422	0.34455672861324166	0.4418898045236499	0.597328779853085	0.8302245703570649	1.1408850866173763	1.4882851687946985	1.8006170975597118	2.026851619196432	2.1673471002610647	2.250674024797458	2.300630993207453	2.3312306238483513	2.35024180818426	2.3620861889438953	2.3691463214562964
0.4416728746201196	0.4501762281331382	0.46403423329239785	0.48613498243820247	0.5210361460484886	0.5774731425221296	0.6677804125812454	0.811164267892246	1.0322715411710146	1.3513163508117887	1.7625532265213917	2.20915392886051	2.6007109515013944	2.878597475627778	3.0484678403264516	3.1487355496571174	3.20891965394817	3.2448069484894555	3.2671535876112237	3.2817083798351105	3.290724744876865
0.9181968420176743	0.9320061979697147	0.9534623704777516	0.9870457958050269	1.0410336328480931	1.1261616907331522	1.2605831003701842	1.4693546143144116	1.7827549048098361	2.2237680372071713	2.777248736651577	3.364289809731526	3.8691089247073225	4.220521815644856	4.433679834148844	4.558288166133713	4.6329382560541434	4.678468033130373	4.705036948925948	4.722493403328713	4.732794078434653
1.7066994144671188	1.7263371132920362	1.7573502545039625	1.8062608719320745	1.8832865554442413	2.0048431196225085	2.194477387191352	2.485287069733432	2.91453363863289	3.5080089471895852	4.2379373212187685	5.000009525073123	5.646585554476277	6.093312409737501	6.362650378202592	6.519786546062375	6.612460781429989	6.668560565990563	6.703119997240563	6.724761183646727	6.73903217895681
2.7468686909802433	2.772696379330499	2.8137626948552215	2.877965184578174	2.9795460767127864	3.138637225568199	3.3855946203962923	3.760648754086949	4.309006228357642	5.057909296043134	5.971071796743141	6.914817071488259	7.711138035571725	8.260510425956323	8.591742143840525	8.783714159845694	8.897567583600582	8.96655897356729	9.009040339274193	9.035592443173517	9.05204627255533
3.8014739370637445	3.8325694103014762	3.8813645373976797	3.9587595274082665	4.081236448221227	4.269951614771471	4.5638696913444265	5.00705336577234	5.653182395551994	6.529090136145339	7.592809980998574	8.689172290668138	9.614963307305528	10.254848106527055	10.64035027453917	10.865183318241506	10.998359381930992	11.079360714160492	11.129041383195236	11.159883869035047	11.178915392712192
4.631171605898115	4.665152834787543	4.719631575142625	4.805157880207261	4.939690343189548	5.149331174606351	5.473841842581242	5.963517388065244	6.672808455341672	7.6348818116974	8.799907905376788	10.0005806018963	11.015370084510312	11.719668303652652	12.147494125540804	12.397010295256742	12.544916406115462	12.634828358774493	12.690608226442604	12.725173214608088	12.746551124016717
5.175528115725643	5.21225595998929	5.269227845467027	5.3602680016690325	5.50248457004916	5.724221948198354	6.065616552712205	6.581042456618125	7.329582558080424	8.341183889408983	9.566420014725576	10.830122321874235	11.899817209810571	12.645359731688327	13.100109674988618	13.365330128158675	13.52301706864662	13.619449723056492	13.67842438270071	13.714251054232594	13.737395771138786
5.511007406827091	5.548337844041347	5.605787332870234	5.699276439305902	5.845332638781252	6.073712349878644	6.42610942833492	6.957167766720341	7.727108602116745	8.767429548192439	10.026184331918252	11.326997830181888	12.429665504772442	13.200066372789472	13.670444722658976	13.94600083451632	14.1103879555262	14.209107064776742	14.270493423671114	14.308779571162807	14.332080983271386
5.712486963783944	5.751049373613229	5.810790786354271	5.905528597021816	6.054564408966777	6.287122901415691	6.6455357818701275	7.185398515797481	7.968275990165247	9.02567301111407	10.30476772400487	11.626653798313031	12.74976761595033	13.535472515593046	14.014774656285134	14.296580055082337	14.464003502820589	14.565272972594753	14.628992160954542	14.666736445959254	14.691076699482776
5.838528660102976	5.8764117139113505	5.937496038957059	6.0331601741187395	6.183924423339262	6.41863561491323	6.780782894288761	7.326242750433789	8.117045540939989	9.184210984216495	10.476398065227563	11.810520956578904	12.945206009634596	13.739507330859217	14.225486806039138	14.510966673184315	14.680980936687524	14.783649844073976	14.846833563023194	14.886480250033783	14.910678789871968
5.915801162035904	5.954842776595551	6.017055482435081	6.113512397937556	6.264623254746467	6.500570689101242	6.8644920144385155	7.413787983354937	8.208301870201543	9.284894676583395	10.58315585707193	11.92615039183048	13.066804184480997	13.866468731324083	14.35623680559482	14.644029431815309	14.815407960474303	14.918617007288852	14.982942520114287	15.022962670430436	15.047346961690684
5.965056327612238	6.003846685583641	6.067486695078932	6.162011740174169	6.314268710638336	6.5515075626357575	6.917284231994437	7.468529714677989	8.266098086336704	9.344279070970696	10.649092521261508	11.99675718304453	13.142609013049274	13.945374980605354	14.437516155310957	14.727610706177622	14.898892490478241	15.002943986112312	15.067128859477139	15.107722705318581	15.131814673865042
5.995338373711378	6.034447566131976	6.0964325134656185	6.193175343277996	6.345934746961882	6.583507177305329	6.950450017735413	7.502258847879232	8.30171190732972	9.38229684480611	10.690693423722525	12.04089364379244	13.189322467439945	13.99489188388532	14.488568407781163	14.778448951997149	14.951927479422876	15.055318757395463	15.119819727356917	15.160342475235284	15.184674030601764
