5.772981298104114
5.62344487146788
5.473908444831645
5.324372018195412
5.174835591559177
5.0252991649229415
4.875762738286708
4.726226311650473
4.576689885014238
4.427153458378004
4.277617031741769
4.197391555163607
4.124097173591252
4.050802792018897
3.977508410446542
3.9042140288741867
3.8309196473018314
3.7576252657294766
3.6843308841571214
3.6110365025847666
3.5377421210124114
3.491293544444872
3.4508107023228476
3.410327860200823
3.3698450180787987
3.329362175956774
3.2888793338347497
3.2483964917127253
3.207913649590701
3.1674308074686763
3.126947965346652
3.0973042116109473
3.071725116020112
3.046146020429276
3.020566924838441
2.9949878292476058
2.9694087336567705
2.9438296380659352
2.9182505424751
2.8926714468842647
2.8670923512934294
2.845621654595889
2.8264986144088033
2.8073755742217177
2.7882525340346316
2.7691294938475464
2.7500064536604603
2.7308834134733746
2.711760373286289
2.6926373330992033
2.673514292912117
2.656071718656481
2.640029532677053
2.6239873466976245
2.607945160718196
2.591902974738767
2.575860788759339
2.5598186027799104
2.543776416800482
2.5277342308210535
2.5116920448416256
2.496185035237897
2.4813202372850096
2.4664554393321216
2.451590641379234
2.436725843426346
2.4218610454734586
2.4069962475205706
2.3921314495676826
2.377266651614795
2.3624018536619076
2.347740953595592
2.3334368748307788
2.319132796065965
2.3048287173011515
2.290524638536338
2.276220559771524
2.2619164810067107
2.2476124022418973
2.2333083234770834
2.21900424471227
2.20478834450597
2.1908075871223716
2.1768268297387734
2.1628460723551752
2.1488653149715766
2.134884557587979
2.1209038002043803
2.106923042820782
2.092942285437184
2.078961528053586
2.0650379228173503
2.051371502244247
2.0377050816711435
2.0240386610980403
2.0103722405249367
1.9967058199518335
1.9830393993787303
1.9693729788056271
1.9557065582325237
1.9420401376594203
1.9284084792706737
1.9151244427254905
1.9018404061803071
1.888556369635124
1.875272333089941
1.861988296544758
1.8487042599995749
1.8354202234543917
1.8221361869092085
1.8088521503640254
1.7955681138188422
1.782751147183585
1.7699341805483277
1.7571172139130702
1.7443002472778129
1.7314832806425557
1.7186663140072984
1.7058493473720409
1.6930323807367835
1.6802154141015262
1.6673984474662689
1.655074269866185
1.6427993711696192
1.630524472473053
1.6182495737764866
1.6059746750799206
1.5936997763833545
1.5814248776867883
1.5691499789902221
1.556875080293656
1.5446001815970898
1.532816401449649
1.5211417587575695
1.5094671160654904
1.4977924733734111
1.4861178306813316
1.4744431879892521
1.4627685452971728
1.4510939026050937
1.4394192599130142
1.427744617220935
1.4165346666272234
1.4054989755703995
1.3944632845135758
1.3834275934567521
1.3723919023999285
1.3613562113431046
1.350320520286281
1.339284829229457
1.3282491381726333
1.3172134471158097
1.306597503229462
1.2962214148691007
1.2858453265087393
1.275469238148378
1.2650931497880165
1.2547170614276553
1.2443409730672936
1.2339648847069324
1.2235887963465708
1.2132127079862096
1.2031854981207424
1.1934490203343533
1.1837125425479644
1.1739760647615756
1.164239586975187
1.154503109188798
1.1447666314024092
1.13503015361602
1.1252936758296312
1.1155571980432424
1.106127013830137
1.0970643819049715
1.0880017499798056
1.0789391180546402
1.0698764861294745
1.060813854204309
1.0517512222791434
1.0426885903539778
1.033625958428812
1.0245633265036465
1.0157401433989859
1.0073359957302088
0.998931848061432
0.990527700392655
0.982123552723878
0.973719405055101
0.9653152573863242
0.9569111097175471
0.94850696204877
0.9401028143799934
0.9318682356126758
0.9240858405825836
0.9163034455524913
0.9085210505223991
0.9007386554923067
0.8929562604622144
0.8851738654321222
0.8773914704020298
0.8696090753719374
0.8618266803418456
0.8541523546180424
0.8469643407725396
0.8397763269270369
0.8325883130815342
0.8254002992360314
0.8182122853905288
0.8110242715450261
0.8038362576995235
0.7966482438540207
0.789460230008518
0.7823228577699763
0.7756919016010426
0.7690609454321087
0.7624299892631748
0.755799033094241
0.7491680769253073
0.7425371207563733
0.7359061645874395
0.7292752084185057
0.7226442522495717
0.716013296080638
0.70992029746716
0.7038272988536818
0.6977343002402034
0.6916413016267251
0.6855483030132468
0.6794553043997685
0.6733623057862903
0.667269307172812
0.6611763085593337
0.6550833099458554
0.6494429606778898
0.6438478763444755
0.638252792011061
0.6326577076776465
0.627062623344232
0.6214675390108175
0.6158724546774031
0.6102773703439887
0.6046822860105742
0.5990872016771597
0.593881883226131
0.5887631794156325
0.5836444756051342
0.5785257717946356
0.5734070679841371
0.5682883641736385
0.56316966036314
0.5580509565526415
0.5529322527421429
0.5478135489316445
0.5430039303000634
0.5383102186105766
0.5336165069210898
0.5289227952316031
0.5242290835421163
0.5195353718526294
0.5148416601631426
0.5101479484736557
0.5054542367841689
0.500760525094682
0.49631658872313084
0.49201538110468557
0.4877141734862403
0.48341296586779514
0.47911175824935004
0.4748105506309048
0.4705093430124596
0.4662081353940144
0.46190692777556913
0.45760572015712386
0.4535058905107133
0.44957387584099834
0.44564186117128335
0.4417098465015684
0.43777783183185365
0.43384581716213866
0.4299138024924236
0.4259817878227087
0.42204977315299375
0.41811775848327876
0.41434040863516125
0.41074865657296067
0.4071569045107601
0.4035651524485595
0.399973400386359
0.39638164832415856
0.392789896261958
0.3891981441997574
0.3856063921375569
0.3820146400753563
0.37853659347773866
0.3752575314431411
0.3719784694085436
0.36869940737394613
0.3654203453393486
0.3621412833047511
0.35886222127015377
0.3555831592355562
0.35230409720095873
0.34902503516636124
0.34582423945667085
0.3428321539467327
0.33984006843679465
0.3368479829268565
0.33385589741691846
0.33086381190698033
0.32787172639704226
0.3248796408871043
0.3218875553771662
0.3188954698672281
0.3159511879939002
0.3132220224853183
0.3104928569767364
0.3077636914681545
0.3050345259595726
0.30230536045099066
0.2995761949424087
0.29684702943382685
0.2941178639252451
0.29138869841666315
0.28868167183369875
0.28619603450690995
0.2837103971801211
0.2812247598533323
0.2787391225265434
0.27625348519975457
0.2737678478729657
0.2712822105461769
0.26879657321938805
0.26631093589259935
0.2638252985658105
0.2615563117784936
0.2592873249911767
0.2570183382038597
0.2547493514165428
0.2524803646292259
0.25021137784190894
0.24794239105459204
0.2456734042672751
0.2434044174799582
0.24113543069264137
0.23904897908898973
0.2369807810037046
0.2349125829184195
0.23284438483313435
0.23077618674784922
0.2287079886625641
0.22663979057727895
0.22457159249199382
0.2225033944067087
0.22043519632142367
0.21851867857349191
0.21663586756719422
0.21475305656089655
0.21287024555459888
0.21098743454830118
0.2091046235420035
0.20722181253570582
0.20533900152940812
0.20345619052311045
0.20157337951681276
0.1998101084582008
0.1980916648799709
0.196373221301741
0.19465477772351109
0.19293633414528116
0.19121789056705127
0.18949944698882137
0.18778100341059145
0.18606255983236153
0.18434411625413163
0.18272256332741865
0.18115637648728686
0.17959018964715492
0.17802400280702307
0.17645781596689117
0.1748916291267593
0.17332544228662738
0.1717592554464955
0.17019306860636363
0.16862688176623175
0.16713898045336228
0.16571631707987816
0.16429365370639412
0.16287099033291003
0.1614483269594259
0.16002566358594178
0.15860300021245768
0.15718033683897356
0.15575767346548947
0.15433501009200534
0.1529671266672218
0.1516649791808789
0.15036283169453604
0.14906068420819318
0.14775853672185033
0.1464563892355074
0.14515424174916455
0.1438520942628217
0.14254994677647892
0.14124779929013606
0.13998750620863948
0.13880045833562388
0.13761341046260828
0.1364263625895927
0.1352393147165771
0.13405226684356153
0.13286521897054593
0.13167817109753033
0.13049112322451473
0.12930407535149913
0.12814560289162846
0.12706333153347754
0.12598106017532662
0.1248987888171757
0.12381651745902479
0.12273424610087388
0.12165197474272296
0.12056970338457206
0.11948743202642115
0.11840516066827023
0.11734022103687992
0.11635327417591179
0.11536632731494367
0.11437938045397555
0.11339243359300742
0.1124054867320393
0.11141853987107118
0.11043159301010305
0.10944464614913493
0.10845769928816681
0.10747877102599518
0.1065800287517883
0.10568128647758145
0.1047825442033746
0.10388380192916774
0.10298505965496088
0.10208631738075402
0.10118757510654716
0.1002888328323403
0.09939009055813346
0.0984913482839266
0.0976698309732326
0.09684831366253871
0.0960267963518447
0.09520527904115073
0.09438376173045673
0.09356224441976276
0.09274072710906876
0.09191920979837478
0.09109769248768079
0.0902761751769868
0.08952001894791507
0.08877039882700555
0.08802077870609604
0.08727115858518651
0.08652153846427699
0.08577191834336748
0.08502229822245796
0.08427267810154843
0.08352305798063892
0.08277343785972939
0.082077287737365
0.0813930198368995
0.08070875193643408
0.0800244840359686
0.0793402161355031
0.0786559482350376
0.07797168033457211
0.07728741243410663
0.07660314453364114
0.07591887663317565
0.07527794503291182
0.07465326454522367
0.0740285840575355
0.07340390356984731
0.07277922308215914
0.07215454259447097
0.0715298621067828
0.07090518161909463
0.07028050113140646
0.0696558206437183
0.06906556580692069
0.06849498277063198
0.06792439973434329
0.0673538166980546
0.06678323366176594
0.06621265062547724
0.06564206758918854
0.06507148455289985
0.06450090151661114
0.06393031848032245
0.06338667814226595
0.06286549005273628
0.062344301963206616
0.06182311387367695
0.06130192578414728
0.060780737694617615
0.06025954960508794
0.05973836151555828
0.05921717342602861
0.05869598533649894
0.05819521358630597
0.057718941443317004
0.05724266930032805
0.056766397157339096
0.05629012501435013
0.055813852871361175
0.05533758072837226
0.0548613085853833
0.05438503644239435
0.05390876429940539
0.05344733646256119
0.05301188616147034
0.052576435860379474
0.05214098555928862
0.051705535258197766
0.0512700849571069
0.05083463465601605
0.05039918435492519
0.04996373405383433
0.04952828375274348
0.04910301808134648
0.048704911422466496
0.0483068047635865
0.04790869810470651
0.04751059144582651
0.04711248478694652
0.04671437812806652
0.04631627146918652
0.04591816481030657
0.045520058151426575
0.045128125573438475
0.0447639763594639
0.04439982714548933
0.044035677931514756
0.04367152871754018
0.04330737950356561
0.042943230289591044
0.042579081075616476
0.04221493186164191
0.04185078264766734
0.041489438074242234
0.04115613990631188
0.040822841738381514
0.04048954357045115
0.04015624540252079
0.03982294723459043
0.03948964906666006
0.0391563508987297
0.038823052730799334
0.03848975456286901
0.03815645639493864
0.03785147132287068
0.037546486250802716
0.03724150117873475
0.03693651610666678
0.03663153103459882
0.036326545962530855
0.03602156089046289
0.03571657581839492
0.03541159074632696
0.035106605674259
0.03482532079666149
0.03454640593851102
0.03426749108036056
0.0339885762222101
0.03370966136405963
0.033430746505909166
0.0331518316477587
0.03287291678960824
0.032594001931457776
0.03231508707330731
0.03205501643767149
0.0317991334070389
0.031543250376406304
0.03128736734577372
0.03103148431514112
0.030775601284508527
0.030519718253875935
0.030263835223243347
0.030007952192610755
0.02975206916197816
0.029511815922697346
0.02927742385517345
0.02904303178764955
0.02880863972012565
0.028574247652601754
0.02833985558507786
0.028105463517553962
0.02787107145003006
0.027636679382506166
0.027402287314982267
0.027180339682568083
0.02696550315593088
0.0267506666292937
0.02653583010265649
0.026320993576019292
0.02610615704938209
0.025891320522744884
0.025676483996107682
0.02546164746947048
0.025246810942833278
0.02504200133419236
0.024845547490548344
0.02464909364690433
0.024452639803260314
0.024256185959616303
0.024059732115972284
0.02386327827232827
0.023666824428684254
0.02347037058504024
0.023273916741396224
0.02308451610834112
0.022903579327992713
0.022722642547644303
0.02254170576729591
0.022360768986947503
0.022179832206599095
0.021998895426250685
0.021817958645902275
0.02163702186555387
0.021456085085205457
0.021280651916969186
0.02111485006992916
0.020949048222889132
0.020783246375849107
0.02061744452880908
0.02045164268176905
0.02028584083472902
0.020120038987688996
0.019954237140648964
0.01978843529360894
0.019626346991190095
0.019474161474427744
0.019321975957665386
0.01916979044090303
0.019017604924140674
0.018865419407378334
0.01871323389061598
0.018561048373853625
0.01840886285709127
0.018256677340328917
0.018106757078584
0.017967030464417562
0.017827303850251122
0.017687577236084683
0.017547850621918243
0.017408124007751803
0.017268397393585367
0.017128670779418927
0.016988944165252488
0.016849217551086048
0.016710527234083047
0.016582199888714434
0.016453872543345825
0.016325545197977208
0.016197217852608598
0.016068890507239985
0.015940563161871372
0.015812235816502773
0.01568390847113416
0.015555581125765546
0.015427253780396935
0.015309344472148712
0.015191435163900488
0.015073525855652262
0.01495561654740404
0.014837707239155815
0.01471979793090759
0.014601888622659365
0.014483979314411144
0.014366070006162919
0.014248160697914694
0.014138922946126438
0.014030552349984175
0.013922181753841916
0.013813811157699656
0.013705440561557395
0.013597069965415137
0.013488699369272876
0.013380328773130615
0.013271958176988364
0.013163587580846103
0.01306236743842662
0.012962736285723307
0.012863105133019992
0.012763473980316683
0.012663842827613368
0.012564211674910057
0.012464580522206746
0.012364949369503433
0.01226531821680012
0.01216568706409681
0.012071871601802467
0.011980237023411493
0.011888602445020517
0.011796967866629541
0.011705333288238567
0.011613698709847593
0.011522064131456617
0.01143042955306564
0.011338794974674665
0.011247160396283698
0.011160019854526524
0.011075447333702951
0.010990874812879376
0.010906302292055803
0.01082172977123223
0.010737157250408656
0.010652584729585083
0.01056801220876151
0.010483439687937935
0.010398867167114361
0.010318127684270855
0.01024058239974407
0.010163037115217282
0.010085491830690496
0.010007946546163708
0.009930401261636922
0.009852855977110136
0.009775310692583349
0.009697765408056561
0.009620220123529777
0.00954546807597504
0.009474067912786772
0.009402667749598498
0.009331267586410221
0.009259867423221949
0.009188467260033674
0.009117067096845398
0.009045666933657123
0.008974266770468848
0.008902866607280574
0.008833518912714023
0.00876776303823549
0.008702007163756959
0.008636251289278429
0.008570495414799897
0.008504739540321365
0.008438983665842835
0.008373227791364303
0.008307471916885772
0.00824171604240724
0.008177372657523836
0.008116795911560773
0.008056219165597709
0.00799564241963465
0.007935065673671589
0.007874488927708524
0.00781391218174546
0.007753335435782396
0.007692758689819333
0.007632181943856269
0.007572468780799507
0.0075166417408211
0.0074608147008426925
0.007404987660864284
0.007349160620885878
0.00729333358090747
0.007237506540929062
0.007181679500950656
0.007125852460972247
0.007070025420993839
0.007014594864318879
0.0069631291406783815
0.006911663417037885
0.0068601976933973866
0.006808731969756895
0.006757266246116398
0.006705800522475901
0.006654334798835402
0.006602869075194906
0.006551403351554409
0.006499937627913911
0.006452479038223497
0.006405020448533083
0.006357561858842668
0.006310103269152255
0.0062626446794618405
0.0062151860897714266
0.006167727500081013
0.006120268910390599
0.006072810320700185
0.00602535173100977
0.005981235916084159
0.005937454378635028
0.005893672841185898
0.005849891303736766
0.005806109766287634
0.005762328228838508
0.005718546691389377
0.005674765153940245
0.005630983616491114
0.005587202079041979
0.005546186373563371
0.005505785297411544
0.005465384221259717
0.005424983145107891
0.005384582068956065
0.005344180992804239
0.0053037799166524196
0.005263378840500593
0.005222977764348767
0.00518257668819694
0.0051444381992964226
0.005107148180615145
0.005069858161933867
0.005032568143252591
0.004995278124571314
0.004957988105890036
0.004920698087208759
0.004883408068527481
0.004846118049846204
0.004808828031164928
0.004773353957083962
0.004738917565631748
0.004704481174179534
0.004670044782727319
0.004635608391275105
0.00460117199982289
0.004566735608370676
0.004532299216918461
0.004497862825466247
0.004463426434014032
0.004430219125245193
0.004398036052045832
0.004365852978846472
0.004333669905647111
0.0043014868324477516
0.00426930375924839
0.0042371206860490306
0.00420493761284967
0.0041727545396503096
0.00414057146645095
0.004109680064674272
0.004080338668604816
0.0040509972725353595
0.004021655876465902
0.003992314480396447
0.00396297308432699
0.003933631688257533
0.0039042902921880766
0.0038749488961186203
0.0038456075000491688
0.0038170731074600567
0.003789950970961548
0.0037628288344630396
0.0037357066979645305
0.003708584561466022
0.0036814624249675134
0.003654340288469004
0.0036272181519704954
0.003600096015471987
0.003572973878973478
0.0035464087353564927
0.0035213289060902378
0.0034962490768239837
0.0034711692475577283
0.0034460894182914733
0.0034210095890252184
0.003395929759758964
0.003370849930492709
0.003345770101226454
0.0033206902719601986
0.0032959531368050507
0.0032727581251498833
0.003249563113494715
0.0032263681018395475
0.00320317309018438
0.0031799780785292118
0.0031567830668740443
0.0031335880552188764
0.003110393043563709
0.003087198031908541
0.0030641607697122625
0.003042701002104871
0.0030212412344974805
0.00299978146689009
0.0029783216992826994
0.002956861931675308
0.0029354021640679174
0.002913942396460527
0.002892482628853136
0.002871022861245745
0.0028495630936383543
0.002829700343619277
0.0028098375936001984
0.002789974843581124
0.0027701120935620465
0.0027502493435429686
0.002730386593523891
0.002710523843504813
0.0026906610934857352
0.0026707983434666573
0.0026509355934475794
0.0026324144933810444
0.002614027558309764
0.0025956406232384827
0.0025772536881672023
0.0025588667530959215
0.002540479818024641
0.0025220928829533602
0.0025037059478820794
0.0024853190128107986
0.002466932077739518
0.002449655212073291
0.0024326250284970753
0.00241559484492086
0.0023985646613446446
0.0023815344777684292
0.002364504294192214
0.002347474110615998
0.002330443927039783
0.002313413743463567
0.002296383559887352
0.0022802671673992345
0.002264493446569154
0.0022487197257390736
0.002232946004908993
0.0022171722840789126
0.0022013985632488324
0.0021856248424187517
0.002169851121588671
0.0021540774007585907
0.0021383036799285104
0.0021232637331861956
0.002108643085922604
0.002094022438659013
0.002079401791395421
0.0020647811441318296
0.0020501604968682407
0.0020355398496046495
0.002020919202341058
0.0020062985550774663
0.001991677907813875
0.0019776414502476343
0.001964091817429187
0.0019505421846107392
0.0019369925517922918
0.001923442918973844
0.0019098932861553964
0.0018963436533369488
0.0018827940205185013
0.0018692443877000539
0.001855694754881606
0.001842593007334367
0.001830028722112579
0.0018174644368907904
0.001804900151669002
0.0017923358664472138
0.0017797715812254253
0.0017672072960036372
0.0017546430107818487
0.0017420787255600602
0.001729514440338272
0.0017172813458744582
0.0017056278352371001
0.0016939743245997423
0.0016823208139623844
0.0016706673033250264
0.0016590137926876685
0.0016473602820503105
0.0016357067714129526
0.0016240532607755946
0.0016123997501382365
0.001600975567562635
0.0015901629264850508
0.0015793502854074667
0.0015685376443298825
0.0015577250032522984
0.0015469123621747142
0.00153609972109713
0.0015252870800195456
0.0015144744389419614
0.0015036617978643793
0.0014929906175484248
0.0014829560106598043
0.0014729214037711835
0.001462886796882563
0.0014528521899939424
0.0014428175831053217
0.0014327829762167013
0.0014227483693280806
0.00141271376243946
0.0014026791555508393
0.0013927098823928452
0.0013833939465411186
0.001374078010689392
0.0013647620748376652
0.0013554461389859386
0.0013461302031342118
0.0013368142672824852
0.0013274983314307584
0.0013181823955790315
0.001308866459727305
0.0012995505238755781
