0.00483473131039679
0.0056557118982973695
0.0064766924861979465
0.007297673074098526
0.008118653661999103
0.008939634249899683
0.009760614837800259
0.010581595425700838
0.011402576013601416
0.012223556601501994
0.013044537189402572
0.0139072755902338
0.01477418977235809
0.01564110395448238
0.016508018136606677
0.017374932318730968
0.01824184650085526
0.01910876068297955
0.01997567486510384
0.020842589047228136
0.021709503229352424
0.022484794726256828
0.023239725626445697
0.023994656526634565
0.024749587426823434
0.025504518327012303
0.026259449227201172
0.027014380127390044
0.027769311027578913
0.02852424192776778
0.029279172827956654
0.029916825736560078
0.030510499398318968
0.031104173060077858
0.031697846721836745
0.03229152038359563
0.03288519404535452
0.03347886770711341
0.0340725413688723
0.03466621503063119
0.03525988869239008
0.03575639463189044
0.03619737615867166
0.03663835768545287
0.03707933921223408
0.037520320739015296
0.03796130226579651
0.03840228379257772
0.03884326531935893
0.03928424684614015
0.03972522837292136
0.04010166845870492
0.040424324010323774
0.04074697956194262
0.04106963511356147
0.041392290665180326
0.041714946216799165
0.04203760176841802
0.04236025732003687
0.04268291287165572
0.04300556842327457
0.043293789490045684
0.043540689174999515
0.04378758885995334
0.04403448854490717
0.044281388229861
0.044528287914814835
0.04477518759976866
0.0450220872847225
0.04526898696967632
0.045515886654630154
0.045750133970982286
0.04596223964228144
0.04617434531358059
0.04638645098487974
0.0465985566561789
0.046810662327478055
0.04702276799877721
0.047234873670076366
0.04744697934137552
0.04765908501267467
0.047870822197552024
0.04808157675197125
0.048292331306390476
0.0485030858608097
0.04871384041522893
0.048924594969648155
0.04913534952406738
0.04934610407848661
0.049556858632905834
0.04976761318732506
0.04998234522284615
0.05021497592332561
0.05044760662380508
0.05068023732428455
0.05091286802476401
0.051145498725243474
0.051378129425722945
0.05161076012620241
0.05184339082668188
0.05207602152716134
0.052311795751805536
0.052579005218097045
0.05284621468438856
0.05311342415068007
0.05338063361697158
0.05364784308326309
0.0539150525495546
0.05418226201584611
0.05444947148213762
0.05471668094842914
0.05498389041472065
0.05528552384861575
0.05558715728251085
0.055888790716405956
0.05619042415030106
0.05649205758419617
0.05679369101809126
0.05709532445198637
0.05739695788588147
0.05769859131977658
0.058000224753671684
0.058329122075457825
0.05866074578603306
0.0589923694966083
0.05932399320718354
0.05965561691775879
0.059987240628334035
0.06031886433890926
0.060650488049484516
0.06098211176005976
0.061313735470635
0.06166099467545181
0.06201172843454452
0.062362462193637225
0.06271319595272995
0.06306392971182266
0.06341466347091537
0.06376539723000808
0.0641161309891008
0.0644668647481935
0.06481759850728622
0.06517155191080425
0.06552671268098174
0.06588187345115923
0.06623703422133674
0.06659219499151424
0.06694735576169174
0.06730251653186925
0.06765767730204675
0.06801283807222425
0.06836799884240174
0.0687170044009779
0.06906249269578184
0.06940798099058579
0.06975346928538972
0.07009895758019367
0.07044444587499762
0.07078993416980157
0.07113542246460552
0.07148091075940946
0.07182639905421341
0.07215966064444236
0.07248273331419217
0.07280580598394198
0.07312887865369179
0.07345195132344157
0.07377502399319139
0.07409809666294119
0.07442116933269101
0.07474424200244081
0.07506731467219062
0.07537446339450214
0.07566250337988775
0.07595054336527335
0.07623858335065897
0.07652662333604458
0.0768146633214302
0.07710270330681579
0.0773907432922014
0.07767878327758701
0.07796682326297262
0.07823928137387964
0.0784844712044492
0.07872966103501872
0.07897485086558825
0.07922004069615779
0.07946523052672733
0.07971042035729686
0.0799556101878664
0.08020080001843594
0.08044598984900546
0.08067788585664905
0.08087433166982348
0.0810707774829979
0.08126722329617231
0.08146366910934671
0.08166011492252115
0.08185656073569555
0.08205300654886998
0.0822494523620444
0.0824458981752188
0.08263287732759733
0.08277725650639439
0.08292163568519145
0.08306601486398851
0.08321039404278556
0.08335477322158263
0.08349915240037968
0.08364353157917674
0.0837879107579738
0.08393228993677086
0.08407183849914293
0.08416308089726507
0.08425432329538719
0.08434556569350934
0.0844368080916315
0.08452805048975362
0.08461929288787576
0.08471053528599791
0.08480177768412005
0.0848930200822422
0.08498426248036434
0.08502318144842318
0.08506210041648204
0.08510101938454087
0.08513993835259973
0.08517885732065858
0.08521777628871742
0.08525669525677626
0.08529561422483511
0.08533453319289397
0.08537345216095281
0.08536688484764071
0.08535576890619154
0.08534465296474233
0.08533353702329316
0.08532242108184396
0.08531130514039478
0.08530018919894558
0.08528907325749639
0.0852779573160472
0.08526684137459802
0.08521758631229222
0.08515985588979604
0.08510212546729988
0.08504439504480371
0.08498666462230753
0.08492893419981136
0.08487120377731519
0.08481347335481902
0.08475574293232285
0.08469801250982668
0.08460940302254163
0.08450921388596078
0.08440902474937992
0.08430883561279905
0.08420864647621817
0.08410845733963732
0.08400826820305644
0.08390807906647559
0.08380788992989471
0.08370770079331384
0.08358363237536641
0.08344591865378093
0.08330820493219546
0.08317049121060999
0.08303277748902452
0.08289506376743905
0.08275735004585358
0.0826196363242681
0.08248192260268263
0.08234420888109716
0.08218832415574694
0.08201729692725944
0.08184626969877196
0.08167524247028446
0.08150421524179699
0.08133318801330948
0.081162160784822
0.0809911335563345
0.08082010632784702
0.08064907909935952
0.08046535259930168
0.08026638697335942
0.08006742134741714
0.07986845572147487
0.07966949009553262
0.07947052446959035
0.07927155884364809
0.07907259321770582
0.07887362759176356
0.07867466196582129
0.0784671415237086
0.07824465015329758
0.07802215878288658
0.0777996674124756
0.0775771760420646
0.0773546846716536
0.07713219330124262
0.07690970193083162
0.07668721056042063
0.07646471919000963
0.07623767102602676
0.0759984714125189
0.07575927179901104
0.07552007218550318
0.07528087257199532
0.07504167295848746
0.07480247334497961
0.07456327373147176
0.07432407411796389
0.07408487450445604
0.07384258652453768
0.07358640089577197
0.07333021526700628
0.07307402963824058
0.07281784400947489
0.07256165838070919
0.0723054727519435
0.0720492871231778
0.07179310149441212
0.07153691586564642
0.0712797520821003
0.07101280675074986
0.07074586141939943
0.07047891608804899
0.07021197075669856
0.06994502542534811
0.06967808009399769
0.06941113476264724
0.06914418943129681
0.06887724409994639
0.06861029876859595
0.06833733652863289
0.06806437428866981
0.06779141204870674
0.06751844980874366
0.0672454875687806
0.06697252532881752
0.06669956308885444
0.06642660084889138
0.06615363860892831
0.06588067636896525
0.06560263280861763
0.06532408111623156
0.06504552942384548
0.0647669777314594
0.06448842603907333
0.06420987434668725
0.06393132265430118
0.0636527709619151
0.06337421926952902
0.06309566757714297
0.06281597341975013
0.06253602538124468
0.06225607734273925
0.061976129304233796
0.06169618126572835
0.06141623322722291
0.06113628518871746
0.06085633715021202
0.060576389111706576
0.060296441073201125
0.060017057758659544
0.0597378862156044
0.05945871467254924
0.05917954312949409
0.058900371586438946
0.058621200043383795
0.05834202850032864
0.05806285695727349
0.057783685414218335
0.05750451387116318
0.05722716380730269
0.056950854588696295
0.05667454537008989
0.0563982361514835
0.056121926932877084
0.055845617714270684
0.05556930849566428
0.05529299927705787
0.055016690058451466
0.05474038083984507
0.05446654956222979
0.054194783235440434
0.053923016908651096
0.05365125058186175
0.05337948425507241
0.05310771792828306
0.052835951601493715
0.05256418527470437
0.05229241894791502
0.05202065262112567
0.051751619401114425
0.0514858659092369
0.05122011241735937
0.050954358925481835
0.05068860543360432
0.050422851941726785
0.05015709844984925
0.04989134495797173
0.049625591466094215
0.04935983797421669
0.04909660095667692
0.04883776776922826
0.0485789345817796
0.04832010139433095
0.04806126820688228
0.04780243501943361
0.047543601831984944
0.04728476864453628
0.04702593545708762
0.046767102269638955
0.04651043208464029
0.04625952990617496
0.04600862772770964
0.04575772554924431
0.04550682337077898
0.045255921192313656
0.04500501901384832
0.044754116835382995
0.04450321465691766
0.044252312478452335
0.04400297428784731
0.043760674042613495
0.04351837379737969
0.04327607355214588
0.04303377330691207
0.04279147306167827
0.04254917281644446
0.04230687257121065
0.042064572325976844
0.04182227208074303
0.04158080443835728
0.041347662824452035
0.04111452121054678
0.040881379596641544
0.0406482379827363
0.040415096368831054
0.04018195475492581
0.03994881314102056
0.03971567152711532
0.03948252991321007
0.03924938829930483
0.03902562033455481
0.038801852369804817
0.03857808440505481
0.03835431644030479
0.038130548475554776
0.03790678051080477
0.03768301254605475
0.03745924458130474
0.03723547661655473
0.03701170865180472
0.03679670798098351
0.03658258403955519
0.03636846009812687
0.03615433615669855
0.03594021221527023
0.03572608827384191
0.03551196433241359
0.03529784039098527
0.03508371644955695
0.03486959250812863
0.03466341722471153
0.03445900830974137
0.03425459939477123
0.034050190479801075
0.03384578156483091
0.03364137264986075
0.03343696373489059
0.03323255481992044
0.03302814590495028
0.03282373698998012
0.03262640822520675
0.03243173451675718
0.03223706080830761
0.03204238709985804
0.03184771339140847
0.0316530396829589
0.03145836597450932
0.03126369226605975
0.031069018557610188
0.030874344849160615
0.030685780922362505
0.03050070829936523
0.03031563567636795
0.030130563053370675
0.029945490430373416
0.02976041780737614
0.029575345184378862
0.02939027256138159
0.02920519993838431
0.029020127315387036
0.028840230292852112
0.02866464627070248
0.028489062248552854
0.028313478226403226
0.028137894204253597
0.027962310182103968
0.027786726159954336
0.027611142137804707
0.027435558115655078
0.02725997409350545
0.027088600385716956
0.026922279055161813
0.026755957724606677
0.026589636394051538
0.0264233150634964
0.026256993732941263
0.02609067240238614
0.025924351071831
0.025758029741275862
0.025591708410720726
0.02542871404567509
0.025271541870271082
0.025114369694867078
0.024957197519463074
0.024800025344059066
0.02464285316865506
0.024485680993251054
0.024328508817847046
0.024171336642443038
0.024014164467039033
0.023859327733629202
0.023710718845537174
0.023562109957445142
0.023413501069353106
0.023264892181261078
0.023116283293169042
0.022967674405077014
0.022819065516984982
0.02267045662889296
0.02252184774080093
0.02237476888613489
0.022234575181885825
0.02209438147763676
0.021954187773387694
0.02181399406913863
0.021673800364889563
0.021533606660640497
0.021393412956391432
0.021253219252142366
0.0211130255478933
0.020973563517340154
0.020841418223746216
0.02070927293015228
0.02057712763655834
0.0204449823429644
0.020312837049370463
0.020180691755776525
0.020048546462182584
0.019916401168588647
0.019784255874994723
0.019652110581400782
0.019528022498325182
0.019403934415249586
0.019279846332173983
0.019155758249098383
0.019031670166022786
0.018907582082947183
0.018783493999871583
0.018659405916795983
0.018535317833720387
0.018411229750644784
0.018293607155280875
0.018176631108688134
0.018059655062095392
0.01794267901550265
0.01782570296890991
0.017708726922317168
0.017591750875724427
0.01747477482913169
0.017357798782538948
0.017240822735946203
0.0171296160576769
0.01701969146125723
0.016909766864837562
0.016799842268417894
0.016689917671998226
0.01657999307557856
0.01647006847915889
0.016360143882739223
0.016250219286319555
0.016140294689899887
0.016035253269066956
0.015932043039079052
0.01582883280909115
0.015725622579103243
0.01562241234911534
0.015519202119127435
0.01541599188913953
0.015312781659151627
0.015209571429163722
0.015106361199175819
0.015007207159323584
0.014910370942406019
0.014813534725488462
0.014716698508570896
0.014619862291653333
0.014523026074735766
0.014426189857818201
0.014329353640900634
0.014232517423983071
0.014135681207065504
0.014042136738392406
0.013951335393256367
0.013860534048120324
0.013769732702984283
0.013678931357848242
0.013588130012712203
0.01349732866757616
0.01340652732244012
0.013315725977304078
0.01322492463216804
0.013136690486617163
0.013051536980568485
0.012966383474519807
0.012881229968471138
0.01279607646242246
0.012710922956373782
0.012625769450325104
0.012540615944276426
0.012455462438227748
0.01237030893217907
0.012287142859566206
0.012207454795466017
0.012127766731365829
0.01204807866726564
0.01196839060316545
0.011888702539065262
0.011809014474965072
0.011729326410864882
0.011649638346764694
0.011569950282664505
0.011491648662036504
0.01141704422400101
0.011342439785965514
0.011267835347930017
0.011193230909894523
0.011118626471859034
0.011044022033823538
0.010969417595788043
0.010894813157752547
0.010820208719717051
0.010746475433678591
0.01067666233162679
0.010606849229574989
0.010537036127523188
0.010467223025471387
0.010397409923419587
0.010327596821367786
0.010257783719315985
0.010187970617264185
0.010118157515212384
0.010048754587300096
0.009983453400782936
0.00991815221426578
0.00985285102774862
0.009787549841231463
0.009722248654714303
0.009656947468197147
0.009591646281679994
0.009526345095162835
0.009461043908645678
0.009395742722128519
0.009334680404919216
0.00927361808770991
0.009212555770500605
0.0091514934532913
0.009090431136081996
0.009029368818872691
0.008968306501663387
0.008907244184454082
0.008846181867244778
0.008785119550035471
0.008727677683173028
0.008670597861345268
0.008613518039517508
0.00855643821768975
0.00849935839586199
0.00844227857403423
0.00838519875220647
0.008328118930378712
0.008271039108550957
0.008213959286723199
0.008159939338706056
0.00810659936264683
0.008053259386587604
0.00799991941052838
0.007946579434469152
0.007893239458409926
0.0078398994823507
0.007786559506291474
0.007733219530232248
0.007679879554173022
0.0076290878205380165
0.007579251677812095
0.007529415535086174
0.007479579392360252
0.007429743249634331
0.007379907106908409
0.007330070964182488
0.007280234821456566
0.0072303986787306445
0.007180562536004727
0.0071327351551537434
0.007086055638231296
0.007039376121308848
0.0069926966043864
0.006946017087463953
0.006899337570541505
0.006852658053619056
0.00680597853669661
0.006759299019774161
0.006712619502851714
0.006667697541706074
0.00662424021037444
0.006580782879042806
0.006537325547711172
0.006493868216379539
0.006450410885047905
0.006406953553716271
0.0063634962223846365
0.006320038891053003
0.00627658155972137
0.0062344318597787555
0.0061938513175029694
0.00615327077522718
0.0061126902329513896
0.006072109690675599
0.006031529148399809
0.005990948606124019
0.00595036806384823
0.005909787521572439
0.005869206979296649
0.0058296054450188315
0.005791717174737468
0.005753828904456104
0.00571594063417474
0.005678052363893375
0.00564016409361201
0.005602275823330646
0.005564387553049282
0.005526499282767917
0.0054886110124865535
0.0054514101095438595
0.005416042186170956
0.005380674262798052
0.0053453063394251505
0.005309938416052247
0.005274570492679342
0.005239202569306437
0.005203834645933533
0.005168466722560629
0.0051330987991877255
0.005098158630680281
0.0050651433590674115
0.00503212808745454
0.00499911281584167
0.0049660975442288
0.00493308227261593
0.00490006700100306
0.00486705172939019
0.0048340364577773185
0.004801021186164448
0.004768205782037287
0.004737389052767207
0.004706572323497129
0.00467575559422705
0.0046449388649569745
0.004614122135686895
0.004583305406416816
0.0045524886771467375
0.004521671947876659
0.004490855218606579
0.0044600384893365005
0.004431277465297682
0.004402516441258863
0.004373755417220045
0.004344994393181227
0.0043162333691424085
0.0042874723451035894
0.00425871132106477
0.004229950297025952
0.004201189272987134
0.004172428248948315
0.004145410417280375
0.0041185669048495206
0.004091723392418669
0.004064879879987816
0.004038036367556962
0.004011192855126112
0.003984349342695258
0.003957505830264405
0.003930662317833553
0.003903818805402697
0.0038784399499799827
0.00385338657389241
0.003828333197804838
0.003803279821717265
0.003778226445629693
0.0037531730695421206
0.0037281196934545527
0.0037030663173669804
0.0036780129412794078
0.0036529595651918355
0.0036291226098054295
0.003605741812181961
0.003582361014558493
0.003558980216935024
0.0035355994193115555
0.003512218621688087
0.0034888378240646185
0.00346545702644115
0.0034420762288176815
0.0034186954311942134
0.0033963069655430713
0.0033744855467332585
0.003352664127923446
0.0033308427091136334
0.003309021290303821
0.0032871998714940082
0.003265378452684196
0.0032435570338743835
0.0032217356150645708
0.003199914196254758
0.003178769980938047
0.0031581901018655867
0.0031376102227931263
0.0031170303437206663
0.003096450464648206
0.003075870585575745
0.0030552907065032847
0.0030347108274308243
0.003014130948358364
0.0029935510692859035
0.0029736959534457795
0.00295471055348446
0.00293572515352314
0.0029167397535618195
0.0028977543536005002
0.00287876895363918
0.00285978355367786
0.0028407981537165398
0.00282181275375522
0.002802827353793904
0.0027843010553375786
0.002766578184514995
0.0027488553136924116
0.002731132442869828
0.0027134095720472446
0.002695686701224661
0.002677963830402077
0.002660240959579494
0.00264251808875691
0.0026247952179343265
0.0026073934764769056
0.0025908480799932522
0.0025743026835095993
0.0025577572870259455
0.002541211890542292
0.0025246664940586387
0.002508121097574985
0.002491575701091332
0.0024750303046076785
0.002458484908124025
0.002442139339284432
0.0024266929948431144
0.0024112466504017964
0.002395800305960478
0.0023803539615191603
0.002364907617077842
0.0023494612726365238
0.0023340149281952057
0.0023185685837538877
0.0023031222393125692
0.0022877689859283823
0.0022733466431155013
0.0022589243003026203
0.0022445019574897393
0.0022300796146768583
0.0022156572718639773
0.0022012349290510963
0.0021868125862382153
0.0021723902434253343
0.0021579679006124533
0.0021435455577995723
0.002130077945506853
0.002116610333214134
0.002103142720921417
0.0020896751086286977
0.0020762074963359784
0.002062739884043259
0.0020492722717505396
0.0020358046594578204
0.002022337047165101
0.0020088694348723815
0.001996211670047429
0.001983634889969253
0.0019710581098910766
0.0019584813298129007
0.0019459045497347248
0.0019333277696565484
0.0019207509895783723
0.0019081742095001964
0.0018955974294220202
0.0018830206493438441
0.001871122802439625
0.0018593758295740628
0.0018476288567085008
0.0018358818838429389
0.0018241349109773767
0.0018123879381118147
0.0018006409652462523
0.0017888939923806904
0.0017771470195151282
0.0017654000466495662
0.0017542156544837532
0.0017432422300803457
0.0017322688056769385
0.0017212953812735313
0.0017103219568701238
0.0016993485324667164
0.0016883751080633092
0.001677401683659902
0.0016664282592564945
0.0016554548348530873
0.0016449407154615864
0.0016346890560768892
0.001624437396692192
0.0016141857373074945
0.0016039340779227976
0.001593682418538102
0.0015834307591534047
0.0015731790997687075
0.0015629274403840103
0.0015526757809993129
0.0015427909027473062
0.001533211675439208
0.00152363244813111
0.0015140532208230122
0.001504473993514914
0.001494894766206816
0.001485315538898718
0.0014757363115906201
0.001466157084282522
0.001456577856974424
0.0014472836546088944
0.0014383314821744472
0.00142937930974
0.0014204271373055527
0.0014114749648711058
0.0014025227924366586
0.0013935706200022113
0.001384618447567764
0.001375666275133317
0.0013667141026988696
0.0013579746714872721
0.001349607537415661
0.0013412404033440503
0.0013328732692724392
0.0013245061352008284
0.0013161390011292174
0.0013077718670576066
0.0012994047329859958
0.0012910375989143848
0.001282670464842774
0.0012744519882906188
0.0012666299317903463
0.0012588078752900742
0.0012509858187898014
0.001243163762289529
0.0012353417057892565
0.001227519649288984
0.0012196975927887114
0.001211875536288439
0.001204053479788168
0.0011963238365515962
0.001189010053001678
0.0011816962694517594
0.0011743824859018412
0.001167068702351923
0.0011597549188020046
0.0011524411352520864
0.001145127351702168
0.0011378135681522497
0.0011304997846023313
0.0011232291196416268
0.001116389640573061
0.001109550161504495
0.0011027106824359292
0.0010958712033673633
0.0010890317242987974
0.0010821922452302314
0.0010753527661616655
0.0010685132870930994
0.0010616738080245335
0.0010548343289559677
