0.2154157032066235
0.2502653663389986
0.28697236627114725
0.325371935559266
0.3652276059300975
0.4063671148534915
0.4485739186688087
0.49166019190479604
0.5354601992735604
0.5797669895751101
0.62444012970059
0.669296774739462
0.7141920815040037
0.7589962826028955
0.803556929725918
0.8477735477734387
0.8915261076527218
0.9347179798970616
0.9772549663888908
1.019057442658025
1.0600532314975255
1.1001830004664224
1.1393926679711588
1.1776202469299055
1.2148445455622692
1.251019752879431
1.2861268373191934
1.3201357907188196
1.3530332819054425
1.3848089908363188
1.4154569694639036
1.4449691916044554
1.4733465823238718
1.5005961523627742
1.5267204191069768
1.5517262751717276
1.5756294784164604
1.5984376528818907
1.6201652649577007
1.6408314141855567
1.660450529251161
1.6790409635021155
1.6966270551494094
1.71321693880307
1.7288414137902584
1.7435149797068503
1.7572654349140537
1.7701153021283724
1.7820726685789219
1.7931744182413365
1.803433474531697
1.812883948587223
1.821536727882356
1.8294143252326283
1.8365433104218827
1.842942407244028
1.8486405317041978
1.8536464816017697
1.8579889466013848
1.8616858253346547
1.8647610739091196
1.867232829227614
1.8691157286889801
1.8704404071475562
1.8712114910637192
1.8714650263386392
1.8711965265083943
1.8704413696862754
1.869216319651201
1.8675292620678519
1.8654091268159365
1.8628508343074621
1.8598904017319409
1.8565406878482134
1.8528097369468288
1.8487170102142718
1.8442695434356589
1.8394907511058844
1.8343883649582886
1.8289822936289846
1.8232724055693756
1.817283539260058
1.8110209392942929
1.8044993110291345
1.7977342292721215
1.7907215173693904
1.7834897910906875
1.7760385831830747
1.768382985085709
1.7605341283974512
1.7524898143349825
1.74427570615758
1.7358895745404255
1.727343833217525
1.7186484682935017
1.7098063111668445
1.7008318278636492
1.6917296295851652
1.68250477227766
1.6731665489498602
1.6637239416557528
1.65417891902388
1.644542565908705
1.634818350450517
1.625011931736494
1.6149062360450328
1.6045031815772506
1.5944908670572857
1.584420769341525
1.5742953843252787
1.5641249421647814
1.5539053827818083
1.5436490766915334
1.5333557649281124
1.5230335566603779
1.51268491206833
1.5023059998214665
1.4919144329331586
1.4815078457798858
1.4710892987463107
1.4606628774185253
1.4502304392648135
1.439797019478705
1.4293636584354874
1.4189350051883598
1.4085126604477787
1.3981006609989863
1.3876992015586171
1.3773132523663305
1.3669444783481175
1.3565941391268084
1.3462659162161408
1.3359608948666573
1.3256819058067062
1.315429665776585
1.30520667040311
1.2950154624238714
1.2848565364864675
1.27473285900767
1.264644363851002
1.2545937789111794
1.2445815771274917
1.2346102537999402
1.2246804998247676
1.214792551446676
1.2049493194515217
1.1951506012130897
1.1853984175208945
1.1756927080332948
1.1660353941206547
1.1564206118680986
1.1467749075495541
1.1370860639679912
1.1276312382576366
1.1182278757986899
1.1088762908720662
1.0995782992743037
1.090334633916144
1.0811454507785103
1.0720114437748716
1.0629324250490446
1.053909433803275
1.044941973811521
1.0360318599860159
1.0271795673551614
1.018384064362754
1.0096461116740518
1.0009660585514673
0.9923440523711692
0.9837804477026678
0.9752754777775532
0.9668292955006195
0.9584416034337164
0.950112756273653
0.9418434087001843
0.933633187115241
0.9254818206783626
0.9173896406024951
0.9093569889364925
0.9013834636430018
0.893469118429686
0.8856141260404892
0.8778181867371324
0.8700806729682709
0.8624026473628533
0.854783630434049
0.8472230762535357
0.8397215567338541
0.8322782240149778
0.8248934183413811
0.8175666391486767
0.8102981969262381
0.803087038104413
0.7959344585517409
0.7888388923825804
0.7818006207040546
0.7748194228419055
0.7678948496566865
0.7610274385362013
0.7542160771284776
0.7474607007916728
0.7407618823603801
0.734118187520558
0.7275295554726926
0.7209965438016894
0.7145183052805356
0.7080944021181551
0.7017249536280064
0.6954094640982597
0.6891475426059026
0.6829390900788294
0.6767833744137639
0.6706813038031739
0.6646307298785801
0.6586328565015769
0.6526866843240612
0.6467921675160139
0.6409484820014447
0.635155988487282
0.6294140731910041
0.623722076867825
0.6180799456259247
0.6124880067997301
0.6069445892669781
0.6014506165467288
0.5960047993173585
0.5906074109099042
0.5852578245173179
0.5799557254537759
0.5747011422268643
0.5694933603620196
0.5643315675522829
0.5592208097588123
0.5541516132182274
0.5491901259455457
0.5443442241962129
0.5394077699823566
0.5345157119652774
0.5296682092675815
0.5248642649331651
0.5201036749728327
0.5153862640704956
0.5107121736090429
0.5060800870009242
0.5014904315242164
0.4969421163942381
0.4924354504529867
0.4879704184038723
0.48354533139410655
0.4791616737343791
0.47481730389552634
0.47051325949499034
0.466248812080263
0.4620230110741971
0.4578370317748004
0.4536883709137267
0.44957977722816495
0.4455077875750577
0.44147303927963083
0.43747547744790766
0.4335148334340724
0.4295911431911598
0.4257034416372434
0.42185188807262847
0.41803543152850886
0.41425493115681883
0.4105093635145445
0.4067983118383089
0.403121997322693
0.3994790865176439
0.39587082639372684
0.3922958917506262
0.3887538866753201
0.3852451691560977
0.3817687096542072
0.37832488716000595
0.3749130460386134
0.371532892418456
0.3681845503689746
0.364867146406504
0.3615805275019751
0.358324802847346
0.35509952432505254
0.35190412026050993
0.34873888838967443
0.34560256995990046
0.34249607783546526
0.3394185542279804
0.3363695051261772
0.3333494061487343
0.33035683817509587
0.3273927349850721
0.32445643275936736
0.32154716614810314
0.31866557512895344
0.3158102914169063
0.31298226155789904
0.31018056414164036
0.307404930289041
0.3046554073769233
0.3019313285346494
0.299232989630421
0.2965599871843374
0.2939119524491886
0.2912883676529775
0.288689664947048
0.28611512821510865
0.2835649004327624
0.28103836277157
0.2785349845655504
0.27605579686711246
0.2735994002354732
0.27116611167576193
0.26875563903955063
0.2663672681401689
0.26400175843722423
0.2616580359822001
0.25933838242419344
0.2570651926043707
0.25478640297175364
0.2525850631097822
0.2503483061019196
0.24813228998785009
0.24593698543057602
0.24376247157885106
0.241607710068438
0.23947367850360954
0.23735921399727106
0.23526458581818785
0.23318964636970632
0.2311333760788795
0.22909711163404844
0.22707946078065216
0.2250806658027182
0.22310060661040731
0.22113852470782885
0.21919514686593955
0.2172697496350522
0.2153623422094678
0.21347269741787553
0.21160045857232102
0.20974570366116804
0.20790837501397633
0.20608800604061225
0.20428439263816198
0.20249770405243678
0.20072746552778764
0.1989740879113434
0.19723668221164903
0.19551518803292492
0.1938099838979877
0.19212034359349311
0.19044681439893585
0.18878845604470476
0.18714528085875445
0.18551768306953537
0.18390493406361064
0.18230733599679202
0.18072429893532233
0.17915587465215765
0.1776020386782339
0.17606259178191883
0.17453726561871077
0.17302607899757158
0.17152886844798146
0.17004528807586727
0.16857573759773217
0.16711943314945832
0.1656767745485269
0.16424738317523677
0.16283082430513668
0.16142780097947582
0.16003731476846064
0.15865985962444
0.15729496258663328
0.15594238136844568
0.15460255767096467
0.15327485416915956
0.15195948161192915
0.15065611029462736
0.14936457553061155
0.1480849350178635
0.14681717002266098
0.1455608621600317
0.14431606417540171
0.14308265332012293
0.14186036183388853
0.14064961924250063
0.13944967438202668
0.1382607295520768
0.1370826404072598
0.13591618797006358
0.13477415543628266
0.133627626153176
0.13252184671791759
0.13139569078082816
0.13027957001906892
0.12917360033859066
0.12807791118921483
0.126991988381844
0.12591598514277771
0.12484981362402164
0.12379330450953017
0.122746342006377
0.12170876408099571
0.12068079106964245
0.11966205828516101
0.11865240964843363
0.11765224928447894
0.11666089387635005
0.11567837692170917
0.1147049849976683
0.11374027131746911
0.11278440956010692
0.11183679871665068
0.11089807367351773
0.10996782655094316
0.10904578399842993
0.10813238763725902
0.10722699997730391
0.10632968189886399
0.10544058008052193
0.10455895199058747
0.10368569337410047
0.10282025605594211
0.10196263629988735
0.1011126530465323
0.10027027193619407
0.09943556874873721
0.09860827515393114
0.0977882745324494
0.09697573888337173
0.09617050000913388
0.09537166269686459
0.09458086186639628
0.09379697163345929
0.09302031371256378
0.09225029034007518
0.0914872362177135
0.09073090546575804
0.08998115303465674
0.08923828959686823
0.08850193223220758
0.08777208915474054
0.08704877212245522
0.08633187621357487
0.08562136187635401
0.0849170545782044
0.08421915458823091
0.0835263490442398
0.08284059047141835
0.08216105594427742
0.08148741671197249
0.0808197642338438
0.08015802099796322
0.079502126224677
0.07885198577852809
0.07820753048272407
0.07756883071505961
0.0769357270888813
0.07630808109372912
0.07568608538522298
0.07506955521292706
0.074458335458024
0.07385261937842744
0.07325216972694819
0.07265694335041363
0.07206696263578694
0.0714821188880077
0.07090113403965803
0.07032643776055474
0.0697568966774467
0.06919235607241267
0.06863258669221262
0.06807786295170459
0.06752789683974739
0.06698266609853562
0.06644226902792197
0.06590653983081474
0.06537547383857965
0.06484895882987289
0.06432711354496097
0.06380984729631815
0.0632969868476058
0.06278860705952104
0.062284651153556234
0.061784985421283745
0.061289680981170096
0.06079870359024491
0.06031188973791199
0.0598293276468927
0.059350956140826625
0.05887670950179892
0.058404763555192606
0.05793863150856135
0.057476598871873445
0.05701844318360486
0.05656426539314971
0.05611404139927281
0.055667642052005986
0.05522510184251592
0.05478639193888791
0.054351450656213676
0.05392016938547224
0.05349262111886935
0.0530687216015871
0.05264841501177133
0.052231740634449936
0.05181864400078189
0.05140906566299678
0.05100293414093747
0.05060033661680086
0.050201148019099154
0.04980530298747729
0.04941289102863733
0.049023776717664176
0.04863795522934925
0.04825548969128886
0.04787627703359213
0.04750024533831562
0.04712526877672766
0.04675565128073605
0.04638916879524198
0.04602576066622486
0.04566542663986237
0.045308142858444735
0.04495385783946074
0.04460261485569238
0.044254359563360386
0.043908949434356095
0.043566480541352495
0.043226907002429774
0.04289019274280353
0.042556300674346556
0.04222520560598109
0.041896948477445385
0.041571406434565666
0.04124862882998223
0.04092858858203682
0.04061116540651191
0.0402964037407061
0.03998429697260531
0.03967479129087971
0.0393678664697652
0.03906353995889245
0.03876173667032304
0.038462441444676546
0.038165659957561784
0.037871356978660835
0.03757949795721707
0.03729001334917116
0.037000708461634176
0.03671612012571114
0.036433883966431956
0.03615405321827963
0.03587647890505053
0.035601218587613066
0.03532825195267651
0.03505755599798388
0.03478908976229784
0.03452280059788667
0.034258745479272185
0.03399686857788094
0.03373716743746871
0.03347964108774464
0.03322420596291718
0.03297084168520154
0.03271961572527056
0.03247045211403173
0.032223315257213864
0.03197822195399176
0.0317351291793257
0.03149407696465716
0.03125497762392016
0.03101785353348258
0.0307826682581236
0.030549370312762888
0.030318030818314304
0.030088576896422834
0.02986097319743185
0.029635227192645542
0.029411342412923695
0.029189285480748013
0.0289690301155409
0.028748228445327022
0.0285315871503157
0.028316705706741368
0.02810358976364193
0.027892219027487144
0.027682562193032837
0.027474592910958627
0.027268346695413854
0.027063745396163748
0.02686079708822828
0.026659525294357413
0.026459845035434054
0.026261783186166492
0.026065325872952544
0.025870455688821795
0.025677166669327164
0.025485430341860148
0.02529525166539234
0.02510660209937002
0.024919454460060123
0.0247338596702698
0.02454973548135475
0.02436705818023242
0.02418589052485495
0.024006169328947603
0.023827898643881643
0.023651060751545987
0.023475611879554693
0.023301601911964787
0.023128954443761684
0.02295771268802898
0.022787836103020678
0.022619276612850847
0.022449772910997444
0.022283974455055595
0.022119484727304337
0.021956324740531257
0.02179445387864131
0.021633881122309222
0.021474575183953196
0.02131653915741568
0.021159755406090316
0.021004206062498077
0.02084991797534633
0.02069686257390627
0.020544993397779602
0.02039434056578861
0.02024488540463394
0.0200965928483742
0.019949490505620483
0.01980353995960313
0.01965873931736648
0.019515087220887944
0.019372572869969514
0.019231189767878732
0.01909090937288078
0.018951741366801757
0.01881367534728246
0.01867668357170374
0.018540766397951897
0.01840592068777271
0.018272139163455853
0.018139399095693766
0.018007719788200205
0.017877057568450684
0.017745293833368876
0.017616699307513684
0.017489105240739555
0.017362522912113692
0.01723691816371421
0.017112310710780485
0.016988903558641764
0.016866212471565514
0.01674451089183998
0.016623743633583325
0.016503908677263524
0.01638818461214081
0.016270169850165207
0.016153065195350362
0.01603687619161444
0.015921598993421916
0.01581386509002495
0.01570027655139844
0.015587587139521885
0.015475764102955461
0.015364783107771585
0.015254670470833771
0.015145419769655007
0.015036993856857098
0.014929431182034316
0.014822712429141207
0.014716794985138646
0.014611693892925283
0.01450742279439679
0.014403943255794267
0.014301243661637762
0.014199339248010806
0.014098226096318814
0.01399789064952405
0.013898329194817555
0.013799540062457259
0.013701485042169016
0.013604181168148434
0.013507644928116673
0.013411833245542298
0.013316743153683239
0.01322238536648835
0.0131287715500568
0.013035866881112463
0.012943673391955735
0.012852193195814298
0.01276138872744386
0.01267127332363758
0.012581863083143123
0.012493120285487297
0.012405046181278561
0.012317655772637052
0.012230932994881254
0.012144858858505799
0.012059440877678051
0.011974682557278868
0.011890546802265898
0.011807042919926333
0.011724187749159986
0.011641951941726287
0.011560345379943732
0.011471991544235506
0.011391729796566833
0.011312063749558048
0.011233004418851836
0.011154549587938033
0.011076668841138402
0.010999366870932194
0.010922660538118894
0.010846524552006923
0.010770965833657093
0.010695983854264778
0.010621553955798266
0.010547675847557978
0.010474355493475569
0.010401591974200717
0.010329361032076179
0.010257669058836143
0.010186529243672977
0.01011592083721556
0.010045836084091337
0.009976287062407002
0.009907243199343675
0.009838711163783945
0.009770691341585352
0.009703184593573782
0.009636171828381581
0.00956964890758637
0.009503644402696618
0.009438118726235853
0.009373076980454571
0.009308532799967408
0.009244454031411704
0.009180845328993426
0.009117714261365255
0.009055057883184916
0.008992860287083225
0.00893112386898822
0.008869855842737103
0.008809029957375094
0.008748647442291792
0.008688729426364873
0.008629240095528621
0.00857018268746222
0.00851156523546949
0.00845337789942044
0.00839562556313742
0.008338296990505431
0.008281395100122246
0.008224903898478167
0.008168818313330639
0.00811316641359205
0.008057915667490041
0.008003061516833769
0.007948616560520596
0.00789456885407622
0.007840925146994466
0.007787670858900448
0.0077348079355598195
0.00768232623581268
0.007630217714337778
0.007578508274054566
0.007527167430831074
0.007476191418863417
0.0074255978165823616
0.0073753735568955715
0.007325514897057199
0.007276019999790736
0.0072268845569116264
0.007178107378978024
0.007129676638935423
0.007081610020974443
0.007033888451920287
0.006986503024464152
0.00693947952500325
0.0068927902537748685
0.00684643485965709
0.006800420687010142
0.006754737603507611
0.006709381421820615
0.006664346447708333
0.006619643470232357
0.006575263847487959
0.006531202221453258
0.006487467193809866
0.006444042377071525
0.0064009243084501115
0.006358129017704666
0.006315639592399471
0.006273450995302206
0.006231561465774247
0.0061899759032593244
0.006148696758653019
0.006107708418042837
0.006067020338009532
0.006026620040649857
0.0059865006564213796
0.005946677198120851
0.005907138426834859
0.00586787688023104
0.005828893948219098
0.005790195178248651
0.0057517762229031145
0.005713627288040897
0.00567575923623895
0.0056381585890800355
0.005600817935172331
0.005563748287121808
0.005526945248419099
0.005490397566529605
0.005454112035943333
0.005418090004653917
0.005382320400055718
0.005346804183432498
0.0053115437311199365
0.005276531434196693
0.005241760097957621
0.005207237586506311
0.00517296360731965
0.0051389270667911565
0.0051051378265383985
0.005071589937342941
0.005038276045306423
0.0050051968275868506
0.004972355895385131
0.004939744605077164
0.0049073569494797195
0.004865740018481952
0.004833930455472474
0.004802346300681759
0.0047709841928416045
0.00473984309249402
0.004708914987852197
0.0046782022743853255
0.0046477110988571175
0.004617430138661855
0.004587356129561129
0.004557493266527935
0.004527845738100785
0.004498406876149125
0.0044691733050439865
0.004440145155599957
0.004411313646620681
0.004382681616495897
0.004354255991009976
0.004326024711574247
0.004297986248750498
0.004270147178680102
0.004242503860820654
0.004215050677210593
0.0041877885297602665
0.004160717458765804
0.004133828734624512
0.0041071248613191325
0.004080611283757762
0.0040542789369202486
0.00402813098066615
0.004002168123688005
0.003976384090690131
0.003950775775593478
0.003925345905100883
0.003900093778189525
0.0038750109004413295
0.003850099107285837
0.0038253628343954673
0.003800797356080548
0.0037764027234846887
0.0037521770134904303
0.0037281163361059986
0.0037042179982702387
0.003680486629286546
0.0036569203875205323
0.003633511477446114
0.003610261761965138
0.003587177116713434
0.003564253353579831
0.0035414855150337245
0.0035188752348200006
0.003496417304224677
0.0034741107668203697
0.0034519581819787777
0.003429959472617745
0.0034081075269996
0.0033864023757277434
0.003364853079132719
0.003343448227080228
0.0033221890374117652
0.0033010770655799077
0.003280105847357299
0.0032592758759459137
0.003238587874296697
0.003218045304242425
0.0031976398974255214
0.003177374092343994
0.0031572498451514536
0.003137258572064977
0.003117403454812094
0.003097685849371003
0.0030780986121097882
0.003058642520868242
0.0030393180833945327
0.003020126736580679
0.0030010662717607803
0.0029821339116954237
0.0029633316905582708
0.002944653442132615
0.0029261004816893087
0.002907677092766215
0.0028893756337788888
0.002871196585896843
0.002853140607516767
0.0028352083662114124
0.002817399000767324
0.0027997076281591725
0.002782136577655519
0.0027646812920660052
0.0027473409518261583
0.0027301228908211106
0.002713017215305431
0.00269602403891128
0.002679147064847984
0.0026623844392083627
0.0026457354399384665
0.00262919660038662
0.0026127690807137972
0.002596449785513269
0.0025802382243014918
0.002564140620774281
0.0025481481512910254
0.0025322604104195297
0.0025164831985226015
0.0025008095766968024
0.002485240881813813
0.002469775997568243
0.002454414132319193
0.0024391532607643996
0.0024239913708432904
0.002408933987700512
0.0023939758957180245
0.0023791175791858716
0.0023643600091948196
0.0023496987239799
0.00233513377947571
0.0023206679676551394
0.00230629820096769
0.0022920225290881447
0.002277839283943143
0.0022637518540786243
0.002249760620107448
0.002235859937442991
0.0022220528182288622
0.0022083355029299733
0.0021947066747231266
0.0021811705924015047
0.002167723375715054
0.002154363462908198
0.0021410901026926842
0.002127906906320465
0.0021148123530040034
0.002101802097084372
0.0020888790983520423
0.0020760409277658107
0.002063284875520755
0.002050614770523954
0.0020380282102169358
0.00202552267251189
0.0020130994178900507
0.0020007595809260416
0.001988500617547724
0.0019763211518477822
0.0019642225166651784
0.0019522021582574643
0.0019402582789577285
0.0019283936325409025
0.0019166078001484886
0.001904897939514054
0.0018932658126045016
0.0018817099313426045
0.0018702292925444665
0.0018588240700918547
0.0018474940180152552
0.0018362370594295606
0.0018250513796733733
0.001813938926155838
0.001802900529074725
0.0017919344768576669
0.0017810395149865752
0.0017702155163662448
0.0017594604667939752
0.0017487751883411837
0.0017381605990645585
