0.21834676516976217
0.24398968214092112
0.26963259911208004
0.295275516083239
0.3209184330543978
0.3465613500255568
0.37220426699671566
0.39784718396787455
0.4234901009390335
0.4491330179101924
0.47477593488135134
0.5017429010522622
0.528842272143148
0.555941643234034
0.5830410143249201
0.6101403854158061
0.6372397565066921
0.664339127597578
0.6914384986884641
0.71853786977935
0.7456372408702359
0.7701584621634319
0.7941067612793632
0.8180550603952946
0.842003359511226
0.8659516586271574
0.8898999577430888
0.9138482568590202
0.9377965559749515
0.961744855090883
0.9856931542068144
1.0059103432051997
1.0247283659095054
1.043546388613811
1.0623644113181168
1.0811824340224223
1.1000004567267279
1.1188184794310336
1.1376365021353392
1.1564545248396452
1.1752725475439505
1.190568308365049
1.2038513481100288
1.2171343878550085
1.2304174275999882
1.243700467344968
1.2569835070899478
1.2702665468349277
1.2835495865799074
1.296832626324887
1.310115666069867
1.320621386394287
1.3288126738682413
1.3370039613421956
1.3451952488161498
1.3533865362901039
1.361577823764058
1.3697691112380121
1.3779603987119664
1.3861516861859204
1.3943429736598747
1.400584489597671
1.4044862796920776
1.4083880697864843
1.4122898598808913
1.416191649975298
1.4200934400697047
1.4239952301641117
1.4278970202585186
1.4317988103529253
1.435700600447332
1.4383619670771495
1.4388525926439346
1.4393432182107198
1.439833843777505
1.4403244693442903
1.4408150949110752
1.4413057204778603
1.4417963460446457
1.4422869716114308
1.4427775971782162
1.4425603647667928
1.440455511080147
1.4383506573935008
1.4362458037068548
1.434140950020209
1.432036096333563
1.429931242646917
1.4278263889602711
1.4257215352736252
1.4236166815869793
1.421166690952759
1.4171635840544536
1.4131604771561483
1.409157370257843
1.4051542633595377
1.4011511564612327
1.3971480495629274
1.393144942664622
1.3891418357663168
1.3851387288680115
1.381014747164023
1.3756820174032005
1.3703492876423775
1.365016557881555
1.3596838281207324
1.3543510983599099
1.3490183685990873
1.3436856388382648
1.338352909077442
1.3330201793166192
1.3276874495557967
1.321473582859342
1.3152597161628872
1.3090458494664323
1.3028319827699775
1.2966181160735228
1.290404249377068
1.2841903826806131
1.2779765159841583
1.2717626492877034
1.2655487825912488
1.2588129561023647
1.2520249336342375
1.2452369111661106
1.2384488886979832
1.2316608662298563
1.2248728437617293
1.2180848212936022
1.211296798825475
1.204508776357348
1.197720753889221
1.190732814824578
1.1837004498495975
1.1766680848746176
1.1696357198996377
1.1626033549246573
1.1555709899496773
1.1485386249746972
1.141506259999717
1.1344738950247368
1.1274415300497567
1.120375504187269
1.113296855491966
1.106218206796663
1.0991395581013599
1.0920609094060567
1.0849822607107535
1.0779036120154504
1.0708249633201474
1.0637463146248445
1.0566676659295413
1.0496377164232291
1.0426355950249115
1.035633473626594
1.0286313522282766
1.021629230829959
1.0146271094316415
1.0076249880333243
1.0006228666350068
0.9936207452366892
0.9866186238383718
0.979713770139507
0.9728899728568526
0.9660661755741984
0.959242378291544
0.9524185810088899
0.9455947837262357
0.9387709864435814
0.9319471891609271
0.9251233918782729
0.9182995945956185
0.9115894994160024
0.9050158467600321
0.8984421941040616
0.8918685414480912
0.8852948887921208
0.8787212361361505
0.8721475834801801
0.8655739308242096
0.8590002781682393
0.8524266255122688
0.8459650898463016
0.8396997589128394
0.8334344279793773
0.8271690970459153
0.8209037661124532
0.8146384351789911
0.8083731042455292
0.8021077733120672
0.7958424423786049
0.7895771114451431
0.7834022985155322
0.7774688669295249
0.7715354353435174
0.76560200375751
0.7596685721715025
0.7537351405854951
0.7478017089994876
0.7418682774134803
0.7359348458274727
0.7300014142414656
0.7241312132004418
0.7185455496118445
0.7129598860232472
0.70737422243465
0.7017885588460526
0.6962028952574553
0.690617231668858
0.6850315680802608
0.6794459044916634
0.6738602409030662
0.668306670435812
0.6630740311819874
0.6578413919281625
0.6526087526743378
0.6473761134205132
0.6421434741666883
0.6369108349128636
0.6316781956590388
0.626445556405214
0.6212129171513894
0.6159802778975646
0.6110981991390957
0.6062161203806267
0.6013340416221575
0.5964519628636885
0.5915698841052195
0.5866878053467504
0.5818057265882812
0.5769236478298122
0.5720415690713432
0.567159490312874
0.5625929917046768
0.558058051111507
0.5535231105183369
0.5489881699251669
0.5444532293319967
0.5399182887388266
0.5353833481456566
0.5308484075524865
0.5263134669593165
0.5217785263661464
0.517509759834536
0.5133001430943833
0.5090905263542309
0.5048809096140783
0.5006712928739256
0.496461676133773
0.4922520593936203
0.4880424426534677
0.48383282591331506
0.4796232091731624
0.4756449546802413
0.47175346103003213
0.46786196737982294
0.46397047372961386
0.4600789800794047
0.4561874864291955
0.45229599277898624
0.448404499128777
0.4445130054785678
0.4406215118283586
0.43692488455838635
0.4333396095056922
0.42975433445299815
0.42616905940030414
0.4225837843476101
0.4189985092949161
0.41541323424222204
0.4118279591895279
0.40824268413683384
0.40465740908413983
0.4012201867922175
0.3979063418009383
0.39459249680965913
0.39127865181838
0.387964806827101
0.3846509618358218
0.3813371168445427
0.3780232718532635
0.3747094268619844
0.3713955818707052
0.36820413176911093
0.36515955553513857
0.36211497930116615
0.3590704030671938
0.35602582683322137
0.3529812505992491
0.34993667436527676
0.3468920981313043
0.3438475218973319
0.34080294566335956
0.3378461208357966
0.33504286096945035
0.33223960110310413
0.3294363412367578
0.32663308137041147
0.32382982150406525
0.32102656163771903
0.3182233017713728
0.3154200419050265
0.3126167820386802
0.309876096417191
0.30730227544865396
0.3047284544801169
0.3021546335115798
0.2995808125430428
0.2970069915745057
0.29443317060596874
0.29185934963743176
0.28928552866889473
0.2867117077003577
0.28417655689572585
0.28181542182866726
0.27945428676160877
0.2770931516945503
0.2747320166274917
0.2723708815604332
0.27000974649337467
0.26764861142631613
0.2652874763592577
0.26292634129219916
0.26058317585896684
0.25841970676399667
0.2562562376690265
0.2540927685740563
0.25192929947908616
0.24976583038411598
0.2476023612891458
0.24543889219417564
0.24327542309920544
0.24111195400423535
0.23894848490926518
0.23696530722999037
0.23498212955071557
0.23299895187144076
0.23101577419216596
0.22903259651289115
0.22704941883361632
0.2250662411543415
0.2230830634750667
0.2210998857957919
0.21911670811651718
0.21728541965370637
0.21546932011254197
0.21365322057137756
0.21183712103021313
0.21002102148904872
0.2082049219478843
0.2063888224067199
0.2045727228655555
0.2027566233243911
0.20094052378322677
0.19925014862708457
0.19758771222316954
0.1959252758192545
0.19426283941533945
0.19260040301142445
0.1909379666075094
0.1892755302035944
0.18761309379967933
0.1859506573957643
0.18428822099184927
0.1827296191713309
0.1812099553195862
0.17969029146784146
0.17817062761609673
0.17665096376435202
0.17513129991260729
0.17361163606086258
0.17209197220911784
0.17057230835737314
0.1690526445056284
0.16761406286838887
0.1662218139251524
0.1648295649819158
0.16343731603867925
0.16204506709544267
0.1606528181522061
0.15926056920896953
0.15786832026573297
0.1564760713224964
0.15508382237925986
0.15375704041120772
0.1524848142558093
0.15121258810041094
0.1499403619450125
0.1486681357896141
0.14739590963421567
0.14612368347881727
0.14485145732341884
0.14357923116802043
0.142307005012622
0.14108337372762325
0.13991805628710416
0.13875273884658507
0.13758742140606595
0.13642210396554688
0.13525678652502776
0.13409146908450864
0.13292615164398955
0.13176083420347057
0.13059551676295145
0.12946726290980345
0.12840387033455491
0.12734047775930635
0.1262770851840578
0.12521369260880927
0.1241503000335607
0.12308690745831216
0.12202351488306361
0.12096012230781505
0.11989672973256651
0.11885724330527953
0.11788150660589009
0.11690576990650065
0.11593003320711118
0.11495429650772172
0.11397855980833227
0.11300282310894283
0.11202708640955338
0.11105134971016392
0.11007561301077448
0.10911512700001243
0.1082232690880732
0.107331411176134
0.1064395532641948
0.10554769535225555
0.10465583744031635
0.10376397952837715
0.10287212161643794
0.10198026370449871
0.1010884057925595
0.10020339416137027
0.0993868453376807
0.09857029651399113
0.09775374769030158
0.09693719886661202
0.09612065004292246
0.09530410121923291
0.09448755239554335
0.09367100357185379
0.09285445474816423
0.09203790592447467
0.091292014078688
0.0905461222329014
0.08980023038711472
0.08905433854132808
0.08830844669554139
0.08756255484975473
0.08681666300396806
0.08607077115818139
0.08532487931239471
0.08457898746660805
0.08388943491392964
0.08320551629056205
0.08252159766719448
0.08183767904382688
0.0811537604204593
0.08046984179709171
0.07978592317372413
0.07910200455035656
0.07841808592698897
0.07773416730362138
0.07709764551724016
0.07647165636130036
0.0758456672053606
0.0752196780494208
0.07459368889348097
0.07396769973754118
0.07334171058160137
0.07271572142566156
0.07208973226972175
0.07146374311378194
0.07087633575783159
0.07030339657687729
0.06973045739592298
0.06915751821496867
0.06858457903401435
0.06801163985306005
0.06743870067210575
0.06686576149115145
0.06629282231019713
0.06571988312924283
0.06517765034595811
0.06465296407562743
0.06412827780529676
0.06360359153496609
0.06307890526463544
0.06255421899430477
0.06202953272397409
0.061504846453643416
0.06098016018331273
0.06045547391298207
0.05995493598526597
0.05947452167639536
0.05899410736752475
0.05851369305865414
0.058033278749783535
0.057552864440912926
0.05707245013204232
0.05659203582317171
0.0561116215143011
0.0556312072054305
0.05516913070786489
0.05472905958386527
0.05428898845986566
0.05384891733586605
0.053408846211866444
0.052968775087866835
0.05252870396386726
0.05208863283986765
0.05164856171586804
0.05120849059186843
0.05078177591238681
0.050378435010811705
0.04997509410923658
0.04957175320766147
0.04916841230608635
0.04876507140451124
0.04836173050293612
0.04795838960136101
0.04755504869978589
0.047151707798210776
0.04675757895544148
0.04638801560282102
0.04601845225020057
0.04564888889758011
0.04527932554495966
0.044909762192339206
0.044540198839718756
0.044170635487098306
0.04380107213447788
0.043431508781857434
0.04306753612192909
0.042728721579115274
0.042389907036301445
0.04205109249348764
0.04171227795067381
0.041373463407859995
0.04103464886504618
0.04069583432223236
0.04035701977941854
0.040018205236604716
0.03968193332356678
0.039371087708287705
0.03906024209300863
0.03874939647772955
0.038438550862450474
0.03812770524717139
0.03781685963189231
0.037506014016613236
0.03719516840133416
0.03688432278605511
0.036573477170776025
0.03628845541248978
0.03600343365420354
0.03571841189591729
0.03543339013763105
0.035148368379344805
0.034863346621058555
0.03457832486277231
0.03429330310448607
0.03400828134619983
0.03372325958791358
0.03345958329008717
0.03319804153830674
0.03293649978652631
0.03267495803474588
0.03241341628296545
0.032151874531185023
0.03189033277940459
0.03162879102762416
0.03136724927584374
0.031105707524063303
0.030861618328134728
0.030621407477950977
0.030381196627767226
0.03014098577758348
0.029900774927399728
0.029660564077215977
0.029420353227032226
0.029180142376848475
0.028939931526664728
0.02869972067648098
0.02847390104683637
0.028253478124893948
0.02803305520295152
0.027812632281009098
0.02759220935906667
0.02737178643712425
0.027151363515181826
0.0269309405932394
0.026710517671296972
0.02649009474935455
0.026281105448255217
0.026078649644780513
0.025876193841305826
0.02567373803783112
0.025471282234356414
0.02526882643088171
0.025066370627407006
0.0248639148239323
0.024661459020457594
0.02445900321698289
0.02426551206651905
0.02407949146023093
0.02389347085394281
0.023707450247654686
0.02352142964136657
0.02333540903507845
0.02314938842879033
0.02296336782250221
0.02277734721621409
0.02259132660992597
0.022412098911129958
0.022241022701324473
0.022069946491518992
0.021898870281713525
0.02172779407190804
0.02155671786210256
0.021385641652297074
0.02121456544249159
0.021043489232686105
0.02087241302288062
0.020706392050793762
0.0205492177447145
0.020392043438635227
0.020234869132555965
0.020077694826476696
0.01992052052039743
0.019763346214318165
0.0196061719082389
0.01944899760215963
0.019291823296080365
0.01913813153578276
0.018993726564236247
0.018849321592689736
0.018704916621143222
0.01856051164959671
0.018416106678050215
0.018271701706503704
0.018127296734957193
0.017982891763410683
0.017838486791864172
0.01769613859195943
0.017563045864442635
0.017429953136925844
0.017296860409409053
0.017163767681892265
0.017030674954375477
0.016897582226858682
0.016764489499341895
0.016631396771825104
0.016498304044308312
0.016366183492511555
0.01624378469791515
0.016121385903318745
0.01599898710872234
0.015876588314125938
0.015754189519529532
0.015631790724933124
0.015509391930336732
0.015386993135740325
0.015264594341143922
0.015142195546547516
0.015029510608881991
0.014916825671216466
0.014804140733550939
0.014691455795885416
0.014578770858219892
0.014466085920554365
0.014353400982888839
0.014240716045223315
0.014128031107557788
0.014015346169892265
0.01391070475925444
0.013806867701319381
0.013703030643384328
0.013599193585449271
0.013495356527514216
0.013391519469579161
0.013287682411644103
0.01318384535370905
0.013080008295774001
0.012976171237838948
0.012879371598563713
0.012784135830101776
0.012688900061639837
0.012593664293177901
0.012498428524715964
0.012403192756254025
0.012307956987792088
0.01221272121933015
0.012117485450868212
0.012022249682406274
0.011932178403159474
0.011844043807368355
0.011755909211577235
0.011667774615786114
0.011579640019994994
0.011491505424203874
0.011403370828412755
0.011315236232621633
0.011227101636830512
0.0111389670410394
0.011054971629003823
0.010973341464828559
0.010891711300653294
0.01081008113647803
0.010728450972302765
0.0106468208081275
0.010565190643952234
0.010483560479776971
0.010401930315601706
0.010320300151426442
0.010242359889759684
0.010167494546850018
0.01009262920394035
0.010017763861030683
0.009942898518121017
0.009868033175211349
0.009793167832301681
0.009718302489392015
0.009643437146482347
0.00956857180357268
0.00949634315792308
0.009427278548985564
0.009358213940048044
0.009289149331110521
0.009220084722173002
0.00915102011323548
0.009081955504297957
0.009012890895360436
0.008943826286422915
0.008874761677485394
0.008807635776536397
0.008743902614567325
0.00868016945259825
0.008616436290629179
0.008552703128660103
0.00848896996669103
0.008425236804721957
0.008361503642752883
0.008297770480783808
0.008234037318814735
0.008171641737161535
0.008112813036350662
0.008053984335539789
0.00799515563472892
0.00793632693391805
0.007877498233107176
0.007818669532296305
0.0077598408314854305
0.007701012130674558
0.007642183429863686
0.007584173705428254
0.0075298493746823025
0.007475525043936353
0.007421200713190403
0.007366876382444454
0.007312552051698504
0.007258227720952554
0.007203903390206604
0.007149579059460654
0.0070952547287147045
0.00704130705161084
0.006991125910927824
0.006940944770244809
0.006890763629561793
0.0068405824888787825
0.006790401348195766
0.00674022020751275
0.006690039066829735
0.00663985792614672
0.006589676785463704
0.006539495644780688
0.006493129756127343
0.0064467638674739975
0.006400397978820652
0.006354032090167305
0.00630766620151396
0.006261300312860613
0.006214934424207268
0.0061685685355539225
0.006122202646900577
0.006075836758247231
0.006032659862260091
0.00598980186553957
0.00594694386881905
0.0059040858720985296
0.005861227875378009
0.005818369878657493
0.005775511881936973
0.005732653885216452
0.005689795888495932
0.005646937891775409
0.005606722184448937
0.005567093652543367
0.005527465120637795
0.005487836588732225
0.005448208056826654
0.0054085795249210825
0.005368950993015519
0.005329322461109948
0.0052896939292043765
0.005250065397298805
0.005212601800194925
0.005175950053641678
0.005139298307088432
0.005102646560535185
0.005065994813981938
0.0050293430674286915
0.004992691320875446
0.004956039574322199
0.004919387827768952
0.0048827360812157055
0.0048478280322013
0.004813916381780517
0.004780004731359733
0.004746093080938951
0.004712181430518167
0.004678269780097385
0.004644358129676601
0.004610446479255818
0.0045765348288350355
0.004542623178414252
0.004509798080475874
0.0044778784429394996
0.004445958805403124
0.00441403916786675
0.004382119530330376
0.004350199892794001
0.0043182802552576265
0.004286360617721252
0.004254440980184878
0.004222521342648503
0.0041919315715321995
0.00416293764011998
0.00413394370870776
0.00410494977729554
0.004075955845883321
0.004046961914471101
0.004017967983058882
0.003988974051646662
0.003959980120234441
0.003930986188822228
0.0039027695625251982
0.0038759132201797537
0.0038490568778343087
0.0038222005354888637
0.003795344193143419
0.0037684878507979747
0.0037416315084525297
0.0037147751661070847
0.0036879188237616397
0.003661062481416195
0.003634743938617124
0.003609859527941717
0.0035849751172663093
0.0035600907065909022
0.003535206295915495
0.0035103218852400872
0.00348543747456468
0.0034605530638892727
0.0034356686532138656
0.003410784242538458
0.0033862309687909945
0.0033631678112192773
0.003340104653647561
0.003317041496075844
0.003293978338504128
0.0032709151809324107
0.003247852023360694
0.003224788865788977
0.0032017257082172608
0.003178662550645544
0.003155752097841831
0.0031343686927181565
0.0031129852875944816
0.0030916018824708076
0.0030702184773471327
0.0030488350722234587
0.003027451667099784
0.00300606826197611
0.002984684856852435
0.0029633014517287605
0.002941918046605086
0.002922085590267697
0.0029022531339303087
0.002882420677592923
0.0028625882212555344
0.0028427557649181455
0.0028229233085807566
0.0028030908522433677
0.002783258395905979
0.0027634259395685904
0.002743593483231201
0.002725064346379203
0.0027066655414757436
0.002688266736572284
0.002669867931668825
0.002651469126765365
0.002633070321861906
0.0026146715169584464
0.002596272712054987
0.002577873907151528
0.0025594751022480684
0.0025421590969195384
0.0025250837137187694
0.002508008330518001
0.002490932947317233
0.002473857564116464
0.002456782180915696
0.0024397067977149274
0.002422631414514159
0.0024055560313133903
0.002388480648112622
0.0023722946771447184
0.0023564422357641376
0.002340589794383558
0.0023247373530029783
0.0023088849116223984
0.002293032470241818
0.0022771800288612387
0.0022613275874806588
0.002245475146100079
0.002229622704719499
0.0022144902513875383
0.002199769219797647
0.002185048188207755
0.002170327156617863
0.0021556061250279706
0.0021408850934380814
0.0021261640618481896
0.0021114430302582978
0.0020967219986684055
0.0020820009670785133
0.0020678502270711397
0.0020541747300491984
0.0020404992330272567
0.002026823736005315
0.002013148238983373
0.0019994727419614315
0.0019857972449394898
0.001972121747917548
0.0019584462508956063
0.0019447707538736646
0.001931534925263375
0.001918826698747068
0.0019061184722307615
0.0018934102457144543
0.0018807020191981476
0.0018679937926818408
0.0018552855661655339
0.001842577339649227
0.00182986911313292
0.001817160886616613
0.0018047783266667227
0.0017929656832080608
0.001781153039749399
0.001769340396290737
0.0017575277528320752
0.0017457151093734132
0.0017339024659147515
0.0017220898224560896
0.0017102771789974278
0.001698464535538766
0.0016868778110868
0.0016758935373193569
0.001664909263551914
0.001653924989784471
0.001642940716017028
0.001631956442249585
0.001620972168482142
0.0016099878947146988
0.0015990036209472557
0.0015880193471798148
0.0015771745158083491
0.001566957175218782
0.0015567398346292148
0.001546522494039648
0.0015363051534500807
0.0015260878128605135
0.0015158704722709466
0.0015056531316813794
0.0014954357910918123
0.0014852184505022453
0.0014750657208124245
0.0014655591001200682
0.0014560524794277122
0.0014465458587353559
0.001437039238043
0.0014275326173506437
0.0014180259966582874
0.0014085193759659314
0.001399012755273575
0.001389506134581219
0.0013799995138888627
