0.31182677942043835
0.36167341292828503
0.41152004643613155
0.46136667994397823
0.5112133134518247
0.5610599469596714
0.6109065804675179
0.6607532139753646
0.7105998474832111
0.7604464809910577
0.8102931144989043
0.8587822332906846
0.9071356006108582
0.9554889679310317
1.0038423352512056
1.052195702571379
1.1005490698915525
1.148902437211726
1.1972558045318997
1.2456091718520734
1.293962539172247
1.3334837673828168
1.3710422980134747
1.4086008286441325
1.4461593592747906
1.4837178899054484
1.5212764205361062
1.558834951166764
1.596393481797422
1.6339520124280802
1.6715105430587378
1.6999888064237099
1.7250619695640497
1.7501351327043893
1.7752082958447288
1.8002814589850686
1.8253546221254084
1.8504277852657482
1.875500948406088
1.9005741115464279
1.9256472746867672
1.943711673054671
1.9577710629811826
1.9718304529076942
1.9858898428342058
1.9999492327607176
2.014008622687229
2.028068012613741
2.0421274025402525
2.056186792466764
2.0702461823932756
2.0795977468866016
2.08502612351894
2.090454500151278
2.095882876783616
2.101311253415954
2.1067396300482923
2.1121680066806303
2.1175963833129683
2.1230247599453067
2.1284531365776447
2.131006029239276
2.130108341136059
2.1292106530328416
2.1283129649296253
2.1274152768264076
2.126517588723191
2.1256199006199736
2.124722212516757
2.1238245244135396
2.122926836310323
2.120428824589263
2.115130246536978
2.1098316684846936
2.104533090432409
2.0992345123801246
2.09393593432784
2.0886373562755556
2.083338778223271
2.078040200170986
2.0727416221187016
2.066649960205766
2.058443407997761
2.050236855789756
2.0420303035817513
2.0338237513737463
2.0256171991657412
2.017410646957736
2.009204094749731
2.000997542541726
1.9927909903337213
1.9842570852357295
1.9742500921327972
1.964243099029865
1.9542361059269326
1.9442291128240003
1.9342221197210683
1.9242151266181358
1.9142081335152037
1.9042011404122714
1.894194147309339
1.8840962984267233
1.8730898917472725
1.8620834850678216
1.8510770783883705
1.84007067170892
1.8290642650294688
1.8180578583500178
1.8070514516705671
1.796045044991116
1.785038638311665
1.7740322316322141
1.7625923768733558
1.7511525221144972
1.7397126673556385
1.72827281259678
1.7168329578379211
1.7053931030790628
1.693953248320204
1.6825133935613454
1.6710735388024867
1.659633684043628
1.648120934078431
1.6366008945926007
1.62508085510677
1.613560815620939
1.6020407761351083
1.5905207366492777
1.579000697163447
1.5674806576776161
1.5559606181917853
1.5444405787059545
1.5331274441988545
1.5218602885759165
1.510593132952979
1.4993259773300411
1.488058821707103
1.4767916660841651
1.4655245104612273
1.4542573548382896
1.4429901992153518
1.4317230435924138
1.4207678523234044
1.4099296476871186
1.3990914430508328
1.3882532384145467
1.3774150337782607
1.3665768291419744
1.3557386245056886
1.3449004198694026
1.3340622152331165
1.3232240105968307
1.312716637156691
1.3023983101143488
1.2920799830720067
1.281761656029665
1.2714433289873228
1.2611250019449807
1.2508066749026387
1.2404883478602966
1.2301700208179545
1.2198516937756128
1.2098500384366633
1.2001122761838743
1.190374513931085
1.180636751678296
1.170898989425507
1.161161227172718
1.151423464919929
1.1416857026671399
1.1319479404143507
1.1222101781615617
1.1127507269471058
1.1036252489786487
1.0944997710101916
1.0853742930417347
1.0762488150732776
1.067123337104821
1.0579978591363641
1.048872381167907
1.03974690319945
1.030621425230993
1.0217252554268694
1.0132303749103289
1.0047354943937883
0.9962406138772477
0.9877457333607069
0.9792508528441664
0.970755972327626
0.9622610918110853
0.9537662112945444
0.9452713307780043
0.9369443014286872
0.9290648751919666
0.9211854489552459
0.9133060227185252
0.9054265964818045
0.8975471702450839
0.8896677440083632
0.8817883177716426
0.873908891534922
0.8660294652982017
0.8582579055343786
0.8509717448985946
0.8436855842628106
0.8363994236270268
0.8291132629912428
0.8218271023554587
0.8145409417196748
0.8072547810838908
0.7999686204481069
0.792682459812323
0.7854487272673027
0.7787392756299176
0.7720298239925323
0.765320372355147
0.7586109207177619
0.7519014690803767
0.7451920174429914
0.7384825658056061
0.7317731141682209
0.7250636625308357
0.7183542108934504
0.7121841746241611
0.7060141383548714
0.6998441020855816
0.6936740658162919
0.6875040295470023
0.6813339932777126
0.6751639570084229
0.6689939207391333
0.6628238844698435
0.6566538482005538
0.6509530525367689
0.6452991809335349
0.6396453093303005
0.6339914377270661
0.6283375661238317
0.6226836945205974
0.617029822917363
0.6113759513141286
0.6057220797108943
0.6000682081076598
0.5947991750043367
0.5896156615676603
0.5844321481309843
0.579248634694308
0.5740651212576318
0.5688816078209554
0.5636980943842791
0.5585145809476028
0.5533310675109264
0.5481475540742501
0.5432871325571159
0.53854787050981
0.5338086084625042
0.5290693464151984
0.5243300843678925
0.5195908223205866
0.5148515602732807
0.5101122982259748
0.5053730361786689
0.500633774131363
0.4961591248275624
0.49183568280576473
0.48751224078396715
0.48318879876216947
0.47886535674037206
0.47454191471857443
0.4702184726967768
0.46589503067497917
0.4615715886531816
0.4572481466313839
0.4531246913004316
0.44916789154518366
0.4452110917899358
0.44125429203468786
0.4372974922794401
0.43334069252419216
0.4293838927689442
0.4254270930136963
0.42147029325844837
0.41751349350320044
0.4137163446452032
0.4101107768639069
0.40650520908261056
0.4028996413013143
0.3992940735200179
0.3956885057387218
0.39208293795742544
0.3884773701761291
0.38487180239483276
0.3812662346135364
0.37777482340169954
0.37448318618641646
0.37119154897113343
0.3678999117558504
0.3646082745405674
0.3613166373252844
0.3580250001100015
0.35473336289471846
0.35144172567943543
0.3481500884641524
0.34493803014780633
0.34193818222862554
0.33893833430944476
0.3359384863902639
0.3329386384710832
0.32993879055190234
0.32693894263272155
0.3239390947135409
0.3209392467943601
0.31793939887517925
0.3149880715922779
0.31225508717263367
0.3095221027529894
0.3067891183333452
0.30405613391370095
0.3013231494940568
0.29859016507441255
0.29585718065476835
0.29312419623512426
0.29039121181548005
0.28768047721693935
0.2851922408294346
0.2827040044419299
0.2802157680544251
0.2777275316669203
0.2752392952794156
0.2727510588919108
0.27026282250440603
0.2677745861169013
0.26528634972939663
0.26279811334189185
0.26053109695305937
0.2582640805642269
0.2559970641753944
0.25373004778656194
0.25146303139772946
0.24919601500889693
0.24692899862006445
0.24466198223123198
0.2423949658423995
0.2401279494535671
0.23804518269581948
0.2359808409011804
0.23391649910654128
0.23185215731190212
0.22978781551726302
0.2277234737226239
0.22565913192798476
0.22359479013334566
0.22153044833870653
0.21946610654406748
0.2175528314826763
0.21567312680645134
0.21379342213022637
0.2119137174540014
0.21003401277777645
0.20815430810155144
0.2062746034253265
0.2043948987491015
0.20251519407287655
0.20063548939665157
0.19887924981903118
0.19716930965338736
0.19545936948774356
0.19374942932209974
0.1920394891564559
0.19032954899081211
0.18861960882516832
0.18690966865952452
0.1851997284938807
0.18348978832823687
0.18187585764408065
0.18031678952077454
0.17875772139746834
0.17719865327416218
0.17563958515085598
0.17408051702754979
0.17252144890424362
0.17096238078093742
0.16940331265763126
0.1678442445343251
0.16636181547055676
0.16494325228973658
0.1635246891089165
0.16210612592809637
0.16068756274727625
0.1592689995664561
0.15785043638563595
0.15643187320481583
0.15501331002399568
0.1535947468431755
0.15223289863276698
0.1509391083868524
0.1496453181409378
0.1483515278950232
0.14705773764910862
0.145763947403194
0.1444701571572794
0.14317636691136482
0.14188257666545032
0.14058878641953573
0.1393377339759674
0.13816147268650514
0.13698521139704284
0.13580895010758057
0.1346326888181183
0.133456427528656
0.1322801662391937
0.13110390494973143
0.12992764366026913
0.12875138237080685
0.1276027381099882
0.12652773925888594
0.12545274040778367
0.12437774155668141
0.12330274270557916
0.12222774385447689
0.12115274500337464
0.12007774615227236
0.1190027473011701
0.11792774845006784
0.1168701652585093
0.11589095253489694
0.11491173981128461
0.11393252708767226
0.11295331436405992
0.11197410164044758
0.11099488891683523
0.11001567619322289
0.10903646346961055
0.1080572507459982
0.10708583156878186
0.10619234785552542
0.105298864142269
0.10440538042901257
0.10351189671575614
0.1026184130024997
0.10172492928924327
0.10083144557598683
0.09993796186273042
0.09904447814947398
0.09815099443621755
0.09733728618089738
0.09652357792557725
0.09570986967025706
0.09489616141493688
0.09408245315961669
0.0932687449042965
0.09245503664897631
0.09164132839365613
0.09082762013833594
0.09001391188301575
0.08926380371262481
0.08852005555072678
0.08777630738882877
0.08703255922693076
0.08628881106503272
0.08554506290313471
0.0848013147412367
0.08405756657933867
0.08331381841744065
0.08257007025554264
0.08187945408626121
0.08120064502645016
0.08052183596663917
0.07984302690682812
0.07916421784701705
0.078485408787206
0.07780659972739494
0.07712779066758388
0.07644898160777283
0.07577017254796177
0.07513441391135843
0.07451479918345796
0.07389518445555752
0.07327556972765706
0.0726559549997566
0.07203634027185615
0.0714167255439557
0.07079711081605525
0.0701774960881548
0.06955788136025434
0.06897240615159106
0.06840643923963471
0.06784047232767837
0.06727450541572202
0.06670853850376574
0.06614257159180939
0.06557660467985305
0.06501063776789671
0.06444467085594037
0.06387870394398402
0.0633394752949496
0.06282252853168344
0.062305581768417294
0.061788635005151145
0.061271688241884996
0.06075474147861884
0.06023779471535269
0.05972084795208654
0.05920390118882039
0.05868695442555423
0.05819024101238002
0.05771780761931609
0.05724537422625217
0.056772940833188255
0.056300507440124326
0.055828074047060416
0.055355640653996535
0.05488320726093261
0.054410773867868696
0.05393834047480478
0.053480600357182474
0.053048573471583024
0.05261654658598357
0.05218451970038411
0.051752492814784654
0.0513204659291852
0.05088843904358573
0.050456412157986276
0.05002438527238682
0.04959235838678736
0.04917042564710133
0.04877541062985107
0.04838039561260082
0.04798538059535056
0.04759036557810031
0.04719535056085006
0.0468003355435998
0.04640532052634955
0.04601030550909933
0.04561529049184907
0.04522638368017062
0.044864963793565305
0.044503543906959986
0.04414212402035467
0.04378070413374935
0.04341928424714403
0.04305786436053871
0.0426964444739334
0.04233502458732808
0.04197360470072276
0.04161495671040641
0.041284027682979715
0.04095309865555302
0.04062216962812632
0.04029124060069963
0.03996031157327293
0.03962938254584624
0.03929845351841954
0.03896752449099285
0.03863659546356618
0.03830566643613949
0.03800278466919671
0.03769990290225393
0.037397021135311154
0.037094139368368376
0.0367912576014256
0.03648837583448282
0.03618549406754004
0.035882612300597264
0.035579730533654486
0.03527684876671171
0.034997097697237065
0.034719659697509245
0.034442221697781425
0.03416478369805359
0.033887345698325765
0.03360990769859794
0.03333246969887012
0.03305503169914229
0.032777593699414465
0.03250015569968664
0.03224160098066209
0.03198724254623824
0.03173288411181439
0.03147852567739054
0.03122416724296669
0.03096980880854284
0.03071545037411899
0.03046109193969514
0.030206733505271293
0.029952375070847442
0.02971351934398071
0.0294804771324479
0.02924743492091509
0.02901439270938228
0.028781350497849467
0.02854830828631666
0.028315266074783848
0.028082223863251037
0.02784918165171823
0.027616139440185414
0.027395393240766227
0.027181673333983393
0.02696795342720058
0.026754233520417746
0.026540513613634915
0.026326793706852085
0.026113073800069247
0.025899353893286417
0.025685633986503587
0.02547191407972075
0.025267815260081476
0.025071734013061835
0.024875652766042193
0.024679571519022545
0.024483490272002903
0.02428740902498326
0.024091327777963616
0.02389524653094397
0.02369916528392433
0.023503084036904688
0.023314284209634453
0.023134222086063506
0.022954159962492556
0.022774097838921623
0.02259403571535068
0.02241397359177973
0.02223391146820878
0.022053849344637833
0.021873787221066886
0.021693725097495935
0.021519065940681842
0.02135386197569224
0.021188658010702632
0.021023454045713034
0.020858250080723426
0.020693046115733825
0.02052784215074422
0.020362638185754615
0.020197434220765014
0.020032230255775413
0.019870738658853866
0.019719146710113808
0.019567554761373753
0.01941596281263369
0.019264370863893637
0.019112778915153596
0.018961186966413537
0.01880959501767348
0.01865800306893342
0.018506411120193366
0.01835701345077828
0.01821749003832559
0.018077966625872903
0.01793844321342021
0.01779891980096752
0.017659396388514832
0.01751987297606214
0.01738034956360945
0.01724082615115676
0.01710130273870407
0.016962811780996838
0.016834645370744212
0.016706478960491582
0.016578312550238953
0.016450146139986327
0.016321979729733697
0.016193813319481068
0.016065646909228452
0.015937480498975823
0.015809314088723197
0.015681147678470567
0.015563290623460393
0.015445433568450219
0.015327576513440041
0.015209719458429867
0.015091862403419691
0.014974005348409515
0.014856148293399339
0.014738291238389165
0.01462043418337899
0.014502577128368815
0.01439324695479483
0.014284769469364465
0.014176291983934101
0.014067814498503734
0.013959337013073368
0.013850859527643004
0.013742382042212637
0.013633904556782274
0.013525427071351917
0.013416949585921554
0.013315894398477477
0.01321648861058591
0.013117082822694345
0.01301767703480278
0.012918271246911212
0.012818865459019647
0.012719459671128083
0.012620053883236516
0.01252064809534495
0.012421242307453385
0.012327305270592653
0.012235419015368483
0.012143532760144314
0.012051646504920143
0.011959760249695976
0.011867873994471805
0.011775987739247637
0.011684101484023466
0.011592215228799297
0.011500328973575134
0.011412824715104141
0.011327824454777816
0.011242824194451493
0.01115782393412517
0.011072823673798846
0.01098782341347252
0.010902823153146198
0.010817822892819875
0.01073282263249355
0.010647822372167227
0.010566698081432829
0.010488803765358367
0.010410909449283905
0.010333015133209443
0.01025512081713498
0.010177226501060519
0.010099332184986057
0.010021437868911595
0.009943543552837133
0.009865649236762671
0.009790528502540426
0.009718736066540844
0.009646943630541256
0.00957515119454167
0.00950335875854208
0.009431566322542493
0.009359773886542905
0.009287981450543319
0.00921618901454373
0.009144396578544142
0.009074639462535714
0.009008444156511806
0.0089422488504879
0.008876053544463997
0.00880985823844009
0.008743662932416185
0.00867746762639228
0.008611272320368374
0.008545077014344468
0.008478881708320564
0.008414090998329416
0.008353045877758966
0.008292000757188514
0.008230955636618069
0.008169910516047619
0.008108865395477165
0.008047820274906714
0.007986775154336264
0.007925730033765812
0.007864684913195362
0.007804498088393082
0.007748173594547582
0.007691849100702083
0.007635524606856582
0.007579200113011083
0.0075228756191655834
0.0074665511253200825
0.007410226631474583
0.007353902137629084
0.007297577643783584
0.007241647240995641
0.0071896577487832675
0.0071376682565708945
0.007085678764358521
0.007033689272146152
0.006981699779933779
0.006929710287721406
0.006877720795509032
0.0068257313032966584
0.006773741811084286
0.0067217523188719125
0.0066737502587387275
0.006625748198605541
0.006577746138472355
0.006529744078339169
0.006481742018205983
0.006433739958072797
0.006385737897939611
0.0063377358378064255
0.006289733777673239
0.006241731717540053
0.006197065611070984
0.006152733099968326
0.00610840058886567
0.006064068077763012
0.006019735566660353
0.0059754030555577
0.005931070544455043
0.005886738033352386
0.005842405522249727
0.005798073011147066
0.005756497654150265
0.005715534998065879
0.005674572341981491
0.005633609685897103
0.005592647029812716
0.005551684373728329
0.005510721717643948
0.005469759061559561
0.005428796405475174
0.005387833749390786
0.005349123303027304
0.005311257435309162
0.005273391567591018
0.005235525699872875
0.005197659832154733
0.005159793964436589
0.005121928096718447
0.005084062229000303
0.0050461963612821615
0.005008330493564019
0.0049722852758167894
0.0049372804294815125
0.004902275583146234
0.004867270736810956
0.00483226589047568
0.004797261044140402
0.004762256197805123
0.004727251351469846
0.0046922465051345685
0.004657241658799291
0.004623375808667028
0.0045904591220372794
0.004557542435407529
0.004524625748777779
0.00449170906214803
0.004458792375518279
0.00442587568888853
0.00439295900225878
0.0043600423156290305
0.004327125628999281
0.004295582852730136
0.004265688768893718
0.004235794685057299
0.004205900601220881
0.004176006517384463
0.004146112433548045
0.0041162183497116265
0.004086324265875209
0.00405643018203879
0.004026536098202377
0.003997450392195868
0.003969779347391704
0.003942108302587538
0.0039144372577833726
0.003886766212979208
0.0038590951681750424
0.003831424123370877
0.0038037530785667113
0.003776082033762546
0.0037484109889583807
0.0037212981490577913
0.003695673855566738
0.003670049562075685
0.0036444252685846317
0.0036188009750935785
0.0035931766816025253
0.0035675523881114725
0.003541928094620419
0.0035163038011293657
0.0034906795076383125
0.0034653985619285065
0.0034416626812343145
0.003417926800540123
0.0033941909198459304
0.0033704550391517388
0.0033467191584575467
0.0033229832777633547
0.003299247397069163
0.003275511516374971
0.003251775635680779
0.0032281979751670998
0.0032062025164585526
0.003184207057750005
0.0031622115990414573
0.0031402161403329097
0.003118220681624362
0.0030962252229158145
0.0030742297642072673
0.0030522343054987192
0.0030302388467901716
0.003008243388081624
0.002987855056448537
0.00296746672481545
0.002947078393182366
0.002926690061549279
0.0029063017299161917
0.0028859133982831043
0.0028655250666500174
0.0028451367350169304
0.002824748403383843
0.002804360071750756
0.0027853204063826627
0.0027664156076410693
0.0027475108088994755
0.0027286060101578825
0.002709701211416289
0.0026907964126746953
0.0026718916139331023
0.0026529868151915085
0.0026340820164499155
0.0026151772177083216
0.0025973859783516157
0.002579842196635995
0.0025622984149203743
0.002544754633204754
0.0025272108514891338
0.0025096670697735135
0.002492123288057893
0.0024745795063422726
0.002457035724626652
0.002439491942911032
0.002422873508274229
0.002406602078791983
0.002390330649309736
0.00237405921982749
0.002357787790345244
0.0023415163608629976
0.0023252449313807514
0.002308973501898505
0.002292702072416259
0.0022764306429340127
0.0022609025179650497
0.0022457991384322493
0.002230695758899449
0.002215592379366648
0.0022004889998338472
0.00218538562030105
0.002170282240768249
0.002155178861235448
0.002140075481702648
0.0021249721021698465
0.0021104573008762185
0.0020964329814485675
0.002082408662020916
0.002068384342593265
0.002054360023165614
0.0020403357037379623
0.0020263113843103113
0.0020122870648826598
0.0019982627454550087
0.0019842384260273576
0.0019706676927581782
0.001957641262879166
0.0019446148330001536
0.001931588403121141
0.0019185619732421289
0.0019055355433631165
0.0018925091134841037
0.0018794826836050914
0.001866456253726079
0.0018534298238470665
0.001840739044034834
0.001828635651839466
0.0018165322596440981
0.0018044288674487303
0.0017923254752533623
0.0017802220830579947
0.0017681186908626266
0.0017560152986672588
0.0017439119064718912
0.001731808514276523
0.0017199361965754571
0.0017086800775258624
0.001697423958476268
0.0016861678394266733
0.0016749117203770786
0.001663655601327484
0.0016523994822778894
0.001641143363228295
0.0016298872441787003
0.0016186311251291075
0.0016075192488006272
0.001597056464717161
0.0015865936806336942
0.001576130896550228
0.0015656681124667613
0.001555205328383295
0.0015447425442998283
0.001534279760216362
0.0015238169761328953
0.001513354192049429
0.0015029579268047804
0.001493226849948312
0.0014834957730918436
0.0014737646962353751
0.0014640336193789069
0.0014543025425224382
0.00144457146566597
0.0014348403888095017
0.0014251093119530332
0.0014153782350965647
0.0014056471582400963
