2.8494113950437927
2.848230100475036
2.8470488059062786
2.8458675113375214
2.844686216768764
2.8435049222000073
2.8423236276312496
2.8411423330624923
2.839961038493735
2.838779743924978
2.837598449356221
2.8362587960726935
2.8349033069176888
2.833547817762684
2.8321923286076793
2.830836839452675
2.82948135029767
2.828125861142665
2.826770371987661
2.8254148828326557
2.8240593936776515
2.8203419054145757
2.8160995284608172
2.81185715150706
2.8076147745533016
2.803372397599543
2.7991300206457854
2.7948876436920274
2.7906452667382693
2.7864028897845112
2.782160512830753
2.7753450937241584
2.76756478381025
2.7597844738963415
2.7520041639824333
2.744223854068525
2.736443544154617
2.7286632342407087
2.7208829243268
2.7131026144128914
2.7053223044989836
2.6955580889197424
2.6846602129603108
2.6737623370008796
2.6628644610414485
2.6519665850820173
2.641068709122586
2.630170833163155
2.619272957203724
2.6083750812442923
2.5974772052848607
2.585329664983843
2.572140737731502
2.5589518104791624
2.5457628832268218
2.532573955974481
2.519385028722141
2.5061961014697998
2.4930071742174595
2.4798182469651193
2.4666293197127787
2.452790839401687
2.438172895420095
2.4235549514385024
2.4089370074569105
2.394319063475318
2.379701119493726
2.3650831755121335
2.350465231530541
2.335847287548949
2.321229343567357
2.306360992845571
2.2910544303284452
2.2757478678113205
2.260441305294195
2.2451347427770703
2.229828180259945
2.21452161774282
2.199215055225695
2.1839084927085697
2.1686019301914445
2.15326116882168
2.1378292105115437
2.1223972522014076
2.1069652938912715
2.0915333355811354
2.076101377270999
2.0606694189608628
2.0452374606507266
2.0298055023405905
2.0143735440304544
1.9989936613461154
1.9838481189778632
1.9687025766096107
1.9535570342413584
1.9384114918731061
1.923265949504854
1.9081204071366016
1.8929748647683495
1.877829322400097
1.8626837800318448
1.8475895725571245
1.8330087140177234
1.8184278554783218
1.8038469969389204
1.7892661383995192
1.774685279860118
1.7601044213207167
1.7455235627813155
1.730942704241914
1.7163618457025127
1.7017809871631113
1.6879024980640367
1.6740240089649616
1.6601455198658863
1.6462670307668112
1.6323885416677362
1.6185100525686615
1.6046315634695865
1.5907530743705112
1.576874585271436
1.562996096172361
1.5498938330702698
1.5368691925678775
1.5238445520654849
1.5108199115630918
1.4977952710606992
1.4847706305583062
1.4717459900559138
1.458721349553521
1.4456967090511283
1.4326720685487353
1.4203862684638142
1.4082646551383309
1.396143041812848
1.3840214284873649
1.3718998151618815
1.3597782018363982
1.347656588510915
1.3355349751854322
1.323413361859949
1.3112917485344657
1.2998185299779725
1.2885884594598505
1.2773583889417284
1.2661283184236065
1.2548982479054844
1.2436681773873621
1.2324381068692403
1.221208036351118
1.2099779658329963
1.198747895314874
1.1880736794482576
1.1777170948110725
1.1673605101738875
1.1570039255367028
1.1466473408995177
1.136290756262333
1.1259341716251479
1.1155775869879632
1.105221002350778
1.0948644177135933
1.084961537776486
1.0754367450894433
1.0659119524024008
1.0563871597153582
1.0468623670283157
1.0373375743412734
1.0278127816542308
1.0182879889671883
1.0087631962801455
0.9992384035931031
0.9900787641986625
0.9813573087553438
0.9726358533120248
0.9639143978687061
0.9551929424253874
0.9464714869820688
0.9377500315387501
0.9290285760954313
0.9203071206521125
0.9115856652087937
0.9031356470416761
0.8951606441079101
0.8871856411741438
0.8792106382403778
0.8712356353066117
0.8632606323728456
0.8552856294390796
0.8473106265053134
0.8393356235715472
0.8313606206377815
0.8235750082939127
0.8162944375231042
0.8090138667522956
0.8017332959814869
0.7944527252106782
0.7871721544398695
0.779891583669061
0.7726110128982524
0.7653304421274437
0.7580498713566355
0.7508860900495675
0.7442478613293322
0.737609632609097
0.7309714038888617
0.7243331751686265
0.7176949464483913
0.711056717728156
0.7044184890079208
0.6977802602876855
0.6911420315674504
0.6845575758690927
0.6785108503895081
0.6724641249099235
0.6664173994303388
0.6603706739507543
0.6543239484711696
0.6482772229915851
0.6422304975120006
0.6361837720324159
0.6301370465528313
0.6240903210732467
0.6185862770604846
0.6130822330477222
0.6075781890349599
0.6020741450221976
0.5965701010094353
0.5910660569966729
0.5855620129839106
0.5800579689711483
0.574553924958386
0.5690498809456236
0.5639973235287449
0.5589899147714548
0.5539825060141644
0.5489750972568741
0.5439676884995837
0.5389602797422932
0.533952870985003
0.5289454622277125
0.5239380534704222
0.5189306447131319
0.5142941638277275
0.5097401113582977
0.5051860588888683
0.5006320064194385
0.49607795395000875
0.491523901480579
0.48696984901114926
0.48241579654171957
0.4778617440722898
0.47330769160286007
0.4690541662357365
0.4649133385319776
0.4607725108282188
0.45663168312446006
0.4524908554207013
0.44835002771694243
0.44420920001318354
0.44006837230942475
0.4359275446056659
0.431786716901907
0.4278913082436716
0.4241361390400208
0.42038096983637013
0.4166258006327195
0.4128706314290689
0.40911546222541817
0.40536029302176746
0.4016051238181168
0.3978499546144661
0.39409478541081533
0.3905204214834484
0.3870967286196511
0.3836730357558539
0.3802493428920566
0.3768256500282595
0.37340195716446223
0.36997826430066505
0.36655457143686776
0.3631308785730705
0.35970718570927324
0.35642708113915267
0.35331928252144407
0.35021148390373547
0.34710368528602686
0.34399588666831826
0.34088808805060977
0.33778028943290117
0.33467249081519257
0.33156469219748397
0.32845689357977537
0.3254497980360611
0.32261893287183707
0.31978806770761303
0.31695720254338894
0.31412633737916484
0.3112954722149408
0.3084646070507169
0.30563374188649284
0.3028028767222688
0.29997201155804476
0.29721126308127876
0.29463749243773435
0.29206372179419
0.2894899511506456
0.2869161805071012
0.28434240986355674
0.2817686392200124
0.27919486857646814
0.2766210979329237
0.2740473272893793
0.271515742797611
0.26917399598883457
0.2668322491800582
0.26449050237128185
0.26214875556250544
0.2598070087537291
0.25746526194495273
0.25512351513617637
0.25278176832740007
0.2504400215186237
0.24811747769029321
0.24598696366642128
0.24385644964254932
0.2417259356186774
0.23959542159480546
0.23746490757093353
0.23533439354706154
0.2332038795231896
0.23107336549931767
0.22894285147544582
0.2268123374515739
0.2248738371984964
0.22293533694541892
0.2209968366923414
0.21905833643926392
0.21711983618618647
0.21518133593310895
0.21324283568003147
0.21130433542695395
0.20936583517387647
0.20742733492079907
0.20564656886546767
0.20388157622991088
0.20211658359435414
0.20035159095879732
0.19858659832324055
0.19682160568768375
0.19505661305212696
0.19329162041657016
0.1915266277810134
0.18976163514545666
0.1881276773597132
0.18652283842948378
0.18491799949925436
0.1833131605690249
0.18170832163879552
0.1801034827085661
0.17849864377833669
0.17689380484810727
0.17528896591787785
0.17368412698764843
0.17218168483015495
0.17071764146243734
0.16925359809471976
0.16778955472700216
0.16632551135928458
0.164861467991567
0.1633974246238494
0.1619333812561318
0.16046933788841422
0.15900529452069662
0.1576239870521574
0.1562899572402916
0.1549559274284257
0.15362189761655987
0.152287867804694
0.15095383799282813
0.14961980818096227
0.14828577836909637
0.1469517485572305
0.14561771874536464
0.14434812713643858
0.1431322340299623
0.1419163409234861
0.14070044781700985
0.1394845547105336
0.13826866160405732
0.13705276849758108
0.13583687539110484
0.13462098228462857
0.1334050891781523
0.13223924806026602
0.13113346932868772
0.13002769059710942
0.1289219118655311
0.1278161331339528
0.12671035440237446
0.12560457567079616
0.12449879693921785
0.12339301820763963
0.12228723947606132
0.12121564840553302
0.12020388574184222
0.11919212307815141
0.11818036041446062
0.11716859775076982
0.11615683508707902
0.11514507242338821
0.11413330975969742
0.11312154709600661
0.11210978443231581
0.1111221768734476
0.11019898292743958
0.10927578898143159
0.10835259503542356
0.10742940108941557
0.10650620714340756
0.10558301319739954
0.10465981925139153
0.10373662530538354
0.10281343135937553
0.10190488742102896
0.1010622685171585
0.10021964961328803
0.09937703070941757
0.0985344118055471
0.09769179290167665
0.09684917399780618
0.09600655509393571
0.09516393619006525
0.09432131728619479
0.093485492001225
0.09271760290526185
0.09194971380929871
0.09118182471333557
0.09041393561737243
0.08964604652140928
0.08887815742544615
0.088110268329483
0.08734237923351987
0.08657449013755672
0.08580660104159359
0.08510369452031712
0.08440078799904072
0.08369788147776425
0.08299497495648778
0.08229206843521131
0.08158916191393484
0.08088625539265837
0.08018334887138191
0.07948044235010544
0.07877753582882899
0.07812977913662325
0.0774875374273246
0.07684529571802594
0.07620305400872729
0.07556081229942863
0.07491857059012996
0.07427632888083131
0.07363408717153266
0.072991845462234
0.07234960375293534
0.07175251113261055
0.07116545164316886
0.0705783921537272
0.06999133266428549
0.0694042731748438
0.06881721368540208
0.06823015419596037
0.06764309470651866
0.06705603521707695
0.06646897572763526
0.06591851936583686
0.06538178917690471
0.06484505898797256
0.06430832879904042
0.06377159861010827
0.06323486842117612
0.06269813823224397
0.06216140804331183
0.06162467785437968
0.061087947665447534
0.06058032671603009
0.0600893396177639
0.059598352519497716
0.05910736542123154
0.05861637832296539
0.0581253912246992
0.05763440412643302
0.05714341702816684
0.05665242992990065
0.05616144283163446
0.05569324788836516
0.05524404640759327
0.05479484492682138
0.05434564344604949
0.0538964419652776
0.0534472404845057
0.0529980390037338
0.05254883752296191
0.05209963604219002
0.05165043456141813
0.05121851938796736
0.0508073477833019
0.050396176178636454
0.04998500457397101
0.04957383296930556
0.04916266136464011
0.0487514897599747
0.04834031815530926
0.047929146550643814
0.04751797494597836
0.04711945689248943
0.046743082553559384
0.046366708214629335
0.0459903338756993
0.04561395953676924
0.0452375851978392
0.04486121085890915
0.04448483651997911
0.04410846218104906
0.043732087842119016
0.04336430047756354
0.04301941171134026
0.042674522945116984
0.042329634178893696
0.041984745412670416
0.041639856646447135
0.041294967880223854
0.04095007911400057
0.04060519034777732
0.04026030158155404
0.03992066195451727
0.03960464345381979
0.03928862495312231
0.03897260645242484
0.038656587951727356
0.038340569451029885
0.03802455095033241
0.03770853244963493
0.03739251394893746
0.03707649544823998
0.03676286529806323
0.03647311865309384
0.03618337200812445
0.035893625363155046
0.035603878718185655
0.03531413207321626
0.03502438542824686
0.03473463878327747
0.03444489213830807
0.0341551454933387
0.0338653988483693
0.033599792309576354
0.033334185770783405
0.03306857923199045
0.0328029726931975
0.03253736615440454
0.032271759615611594
0.032006153076818644
0.03174054653802569
0.03147493999923274
0.031209333460439786
0.030963703096013873
0.03072007034902466
0.03047643760203545
0.030232804855046244
0.02998917210805703
0.029745539361067823
0.029501906614078616
0.02925827386708941
0.0290146411201002
0.02877100837311099
0.028543743900095696
0.028320116821296808
0.028096489742497913
0.02787286266369903
0.027649235584900136
0.027425608506101245
0.027201981427302353
0.02697835434850346
0.026754727269704574
0.026531100190905682
0.026320875997900787
0.02611567788706864
0.025910479776236492
0.02570528166540434
0.025500083554572194
0.025294885443740048
0.025089687332907902
0.024884489222075753
0.024679291111243604
0.024474093000411454
0.024279577513640627
0.024091166383476265
0.023902755253311918
0.023714344123147553
0.023525932992983195
0.02333752186281883
0.023149110732654465
0.022960699602490104
0.02277228847232574
0.022583877342161374
0.022403838121214076
0.02223077549128099
0.02205771286134791
0.021884650231414823
0.021711587601481737
0.021538524971548657
0.02136546234161557
0.021192399711682484
0.0210193370817494
0.02084627445181632
0.02067974209435804
0.02052104606386953
0.02036235003338102
0.020203654002892524
0.020044957972404017
0.019886261941915506
0.019727565911427
0.019568869880938488
0.019410173850449977
0.019251477819961466
0.01909732937887776
0.01895113921925246
0.01880494905962716
0.018658758900001855
0.018512568740376552
0.01836637858075125
0.018220188421125952
0.01807399826150065
0.01792780810187535
0.017781617942250045
0.017638639533725943
0.01750422579480504
0.017369812055884136
0.01723539831696323
0.017100984578042325
0.016966570839121432
0.01683215710020053
0.016697743361279625
0.016563329622358722
0.016428915883437818
0.016296464722564147
0.01617284516290303
0.01604922560324191
0.015925606043580797
0.01580198648391968
0.015678366924258565
0.015554747364597448
0.015431127804936332
0.015307508245275216
0.0151838886856141
0.015061168770540614
0.014947445301343414
0.014833721832146214
0.014719998362949013
0.014606274893751816
0.014492551424554617
0.014378827955357417
0.014265104486160227
0.01415138101696303
0.01403765754776583
0.01392393407856863
0.0138192630800746
0.01371459208158057
0.013609921083086538
0.01350525008459251
0.01340057908609848
0.01329590808760445
0.013191237089110418
0.01308656609061639
0.012981895092122359
0.012877224093628329
0.012780111149590967
0.012683754010999271
0.012587396872407577
0.012491039733815882
0.012394682595224187
0.012298325456632491
0.012201968318040796
0.0121056111794491
0.012009254040857415
0.011912896902265721
0.011822795066657916
0.011734083298379865
0.011645371530101813
0.011556659761823764
0.011467947993545712
0.011379236225267661
0.011290524456989609
0.011201812688711558
0.011113100920433508
0.011024389152155457
0.010940753071495732
0.01085902037369288
0.010777287675890024
0.01069555497808717
0.010613822280284319
0.010532089582481464
0.010450356884678609
0.010368624186875758
0.010286891489072903
0.010205158791270055
0.010127372671528023
0.010051841739249313
0.009976310806970605
0.009900779874691895
0.009825248942413187
0.009749718010134478
0.00967418707785577
0.009598656145577061
0.009523125213298352
0.009447594281019643
0.009375415301245596
0.009306029615225428
0.009236643929205264
0.009167258243185098
0.009097872557164932
0.009028486871144766
0.008959101185124602
0.008889715499104434
0.00882032981308427
0.008750944127064104
0.0086840151326128
0.008620034168044138
0.008556053203475472
0.008492072238906802
0.008428091274338134
0.008364110309769466
0.008300129345200798
0.00823614838063213
0.008172167416063462
0.008108186451494795
0.008046011077795692
0.007986995488118334
0.007927979898440974
0.007868964308763618
0.007809948719086258
0.007750933129408899
0.00769191753973154
0.007632901950054182
0.007573886360376823
0.007514870770699464
0.007457102019530931
0.0074026581710525995
0.007348214322574266
0.007293770474095939
0.007239326625617607
0.007184882777139274
0.007130438928660943
0.007075995080182609
0.007021551231704277
0.006967107383225945
0.006913427518947278
0.006863185583567109
0.00681294364818694
0.00676270171280677
0.006712459777426601
0.006662217842046431
0.006611975906666262
0.0065617339712860925
0.006511492035905923
0.0064612501005257535
0.006411359235682098
0.006364979076203572
0.006318598916725047
0.006272218757246522
0.006225838597768002
0.006179458438289476
0.006133078278810951
0.0060866981193324265
0.0060403179598539
0.005993937800375375
0.00594755764089685
0.005904725682893913
0.005861893724890976
0.0058190617668880396
0.005776229808885102
0.0057333978508821645
0.005690565892879227
0.00564773393487629
0.005604901976873353
0.005562070018870416
0.005519238060867479
0.0054793789450992385
0.005439817113554467
0.0054002552820096965
0.0053606934504649255
0.0053211316189201545
0.005281569787375387
0.005242007955830617
0.005202446124285846
0.005162884292741075
0.0051233224611963
0.00508622037671972
0.0050496649027027395
0.005013109428685758
0.004976553954668776
0.0049399984806517945
0.004903443006634813
0.004866887532617837
0.004830332058600856
0.004793776584583874
0.004757221110566893
0.004722680895074425
0.004688896401528651
0.004655111907982876
0.0046213274144371016
0.004587542920891327
0.004553758427345553
0.004519973933799779
0.004486189440254004
0.004452404946708229
0.004418620453162455
0.0043864538881131804
0.004355211853633335
0.004323969819153489
0.004292727784673643
0.004261485750193798
0.0042302437157139515
0.004199001681234106
0.004167759646754261
0.004136517612274415
0.00410527557779457
0.004075150186847973
0.004045955332179087
0.004016760477510198
0.003987565622841311
0.003958370768172424
0.003929175913503536
0.003899981058834648
0.0038707862041657604
0.003841591349496873
0.0038123964948279855
0.0037843427111181943
0.0037576582125593188
0.003730973714000444
0.003704289215441568
0.003677604716882694
0.0036509202183238184
0.003624235719764943
0.0035975512212060683
0.0035708667226471928
0.0035441822240883224
0.0035182218303525478
0.0034935286200572005
0.0034688354097618533
0.0034441421994665057
0.0034194489891711585
0.0033947557788758112
0.0033700625685804636
0.003345369358285116
0.0033206761479897687
0.0032959829376944215
0.003271789540397602
0.0032489289777635224
0.0032260684151294437
0.0032032078524953647
0.003180347289861285
0.0031574867272272066
0.0031346261645931275
0.0031117656019590484
0.003088905039324969
0.00306604447669089
0.0030434923802820125
0.0030223283818865414
0.0030011643834910707
0.002980000385095599
0.002958836386700129
0.0029376723883046576
0.0029165083899091865
0.0028953443915137158
0.002874180393118245
0.002853016394722774
0.002831993883630503
0.0028123862455702365
0.0027927786075099695
0.002773170969449702
0.0027535633313894347
0.0027339556933291677
0.0027143480552689007
0.0026947404172086332
0.002675132779148366
0.0026555251410880993
0.002635917503027832
0.002617751844066961
0.0025995861851060894
0.0025814205261452216
0.002563254867184351
0.0025450892082234796
0.0025269235492626084
0.0025087578903017376
0.0024905922313408664
0.002472426572379995
0.0024542609134191244
0.002437307498683443
0.0024204753083702808
0.0024036431180571183
0.0023868109277439564
0.002369978737430794
0.002353146547117632
0.0023363143568044696
0.002319482166491307
0.002302649976178145
0.0022858177858649828
0.002269988942439735
0.002254383064989579
0.002238777187539423
0.002223171310089267
0.002207565432639111
0.002191959555188955
0.0021763536777387993
0.0021607478002886433
0.002145141922838487
0.0021295360453883316
0.0021147565695818923
0.0021002869943918473
0.002085817419201802
0.002071347844011757
0.002056878268821712
0.0020424086936316668
0.0020279391184416214
0.0020134695432515765
0.0019989999680615315
0.001984530392871486
0.001970727878014778
0.0019573065404914053
0.0019438852029680322
0.001930463865444659
0.001917042527921286
0.0019036211903979156
0.0018901998528745426
0.0018767785153511697
0.0018633571778277965
0.0018499358403044235
0.0018370424976676771
0.0018245891507697868
0.001812135803871896
0.0017996824569740052
0.0017872291100761147
0.001774775763178224
0.0017623224162803333
0.0017498690693824428
0.0017374157224845522
0.0017249623755866616
0.001712916070721738
0.001701358216296375
0.0016898003618710119
0.0016782425074456488
0.0016666846530202857
0.0016551267985949226
0.0016435689441695596
0.0016320110897441963
0.0016204532353188332
0.0016088953808934701
0.0015976375006546996
0.001586904575242465
0.001576171649830231
0.001565438724417997
0.0015547057990057626
0.0015439728735935285
0.0015332399481812944
0.0015225070227690603
0.001511774097356826
0.0015010411719445916
0.0014905182598384022
0.0014805553832149992
0.0014705925065915959
0.0014606296299681926
0.0014506667533447893
0.0014407038767213862
0.0014307410000979827
0.0014207781234745794
0.0014108152468511764
0.0014008523702277746
0.0013910181608813512
0.0013817629542813364
0.0013725077476813214
0.0013632525410813066
0.0013539973344812916
0.0013447421278812769
0.0013354869212812619
0.001326231714681247
0.0013169765080812321
0.0013077213014812173
0.001298525717426104
0.0012899263588200098
0.0012813270002139153
0.001272727641607821
0.0012641282830017269
0.0012555289243956322
0.001246929565789538
0.0012383302071834437
0.0012297308485773493
0.0012211314899712548
0.0012125321313651606
