2.056054008804998
2.064020207291798
2.0719864057785973
2.0799526042653973
2.0879188027521964
2.0958850012389965
2.103851199725796
2.1118173982125956
2.119783596699395
2.127749795186195
2.1357159936729944
2.145362953781859
2.15517799005293
2.1649930263240007
2.174808062595072
2.184623098866143
2.1944381351372138
2.2042531714082845
2.2140682076793556
2.2238832439504264
2.233698280221497
2.2414863005198793
2.248823872824331
2.2561614451287824
2.263499017433234
2.270836589737685
2.278174162042136
2.2855117343465876
2.2928493066510387
2.30018687895549
2.3075244512599413
2.3118503822077527
2.3150469476468247
2.3182435130858967
2.3214400785249687
2.3246366439640402
2.3278332094031122
2.331029774842184
2.3342263402812558
2.3374229057203277
2.3406194711593997
2.3410948082331133
2.3400151576694794
2.3389355071058455
2.3378558565422116
2.3367762059785786
2.3356965554149447
2.334616904851311
2.333537254287677
2.332457603724043
2.3313779531604095
2.3282915497436085
2.323532852282501
2.3187741548213943
2.314015457360287
2.3092567598991796
2.3044980624380726
2.2997393649769653
2.2949806675158584
2.290221970054751
2.2854632725936437
2.2794159724293785
2.2718223490213227
2.264228725613267
2.2566351022052116
2.2490414787971558
2.2414478553891004
2.233854231981045
2.2262606085729892
2.218666985164934
2.211073361756878
2.2027503576406806
2.193150937285235
2.183551516929789
2.173952096574343
2.164352676218898
2.1547532558634517
2.1451538355080055
2.1355544151525603
2.125954994797114
2.1163555744416684
2.106402894736744
2.0955081900998764
2.0846134854630094
2.073718780826142
2.062824076189275
2.0519293715524074
2.0410346669155404
2.030139962278673
2.0192452576418054
2.0083505530049384
1.9973233838565188
1.9857001244061159
1.974076864955713
1.9624536055053103
1.950830346054907
1.9392070866045046
1.9275838271541015
1.9159605677036986
1.9043373082532955
1.8927140488028926
1.881063828359627
1.8691439979877322
1.8572241676158376
1.8453043372439426
1.8333845068720482
1.8214646765001534
1.8095448461282588
1.7976250157563638
1.7857051853844692
1.7737853550125746
1.7618655246406798
1.7499133354596519
1.7379611462786237
1.7260089570975954
1.714056767916567
1.702104578735539
1.690152389554511
1.6782002003734828
1.6662480111924545
1.6542958220114266
1.6423436328303982
1.6306381897768474
1.6189574213360445
1.6072766528952414
1.595595884454438
1.5839151160136349
1.5722343475728318
1.5605535791320289
1.5488728106912257
1.5371920422504224
1.5255112738096193
1.5141837704140904
1.5029347703619558
1.4916857703098214
1.480436770257687
1.4691877702055525
1.4579387701534179
1.4466897701012833
1.4354407700491492
1.4241917699970146
1.41294276994488
1.4020628424664114
1.3913213172030678
1.3805797919397242
1.3698382666763806
1.3590967414130368
1.3483552161496932
1.3376136908863494
1.3268721656230058
1.3161306403596624
1.3053891150963188
1.295011630882943
1.2848421701266914
1.2746727093704402
1.2645032486141892
1.2543337878579377
1.2441643271016865
1.2339948663454352
1.2238254055891837
1.2136559448329325
1.2034864840766815
1.193641449099754
1.1840667689389295
1.1744920887781054
1.1649174086172813
1.155342728456457
1.1457680482956327
1.1361933681348084
1.1266186879739841
1.11704400781316
1.1074693276523357
1.0981811037513496
1.0892366273621692
1.0802921509729886
1.0713476745838082
1.0624031981946276
1.0534587218054474
1.0445142454162668
1.0355697690270862
1.0266252926379056
1.017680816248725
1.0089609944144045
1.0006343180510888
0.9923076416877727
0.9839809653244569
0.9756542889611409
0.967327612597825
0.9590009362345093
0.9506742598711934
0.9423475835078773
0.9340209071445618
0.9258585805884186
0.9181345201847364
0.9104104597810542
0.9026863993773719
0.8949623389736896
0.8872382785700074
0.8795142181663251
0.871790157762643
0.8640660973589606
0.8563420369552788
0.8487238820661603
0.841582301992579
0.8344407219189978
0.8272991418454165
0.8201575617718352
0.813015981698254
0.8058744016246726
0.7987328215510914
0.7915912414775101
0.7844496614039288
0.7773585366116011
0.7707719646318049
0.7641853926520084
0.757598820672212
0.7510122486924158
0.7444256767126194
0.737839104732823
0.7312525327530266
0.7246659607732302
0.7180793887934338
0.7114928168136375
0.705431929613265
0.699371042412892
0.693310155212519
0.6872492680121463
0.6811883808117734
0.6751274936114005
0.6690666064110276
0.6630057192106547
0.6569448320102818
0.650883944809909
0.6452720721137409
0.6397051008679937
0.6341381296222461
0.6285711583764987
0.6230041871307512
0.6174372158850037
0.6118702446392561
0.6063032733935086
0.6007363021477612
0.5951693309020137
0.589980311944739
0.5848752823849027
0.5797702528250668
0.5746652232652305
0.5695601937053942
0.564455164145558
0.5593501345857217
0.5542451050258854
0.5491400754660491
0.5440350459062129
0.5392421744766166
0.5345663623458604
0.5298905502151042
0.5252147380843482
0.520538925953592
0.5158631138228357
0.5111873016920794
0.5065114895613232
0.501835677430567
0.4971598652998107
0.4927460302530236
0.48848189639707584
0.48421776254112825
0.47995362868518054
0.47568949482923306
0.47142536097328536
0.46716122711733776
0.46289709326139006
0.4586329594054424
0.4543688255494947
0.4502970815790541
0.4463856625132027
0.44247424344735137
0.43856282438149996
0.43465140531564883
0.43073998624979737
0.426828567183946
0.4229171481180946
0.41900572905224326
0.41509430998639185
0.411340209454693
0.40777489116397736
0.4042095728732616
0.40064425458254593
0.3970789362918302
0.3935136180011147
0.3899482997103989
0.3863829814196832
0.3828176631289675
0.37925234483825176
0.37579757272050385
0.37253625640544946
0.3692749400903951
0.36601362377534075
0.3627523074602864
0.3594909911452321
0.35622967483017787
0.35296835851512354
0.3497070422000691
0.34644572588501477
0.34326244477893697
0.34028725756346345
0.33731207034799
0.3343368831325164
0.3313616959170429
0.32838650870156944
0.32541132148609586
0.3224361342706225
0.319460947055149
0.3164857598396755
0.3135582302699368
0.3108451601060049
0.308132089942073
0.3054190197781411
0.30270594961420916
0.2999928794502773
0.2972798092863454
0.2945667391224135
0.29185366895848175
0.28914059879454984
0.28644932615196916
0.28397602872290123
0.2815027312938333
0.2790294338647653
0.2765561364356974
0.27408283900662944
0.27160954157756145
0.26913624414849346
0.26666294671942553
0.26418964929035765
0.2617163518612897
0.2594621753922461
0.2572079989232025
0.2549538224541589
0.25269964598511524
0.2504454695160716
0.24819129304702797
0.24593711657798437
0.24368294010894073
0.24142876363989713
0.2391745871708536
0.2371021655275704
0.23504791936686328
0.23299367320615616
0.230939427045449
0.2288851808847419
0.22683093472403476
0.22477668856332764
0.2227224424026205
0.2206681962419134
0.21861395008120635
0.21671162281843348
0.2148430553107571
0.2129744878030807
0.21110592029540431
0.20923735278772793
0.20736878528005154
0.20550021777237518
0.20363165026469876
0.2017630827570224
0.199894515249346
0.1981442598160974
0.19643837141075912
0.19473248300542084
0.1930265946000826
0.19132070619474428
0.18961481778940603
0.18790892938406775
0.18620304097872947
0.18449715257339122
0.1827912641680529
0.181181757396114
0.17962732584326055
0.17807289429040699
0.17651846273755345
0.1749640311846999
0.17340959963184632
0.1718551680789928
0.17030073652613925
0.1687463049732857
0.16719187342043215
0.1657126776929901
0.16429617848672437
0.16287967928045866
0.1614631800741929
0.16004668086792717
0.15863018166166137
0.15721368245539563
0.1557971832491299
0.15438068404286415
0.15296418483659838
0.15160675656857908
0.15032021342645563
0.14903367028433215
0.14774712714220867
0.14646058400008521
0.14517404085796173
0.14388749771583825
0.14260095457371477
0.14131441143159143
0.14002786828946795
0.1387809156045645
0.1376032462197961
0.1364255768350277
0.13524790745025933
0.13407023806549093
0.13289256868072252
0.13171489929595415
0.13053722991118574
0.12935956052641734
0.12818189114164896
0.1270326215616412
0.1259590847943284
0.12488554802701561
0.12381201125970281
0.12273847449239002
0.12166493772507722
0.12059140095776444
0.11951786419045163
0.11844432742313885
0.11737079065582606
0.11631447409076784
0.1153356484358547
0.11435682278094159
0.11337799712602847
0.11239917147111533
0.11142034581620222
0.1104415201612891
0.10946269450637597
0.10848386885146283
0.10750504319654972
0.10653425072305606
0.10564379006375695
0.10475332940445783
0.10386286874515871
0.10297240808585961
0.1020819474265605
0.10119148676726139
0.10030102610796227
0.09941056544866317
0.09852010478936404
0.09762964413006495
0.09681496658206083
0.09600028903405679
0.09518561148605266
0.09437093393804855
0.09355625639004443
0.09274157884204032
0.0919269012940362
0.09111222374603208
0.09029754619802796
0.08948286865002385
0.0887330990012905
0.08798982014248422
0.08724654128367795
0.08650326242487166
0.0857599835660654
0.08501670470725911
0.08427342584845285
0.08353014698964657
0.0827868681308403
0.08204358927203402
0.08135339429555347
0.08067499573736753
0.07999659717918163
0.0793181986209957
0.07863980006280974
0.0779614015046238
0.07728300294643785
0.07660460438825191
0.07592620583006596
0.07524780727188
0.07461242442594435
0.07399317247210253
0.07337392051826072
0.07275466856441891
0.0721354166105771
0.0715161646567353
0.07089691270289347
0.07027766074905167
0.06965840879520986
0.06903915684136805
0.06845406045231091
0.06788848152884498
0.06732290260537907
0.06675732368191316
0.06619174475844729
0.06562616583498138
0.06506058691151546
0.06449500798804955
0.06392942906458364
0.06336385014111773
0.0628250037195346
0.06230843438285378
0.06179186504617297
0.06127529570949216
0.06075872637281135
0.060242157036130534
0.059725587699449724
0.059209018362768914
0.0586924490260881
0.05817587968940729
0.057679562319501734
0.05720754730972647
0.05673553229995121
0.05626351729017595
0.055791502280400695
0.05531948727062543
0.05484747226085021
0.054375457251074955
0.0539034422412997
0.05343142723152443
0.0529741311498328
0.052542593192287504
0.05211105523474221
0.051679517277196926
0.05124797931965163
0.050816441362106335
0.050384903404561046
0.04995336544701575
0.04952182748947046
0.049090289531925166
0.04866885247092958
0.04827435113406654
0.04787984979720349
0.04748534846034044
0.04709084712347741
0.04669634578661437
0.04630184444975132
0.045907343112888285
0.04551284177602528
0.04511834043916223
0.04472995931915694
0.04436911917501152
0.0440082790308661
0.04364743888672068
0.04328659874257526
0.04292575859842984
0.04256491845428443
0.04220407831013901
0.0418432381659936
0.04148239802184817
0.04112433736242036
0.04079407155016864
0.040463805737916914
0.040133539925665186
0.03980327411341346
0.03947300830116174
0.039142742488910004
0.038812476676658283
0.03848221086440655
0.038151945052154856
0.03782167923990313
0.03751948403022593
0.037217288820548734
0.03691509361087154
0.03661289840119434
0.03631070319151714
0.036008507981839945
0.03570631277216275
0.03540411756248555
0.03510192235280835
0.034799727143131155
0.03452071549323198
0.034244022199310616
0.033967328905389255
0.03369063561146788
0.03341394231754651
0.03313724902362515
0.03286055572970378
0.032583862435782415
0.03230716914186105
0.03203047584793968
0.031772723260007144
0.03151917971784987
0.0312656361756926
0.031012092633535333
0.03075854909137806
0.030505005549220796
0.030251462007063523
0.02999791846490625
0.02974437492274898
0.02949083138059171
0.02925280663732058
0.02902060144363176
0.02878839624994294
0.028556191056254114
0.028323985862565293
0.028091780668876472
0.02785957547518765
0.027627370281498826
0.027395165087810005
0.027162959894121184
0.026943083032630682
0.026730250932396366
0.02651741883216207
0.02630458673192775
0.026091754631693435
0.02587892253145912
0.0256660904312248
0.02545325833099048
0.025240426230756167
0.025027594130521847
0.024824405977436
0.02462925444697387
0.02443410291651174
0.024238951386049614
0.024043799855587487
0.023848648325125357
0.02365349679466323
0.023458345264201104
0.023263193733738974
0.023068042203276847
0.022880371508814487
0.02270167781755185
0.02252298412628921
0.022344290435026587
0.022165596743763952
0.02198690305250131
0.021808209361238673
0.021629515669976035
0.0214508219787134
0.021272128287450762
0.02109867855876545
0.020934405764590457
0.020770132970415463
0.020605860176240474
0.02044158738206548
0.02027731458789049
0.020113041793715494
0.019948768999540505
0.01978449620536551
0.01962022341119052
0.019459629402337007
0.019308845487674108
0.01915806157301121
0.01900727765834831
0.01885649374368541
0.018705709829022525
0.018554925914359626
0.018404141999696727
0.018253358085033828
0.01810257417037093
0.017954027286110983
0.017815547038664326
0.017677066791217673
0.01753858654377102
0.017400106296324363
0.01726162604887771
0.017123145801431056
0.016984665553984403
0.01684618530653775
0.016707705059091093
0.016570269672489302
0.016443282894336143
0.016316296116182988
0.01618930933802983
0.016062322559876673
0.015935335781723514
0.015808349003570355
0.01568136222541721
0.015554375447264051
0.015427388669110894
0.015300401890957736
0.01518354658537912
0.015066691279800502
0.014949835974221882
0.014832980668643265
0.014716125363064648
0.014599270057486029
0.014482414751907412
0.014365559446328795
0.014248704140750176
0.01413184883517156
0.01402359416157504
0.013916199551176728
0.01380880494077842
0.01370141033038011
0.013594015719981799
0.013486621109583489
0.013379226499185179
0.013271831888786868
0.013164437278388568
0.01305704266799026
0.012956721995979387
0.012857973310276834
0.01275922462457428
0.01266047593887173
0.012561727253169177
0.012462978567466625
0.012364229881764072
0.01226548119606152
0.012166732510358968
0.012067983824656415
0.011974996499281366
0.011884169684029135
0.011793342868776903
0.011702516053524669
0.011611689238272438
0.011520862423020205
0.011430035607767973
0.01133920879251574
0.011248381977263508
0.011157555162011282
0.011071163392435268
0.010987305934674233
0.0109034484769132
0.010819591019152166
0.010735733561391132
0.010651876103630097
0.010568018645869063
0.010484161188108028
0.010400303730346994
0.01031644627258596
0.010236400158382371
0.010159530163809986
0.0100826601692376
0.010005790174665215
0.00992892018009283
0.009852050185520444
0.009775180190948057
0.00969831019637567
0.009621440201803288
0.0095445702072309
0.009470469411463072
0.009399691654260718
0.009328913897058356
0.009258136139855995
0.009187358382653632
0.009116580625451271
0.00904580286824891
0.008975025111046548
0.008904247353844187
0.008833469596641826
0.008764723905526118
0.008699534330062056
0.008634344754597992
0.00856915517913393
0.008503965603669866
0.008438776028205804
0.00837358645274174
0.008308396877277678
0.008243207301813615
0.008178017726349553
0.008114227985068237
0.008054171134940915
0.007994114284813591
0.007934057434686274
0.007874000584558952
0.007813943734431629
0.007753886884304307
0.007693830034176985
0.007633773184049661
0.007573716333922339
0.007514515077169168
0.007459163990599686
0.007403812904030204
0.007348461817460721
0.00729311073089124
0.007237759644321757
0.007182408557752274
0.007127057471182793
0.0070717063846133105
0.007016355298043828
0.0069613969299379365
0.006910365746467947
0.006859334562997959
0.00680830337952797
0.0067572721960579875
0.006706241012587997
0.006655209829118009
0.00660417864564802
0.006553147462178032
0.006502116278708043
0.006451085095238054
0.006404023735781945
0.006356962376325836
0.006309901016869724
0.006262839657413615
0.006215778297957506
0.006168716938501396
0.006121655579045286
0.006074594219589176
0.006027532860133067
0.005980471500676957
0.005936723593722009
0.005893307032017176
0.005849890470312345
0.0058064739086075125
0.0057630573469026804
0.005719640785197852
0.00567622422349302
0.005632807661788188
0.005589391100083355
0.005545974538378519
0.005505298131990094
0.005465230649005315
0.005425163166020536
0.005385095683035757
0.005345028200050978
0.005304960717066199
0.005264893234081427
0.005224825751096648
0.005184758268111869
0.00514469078512709
0.0051068644378958455
0.005069878516572177
0.00503289259524851
0.004995906673924843
0.004958920752601174
0.004921934831277506
0.004884948909953839
0.004847962988630171
0.0048109770673065025
0.004773991145982834
0.004738806425625242
0.0047046509629625494
0.004670495500299857
0.004636340037637165
0.004602184574974473
0.00456802911231178
0.004533873649649087
0.004499718186986395
0.004465562724323703
0.004431407261661011
0.004398454486065188
0.0043665039496917565
0.004334553413318325
0.004302602876944893
0.004270652340571463
0.004238701804198032
0.0042067512678246
0.004174800731451169
0.004142850195077738
0.004110899658704307
0.004080243410898582
0.004051140309374105
0.004022037207849629
0.003992934106325152
0.003963831004800676
0.0039347279032761985
0.0039056248017517218
0.003876521700227245
0.0038474185987027684
0.003818315497178297
0.0037900122866109135
0.003763108885218445
0.003736205483825976
0.0037093020824335073
0.0036823986810410386
0.0036554952796485694
0.0036285918782561002
0.0036016884768636315
0.003574785075471163
0.003547881674078694
0.003521530593848567
0.00349665237005135
0.0034717741462541338
0.0034468959224569166
0.0034220176986597007
0.003397139474862484
0.003372261251065267
0.0033473830272680513
0.0033225048034708346
0.003297626579673618
0.003273087898593497
0.0032500771597403066
0.003227066420887116
0.0032040556820339254
0.003181044943180736
0.003158034204327545
0.003135023465474355
0.0031120127266211647
0.0030890019877679743
0.003065991248914784
0.003043136735192722
0.0030218444727819456
0.0030005522103711693
0.002979259947960393
0.002957967685549617
0.0029366754231388405
0.002915383160728064
0.0028940908983172875
0.002872798635906511
0.0028515063734957345
0.0028302141110849582
0.0028105062132311497
0.0027907983153773407
0.002771090417523535
0.0027513825196697267
0.0027316746218159172
0.0027119667239621087
0.0026922588261082997
0.0026725509282544907
0.0026528430304006818
0.002633135132546873
0.002614756801443513
0.002596511427015198
0.002578266052586882
0.002560020678158567
0.0025417753037302523
0.0025235299293019367
0.0025052845548736214
0.002487039180445306
0.0024687938060169914
0.0024505484315886757
0.0024334051712652273
0.0024165068251873036
0.00239960847910938
0.002382710133031457
0.0023658117869535334
0.00234891344087561
0.002332015094797687
0.0023151167487197636
0.00229821840264184
0.0022813200565639166
0.002265325710689453
0.002249670364891286
0.0022340150190931197
0.0022183596732949533
0.0022027043274967864
0.00218704898169862
0.0021713936359004536
0.0021557382901022867
0.0021400829443041203
0.002124427598505954
0.0021095026405135377
0.0020949950469815507
0.0020804874534495633
0.0020659798599175763
0.0020514722663855893
0.0020369646728536045
0.0020224570793216175
0.00200794948578963
0.0019934418922576426
0.0019789342987256557
0.001965003995634365
0.0019515547679103218
0.0019381055401862782
0.001924656312462235
0.0019112070847381916
0.0018977578570141484
0.0018843086292901047
0.0018708594015660615
0.0018574101738420183
0.0018439609461179752
0.0018309562869062068
0.0018184851099091693
0.0018060139329121319
0.0017935427559150944
0.0017810715789180571
0.0017686004019210194
0.0017561292249239817
0.0017436580479269445
0.0017311868709299068
0.0017187156939328693
0.0017065728240528608
0.001695004491627653
0.0016834361592024452
0.0016718678267772379
0.0016602994943520299
0.0016487311619268223
0.0016371628295016145
0.0016255944970764067
0.001614026164651199
0.0016024578322259915
0.0015911172358215678
0.0015803839354725686
0.0015696506351235695
0.0015589173347745702
0.001548184034425571
0.001537450734076572
0.0015267174337275729
0.0015159841333785738
0.0015052508330295744
0.0014945175326805775
0.0014839244112175441
0.0014739620947413579
0.0014639997782651716
0.0014540374617889856
0.001444075145312799
0.001434112828836613
0.0014241505123604268
0.0014141881958842405
0.0014042258794080545
0.0013942635629318682
0.0013843660761916554
0.0013751168868111794
0.0013658676974307035
0.0013566185080502273
0.0013473693186697513
0.0013381201292892752
0.0013288709399087992
0.001319621750528323
0.0013103725611478471
0.001301123371767371
0.001291874182386895
