0.20711863978230094
0.23961444977829563
0.27369416025434695
0.30920030515930513
0.3459187092743306
0.38369379682974875
0.42233292959073787
0.46167028385872766
0.5015612419269357
0.5418265250325589
0.5823456075047296
0.622958029911685
0.6635486519455661
0.7040039904445667
0.7441958152638503
0.7840397500699025
0.8234357147145066
0.8623027435242261
0.9005629448157091
0.9381500831361061
0.9750046062672542
1.0110769053809918
1.046322918005163
1.0806915204351604
1.1141651225835287
1.1467063851673251
1.178299332476792
1.2089195235970538
1.2385570044376588
1.267202319753504
1.294851789031558
1.3214983428634268
1.3471435070863762
1.3717938039914863
1.3954510910394398
1.4181216078240317
1.4398188820086282
1.4605496777484008
1.4803264607271294
1.4991656931959556
1.5170794183289038
1.5340838041292058
1.5501997138582124
1.56543383728631
1.579813193345958
1.5933494261887071
1.6060672044268807
1.6179856684229443
1.629111621333357
1.6394772582275279
1.649093184737218
1.6579892311798148
1.6661747714530688
1.6736692344541046
1.6804957263620837
1.6866703496153816
1.6922180893884058
1.6971468727708356
1.7014814752668181
1.7052374993109611
1.7084357383357307
1.7110920088103725
1.7132191782388295
1.7148438179737056
1.7159702065455142
1.7166295416857527
1.7168182635109663
1.7165671854411826
1.7158908459964375
1.7147964643920672
1.7133090588552586
1.7114247512498904
1.7091746716651264
1.7065703663418035
1.7036188708381899
1.700337380072247
1.6967320940371575
1.6928236121483742
1.688618888502158
1.6841354309637384
1.6793732373964303
1.674354128081669
1.6690829308801287
1.6635725843865907
1.6578368383381539
1.6518723918903313
1.6457041246810309
1.6393319836944513
1.6327692413771753
1.6260257424595486
1.6191000240038467
1.6120143480746927
1.6047671220161224
1.597369306968119
1.589829697163918
1.5821511870793425
1.574346515468976
1.5664197348600482
1.5583755563755397
1.55022217537119
1.5419507662691128
1.5335972978487817
1.525154377644689
1.5166253035136958
1.508015231585972
1.4991195815407445
1.4903638083472095
1.4815460703221668
1.472668801026071
1.4637353024127695
1.4547544458056731
1.4457214484243497
1.4366489860223066
1.4271412423032888
1.417997495168967
1.4088214230548146
1.399618578283374
1.3903924998161552
1.3811463294023272
1.3718829038978657
1.3626060815010137
1.353317379687906
1.3440216405046277
1.3347196278185236
1.3254122101556682
1.3161079560048643
1.3068070137648207
1.2975096183006782
1.288220308597088
1.278940641909454
1.269671875231919
1.2604173906455471
1.2511781619855569
1.2419569122929992
1.2327542447589166
1.2235725728925406
1.2144142981595725
1.205279848616393
1.1961720116317134
1.1870907161996804
1.1780386505880898
1.169008619036625
1.160018167324848
1.1510605549675053
1.142135715949731
1.1332466658402758
1.1243931780413867
1.1155771407182231
1.1067985569386738
1.098059287023477
1.0892716565340321
1.0806129798463342
1.071995727053275
1.063421489813986
1.0548899079267817
1.0464012743174433
1.0379568229917469
1.0295576329647702
1.0212040244741734
1.012896471255793
1.004635031818622
0.9964205796839049
0.9882528303347081
0.9801335269122249
0.972062947349629
0.9639003265792205
0.9559271715012267
0.9480031587269195
0.940128528581767
0.9323036564545502
0.9245287373150858
0.9168041414179305
0.9091295034399486
0.9015052212197724
0.8939320962000247
0.8864097067618714
0.8789379513187594
0.8715171323621639
0.8641476725192491
0.8568292081306312
0.8495619267163294
0.8423459329888493
0.8351812300018752
0.8280670078018015
0.8210044579103377
0.8139932140202017
0.8070328075683607
0.8001237840964934
0.7932654770554661
0.7864582130722159
0.7797016343693944
0.7729959718286052
0.7663405080345753
0.759736275601535
0.7531819877176854
0.7466779738061116
0.7402240428640525
0.7338198607236841
0.727465928914904
0.7211613323024684
0.7149060490630466
0.7087005666829752
0.7025437470954258
0.6964355686739155
0.6903764647929502
0.6843657957834529
0.6784032145418089
0.6724888447406103
0.6666222810020871
0.6608032263305641
0.6550316125998642
0.6493068256834627
0.6436296779148247
0.6379983941959501
0.6324139477235158
0.6268755688046957
0.6213831852117182
0.6159361574793266
0.6105347850609618
0.6051785576935237
0.5998669490081902
0.5945999246069356
0.5893828155037049
0.5842040806656783
0.5790695699059244
0.5739782501057304
0.56893036221862
0.5639253274968526
0.5589629784803714
0.5540432863568019
0.5491656813541601
0.5443294818855976
0.539534998652142
0.5348455688953925
0.5301324877737608
0.525460501491273
0.5208288410827767
0.5162372813041491
0.5116857584030963
0.5071736788808542
0.5027009433063653
0.49826725201260225
0.4938723264259894
0.4895158276923506
0.48519742918378417
0.4809169394470415
0.4766739173088369
0.47246862921724864
0.4682998482724402
0.46416832055625934
0.4601876178951682
0.4561272525193178
0.45210293349247604
0.44811431671701113
0.4441609412781169
0.44024207887566036
0.43635868916939824
0.43250974392006075
0.42869480582108505
0.4249138226933718
0.42116657050918105
0.41745307338378906
0.4137724921208928
0.4101249832302817
0.40650960393464586
0.4029271595683959
0.39937670539019354
0.39585788916573295
0.3923709223171443
0.3889146235501015
0.3854901328060954
0.38209724104273124
0.378733583758887
0.375400511924329
0.37209711981758725
0.3688237557868945
0.3655797926255423
0.362365037376413
0.35917956425734143
0.3560226306849349
0.35289407825528385
0.3497939891995409
0.34672199924264213
0.3436776151159145
0.3406610934071498
0.33767129310909333
0.3347090333602563
0.3317735761213398
0.3288644650390995
0.3259821490894395
0.32312532071359595
0.32029485981931244
0.3174901520559488
0.3147105271114373
0.31195655220404883
0.30922699049510444
0.3065227249462313
0.3038429078518388
0.3011873176869515
0.2985559702600876
0.29594827733094736
0.29336453309502886
0.290804336142421
0.2882673940513594
0.2857532055763118
0.2832645037921527
0.28079599326492866
0.27835013336492614
0.2759263775253496
0.27352421096257695
0.2711446431961659
0.2687863339545333
0.2664496155326888
0.264134185987057
0.26183942912596186
0.25956604225248786
0.2573130251566052
0.25510789958433777
0.25289556276347913
0.25070333110839305
0.24853100361713426
0.24637856334087194
0.24424557267566552
0.24213199142354758
0.24003784078094753
0.2379623260410758
0.23590615024578737
0.23386843461721804
0.23184929210556332
0.22984861292112385
0.22786559048772417
0.22590125290141472
0.223954461534585
0.2220254026485568
0.22011396587334744
0.21821949509517044
0.21634259277648332
0.2144826107039646
0.21263958927744234
0.2108133012656203
0.20900342276168624
0.20725435312988735
0.20547705387858603
0.20371576917429948
0.20197029211753034
0.2002408013090787
0.19852684460840903
0.1968288132704931
0.19514588570137498
0.19347800242157295
0.19182552376813986
0.1901877630950173
0.1885652442633189
0.18695708646758638
0.18536331120504979
0.1837842923711084
0.18221933420648864
0.18066873365833117
0.17913193439620106
0.1776090001693682
0.1760999050310043
0.17460445876399047
0.1731224131896599
0.17165378416731278
0.17019843550752828
0.16875602900778197
0.16732695216366691
0.16591046093966194
0.16450694370778812
0.16311604189154402
0.16173734594595207
0.16037152850941755
0.15901763945242478
0.15767616425591852
0.15634664693977451
0.15502885866965518
0.15372322041485303
0.15242913183351733
0.15114787206688296
0.14987695894716146
0.14861734175879535
0.1473690641277181
0.14613211924024064
0.14490611487896032
0.14369109432088528
0.14248696166855943
0.1412934432890587
0.14011095693025366
0.13893879696380823
0.13777714747979888
0.13662588071297105
0.13548475515973993
0.13436840729087876
0.13324734312219746
0.13213627651805787
0.13103524068606995
0.12994391199059763
0.1288624288316374
0.1277905000963347
0.1267280546908371
0.12567513188631657
0.12463160020849644
0.12359732691894401
0.12257222285885608
0.12158603391817648
0.12057848282923184
0.11957979265753789
0.1185898203420799
0.11760897217714518
0.11663657974455963
0.11567267253509006
0.114717550068118
0.11377077006864872
0.112832501920901
0.11190212709296711
0.1109803561606514
0.11006673446908108
0.1091610021034313
0.10826361029119118
0.1073739228500653
0.10649200937623594
0.10561801830318286
0.10475114422865656
0.10389243290986669
0.10304124845253113
0.10219760495253662
0.10136132909822705
0.10053237176365107
0.09971084258328455
0.09889645519826828
0.09808910631620839
0.09728897769509243
0.09649588008943184
0.09570884851365509
0.09492970796610585
0.0941572443164431
0.09339153006876719
0.09263247030412815
0.09188015913099896
0.09113434834347804
0.09039489651727418
0.08966212232936209
0.08893563761741037
0.08821545561220466
0.08750185138516396
0.08679419848006398
0.0860927325734115
0.08539727607705695
0.08470802903976576
0.08402356220057215
0.08334608230600919
0.08267464824399298
0.0820089293168004
0.08134900489259207
0.08069482494227966
0.08004631517057657
0.07940339099806898
0.07876598281760966
0.07813416273331328
0.07750778061783019
0.07688669370115882
0.07627110343711968
0.07566081917914495
0.0750556902156077
0.07445591703519937
0.07386126453156194
0.07327168944607955
0.07268721462294953
0.07210774140503184
0.07153180300143532
0.07096220226724324
0.0703976237463558
0.06983790952721829
0.06928283954380515
0.06873268582797358
0.06818716842097661
0.06764626023116545
0.06711006057743835
0.06657841366233444
0.06605131160327363
0.06552864307518268
0.0650105320490045
0.06449688421800445
0.06398752914662222
0.0634825525255681
0.06298189149795039
0.062485414122215616
0.061993197818125144
0.061505204115713155
0.06102127829654828
0.0605414984967231
0.06006581747520292
0.05959416836001836
0.0591244857350186
0.058660773510425396
0.058201065337780494
0.05774514383570526
0.05729311571150693
0.056844952961995876
0.056400530655378985
0.055959883481725314
0.05552298592193361
0.05508977622180871
0.05466014673418491
0.05423417448235701
0.0538117797603315
0.05339289706084973
0.052977573123139284
0.05256575712873766
0.05215738238178378
0.05175239039120946
0.051350862426332106
0.0509526746285462
0.05055776523655269
0.050166221065704036
0.04977791789651851
0.0493928393531657
0.049011053076735256
0.048632463493436986
0.04825699080686941
0.04788223306063588
0.04751306839196825
0.047146977374227676
0.04678390582255496
0.04642385642051169
0.0460668052580315
0.04571269730186815
0.04536157643837153
0.04501339621765286
0.04466801171918041
0.044325518430601486
0.043985877242535325
0.043649041895158974
0.04331498336062823
0.04298368118680225
0.04265516928941483
0.04232932929396659
0.042006208000550944
0.04168578432485451
0.04136793585561775
0.04105270822327475
0.04074009982179465
0.040430048707564815
0.040122540067532506
0.03981759455820876
0.03951513530438725
0.039215147167445716
0.03891763621350191
0.03862257097587756
0.03832991350904488
0.03803960020915728
0.03774912260636496
0.03746364397045029
0.03718048639094194
0.0368997046679614
0.036621150955290546
0.03634488075199431
0.03607087362670495
0.03579911048789049
0.03552954737856779
0.03526213556632488
0.034996935080292925
0.0347338816521889
0.034472977155680214
0.034214224783416354
0.03395753801567096
0.03370290062921941
0.03345037551827581
0.03319989093212855
0.03295141158005912
0.0327049518730239
0.03246047650722003
0.03221801575448545
0.03197748667121718
0.03173891768757612
0.031502264715122234
0.03126748127229558
0.031034636410470287
0.03080365859925588
0.03057451459549821
0.03034721004365938
0.030121752793987093
0.029898104285235858
0.02967623866725768
0.029453494641512704
0.029235221054643632
0.02901869170515219
0.02880391498913663
0.028590866331231025
0.028379518002401054
0.028169844674289457
0.027961881545197225
0.027755550292273126
0.02755085740199772
0.02734783205229245
0.02714638599515824
0.02694654501663355
0.02674829952649736
0.026551629274238812
0.026356529208255933
0.026162973133322512
0.025970964389498214
0.025780473855903818
0.025591475378823
0.02540402255167326
0.02521803172976661
0.025033479108030575
0.024850428210456417
0.02466881494166128
0.024488643752914756
0.024309898965947534
0.024132537688262793
0.02395660653706015
0.02378203094549092
0.02360915180614701
0.023437330815795562
0.02326682109445649
0.023094991032587314
0.022927238030738213
0.02276078813007024
0.022595662931702946
0.022431823618051044
0.022269276722664343
0.02210799128088592
0.021947973991064025
0.021789204593860852
0.02163166421308325
0.02147538338267333
0.02132032962000165
0.021166458694759593
0.021013802676700125
0.02086234136055096
0.020712039339019255
0.020562922903445757
0.02041495808670016
0.0202681417767838
0.020122470453008967
0.019977937291419626
0.019834532401583758
0.019692227827452922
0.019551036710557763
0.01941094544896105
0.019271926383006985
0.019133981150226735
0.018997107442014032
0.018861297487176926
0.018726527770025456
0.018592819222847872
0.01846012788939946
0.018326082004992517
0.018195462831900513
0.018065844561184298
0.017937235242419802
0.01780960501651922
0.01768297267375205
0.017557305907474976
0.017432594899970108
0.01731211768277199
0.017189296036138887
0.01706740082229159
0.016946443229856306
0.01682641518582036
0.01670729728610002
0.0165890968702376
0.016471810434000055
0.01635540810687203
0.016239891855757634
0.01612527188029686
0.016011525297473454
0.015898622770970545
0.01578658838956956
0.015675413590008916
0.015565069402498459
0.015455594115783193
0.015346949398275458
0.015239117354729801
0.015132103421521407
0.015024528138040167
0.014919164585838567
0.0148145797701595
0.014710793098038067
0.014607794800995416
0.014505579957486315
0.014404143255113177
0.01430347503964475
0.014203549935438944
0.014104375470580993
0.014005967826674242
0.01390828864961768
0.013811344167604503
0.013715126780838954
0.01361964574247364
0.013524886649798765
0.01343083618167179
0.013337505217332566
0.013244856627672452
0.013152898502592018
0.013061647349217746
0.012970201157014173
0.01288031253007328
0.012798443924960802
0.01270981500312493
0.012621838904536182
0.012534523059721095
0.012447871816349449
0.012361847370822479
0.012276459451358392
0.012191724999606501
0.01210761392911573
0.012024136970044487
0.011932163289359492
0.011850047368013032
0.011768535386130097
0.011687312578781896
0.011607019740834178
0.011527316558391018
0.01144819606027479
0.01136966879885513
0.011291728933650097
0.011214362639061497
0.011138653549114242
0.01106242354557274
0.010986750386500111
0.010911639522775636
0.010837090597348976
0.010763079094025333
0.010689611347669478
0.01061670121881955
0.010544326863735787
0.010472481124898545
0.010401176418435536
0.010330381691161277
0.010260104211495183
0.010190343863545953
0.010121101626274989
0.010052358581769527
0.009984110337637474
0.009916385958057453
0.009849145352908437
0.009782393579791666
0.009716144968356287
0.009650366763046321
0.009585064055472124
0.009520244249865922
0.009455904164735596
0.009392028267427053
0.009328618539136021
0.009265682792943727
0.009203194388209324
0.00914115434348317
0.009079584567083613
0.009018448539272332
0.008957749868841128
0.008897496651368469
0.008837678644339588
0.008778301090989109
0.008719352444298412
0.008660836060644272
0.008602735767681651
0.008545046140067214
0.008487795998309686
0.008430952165678579
0.008374510258782223
0.008318483237333548
0.008262858605006937
0.008207643296369091
0.008152822778365409
0.00809839910102304
0.008044362162927433
0.007990703585110344
0.007937449719235826
0.007884569733119956
0.007832059825326093
0.007779938089148116
0.007728190826599703
0.007676814497769306
0.007625807354584137
0.0075751650344876255
0.007524886577514131
0.0074749597188336495
0.007425402573563661
0.007376195777382576
0.007327330242434279
0.007278832385276504
0.007230673968933969
0.007182854685161483
0.007135382086516544
0.007088245850358342
0.007041442030094278
0.006994964631795785
0.006948824700504265
0.006903013434170329
0.006857525165191554
0.006812369160885225
0.006767528620032395
0.0067229999773180974
0.006678799561672988
0.006634910235722583
0.006591327067644672
0.006548048216142208
0.006505078670707697
0.006462420800110409
0.0064200587063201
0.006378002395250184
0.006336239104967737
0.006294761723155858
0.006253585772572308
0.0062126995875479655
0.0061720957861359374
0.006131775860028244
0.006091745244129761
0.006051999678955514
0.0060125290587166435
0.005973344665406065
0.005934432904840554
0.005895786030427366
0.005857415521887628
0.005819316657406541
0.005781478103917818
0.005743906932138921
0.005706604302569538
0.0056695591915154825
0.0056327723450388945
0.005596246416848673
0.005559973810602526
0.005523946965958718
0.005488174133358271
0.005452654810020558
0.005417377677601355
0.005382353012288212
0.005347574660917147
0.005313035215353036
0.005278735297629915
0.005244678645750101
0.00521085667289919
0.005177263041459291
0.005133167316086422
0.005100177606237692
0.005067417668826063
0.00503488460595463
0.005002577261409378
0.004970487418633875
0.0049386176179547405
0.0049069740057158095
0.004875545237614211
0.004844327900740781
0.004813326331385346
0.00478254479853239
0.004751976224900734
0.004721617586373267
0.0046914690209112885
0.004661521418276542
0.0046317779281071555
0.004602245357104296
0.004572911565003641
0.00454377502347029
0.0045148423218851225
0.004486109987658326
0.004457571996051878
0.0044292294875826355
0.004401082638372929
0.0043731223318823785
0.004345351343790031
0.004317775116934479
0.004290384342484699
0.004263182331551443
0.004236169771837288
0.004209340450513518
0.004182691029719064
0.0041562243037957265
0.00412993982283906
0.0041038286674304186
0.004077892877205436
0.004052137017166631
0.004026555963167849
0.004001150040855234
0.00397591728602683
0.003950853770506918
0.003925956725175307
0.003901230719488986
0.003876674224562244
0.0038522790271958195
0.003828047128573133
0.003803984642777227
0.003780086906239333
0.0037563492232304927
0.003732773265242674
0.0037093536617057023
0.0036860895057304844
0.003662983275157333
0.0036400350778559355
0.003617237539928096
0.0035945907159810023
0.003572103966192733
0.0035497654358291647
0.003527576489894804
0.00350553886070665
0.0034836457958848485
0.003461897947519
0.0034402959370984443
0.003418843321305498
0.0033975316884550847
0.003376363400394764
0.003355340788647677
0.003334454818023659
0.003313708728607993
0.003293104168496717
0.003272633626536875
0.0032522980495498675
0.003232097911317534
0.003212034608837843
0.0031921059114404945
0.0031723089498165795
0.003152646042230859
0.0031331106970756807
0.0031137041956806875
0.003094431189243084
0.0030752836374242595
0.0030562621427554938
0.0030373674257637476
0.003018600011636363
0.0029999591002890886
0.0029814396968119885
0.0029630443333652787
0.0029447682419921095
0.002926610491532264
0.0029085788453064817
0.0028906629621074436
0.0028728630330599005
0.0028551829311616265
0.0028376205930747697
0.0028201753688070017
0.0028028437215104453
0.002785626922901658
0.002768521767092556
0.002751527650300449
0.0027346511262938324
0.0027178830254247386
0.0027012229378855107
0.0026846769181147977
0.002668237773032522
0.0026519068730083604
0.0026356831174900717
0.0026195657291413228
0.0026035526593376516
0.002587641738320412
0.0025718387804942954
0.002556138310663609
0.0025405407403492294
0.002525047365478335
0.0025096534275077507
0.00249435898933358
0.0024791669483563176
0.0024640741526637147
0.002449078655318133
0.0024341786530628394
0.002419377750226153
0.0024046761502753184
0.0023900681006520257
0.0023755569089852027
0.002361138574561375
0.0023468117329633973
0.002332580796013647
0.0023184417825104567
0.0023043931142878895
0.0022904339898229082
0.0022765681487885367
0.0022627939687941572
0.002249106965411765
0.002235510363349683
0.002222001567873908
0.0022085777457098352
0.0021952429482107365
0.0021819946218080443
0.0021688302053951137
0.0021557509869902934
0.002142758152491582
0.0021298491049405797
0.002117022325427401
0.002104279365260569
0.0020916175444917104
0.002079034938637746
0.0020665345134240694
0.0020541157248928047
0.00204177565168672
0.002029516148980766
0.0020173357288633485
0.0020052333407256117
0.001993209060097759
0.001981262796659905
0.0019693923926471864
0.00195759589209816
0.0019458754252280987
0.0019342317455617283
0.0019226630211246676
0.001911168135584439
0.0018997469286141987
0.0018883972975055118
0.0018771200439581838
0.001865916193176396
