0.30693051124318804
0.35378758906128716
0.40266831651756285
0.4533341549340958
0.5054721891457569
0.5588567845885875
0.6132153679940199
0.668314763007176
0.7239567395134484
0.7798971149695564
0.8359740165500393
0.8919799101363053
0.9477548755053956
1.0031558224564001
1.0580186235733682
1.1122356977291634
1.1656819586218043
1.2182555003448234
1.2698616929670647
1.3204193552134287
1.3698575599084832
1.4181156459130926
1.465144216985089
1.5108832388030065
1.5553141154739518
1.598395699636061
1.6401110963662204
1.6804347832271498
1.7193617133847856
1.7568809666112675
1.7929956856343157
1.8276995670850562
1.8610007162407793
1.8929129152442752
1.9234417743399912
1.9525999233412268
1.9804092909405773
2.0068828714280773
2.0320408099831315
2.0559085826605985
2.0785045075177706
2.099854246691514
2.1199884719768143
2.1389179049097797
2.1566827711793275
2.173298865900474
2.1888036045023904
2.2032241228092184
2.2165709797396853
2.228890629642495
2.2401969978071423
2.2505336782250516
2.259914356803164
2.2683660972163593
2.2759223880212316
2.282605143014299
2.288449739107718
2.2934678956883645
2.2976940546091846
2.3011503424231146
2.3038656430930122
2.3058615675887313
2.3071569008163255
2.307788075273158
2.3077613542743416
2.30711966643218
2.3058584200560515
2.3040200282053123
2.3016245760558487
2.2986820042686817
2.2952266112329647
2.291253496502093
2.286804968729114
2.28189690412767
2.2765389556582893
2.270754527098324
2.264552375353812
2.2579601973745276
2.250987772932957
2.24365856876388
2.235972958502311
2.2279601871682253
2.2196269113786427
2.210990689057561
2.2020698996219124
2.1928604152152062
2.1833953441369203
2.1736748612843533
2.163716757505672
2.153534203523078
2.143125317396188
2.1325197083507614
2.1217154674231082
2.1107270870991846
2.099566420780193
2.08823716636649
2.0767562877322496
2.065129296786048
2.053362367943532
2.0414663753130617
2.0294350542693596
2.0173050181163594
2.005072005351641
1.992740386384512
1.9803168860158604
1.9676002961511525
1.9550140048619729
1.942361086274873
1.9296444472522685
1.9168556076760663
1.9040319309675815
1.8911540589467162
1.8782386654216223
1.864890363570193
1.8519094018643747
1.8387353872920391
1.82570576856114
1.8126596794806786
1.7996010471491348
1.786533737033182
1.7734625940965172
1.7603895638441296
1.7473209485438366
1.7342575627137378
1.720892118476593
1.707854248070967
1.6948331349305894
1.6818304983473078
1.6688508849960288
1.6558966760631066
1.6429705073147625
1.630075149430349
1.6172131896807054
1.604386598043684
1.591596394272704
1.578846775940885
1.5661399715824986
1.553476242236398
1.5408594642682076
1.528289014625252
1.5157688373878286
1.5032978362632838
1.4908811648804983
1.4785200910578586
1.466212097268531
1.453962282286763
1.4417710265782495
1.429638918368928
1.417567090364936
1.4055574114027185
1.393590681297792
1.381707630070938
1.3698886512822366
1.3581367828839868
1.3464506737178126
1.334830700814353
1.32327882925548
1.3117960965279432
1.3003825505485347
1.2890390712911315
1.2777653536153784
1.2665626857515777
1.2554303701813274
1.244370606643749
1.233383927573465
1.2224382795570448
1.2115962631745143
1.2008273575187238
1.1901317390889052
1.179509809982588
1.1689617474314118
1.1584878753650063
1.148087677002846
1.1377615502723182
1.1275103971371503
1.1173336369169742
1.1072309740423276
1.0972027497746115
1.0872494112062017
1.0773703892389754
1.0675658014617944
1.0578357522040025
1.0481800476887733
1.0385976518928473
1.02908999081916
1.0196564618072963
1.0102963423126827
1.0010103447269545
0.991797414669078
0.9826579580256916
0.9735913538417396
0.9645979139394074
0.9556764402684366
0.9468284483383025
0.9380519855235847
0.929347429598035
0.92071448202357
0.9121525802223904
0.9036623807231984
0.8952425048296597
0.8868928607981145
0.8786141291277689
0.870404562735011
0.862264105067442
0.8541933834361524
0.8461913721529162
0.8382575166438413
0.8303919581266602
0.8225940823109996
0.8148634014060716
0.8071997997196606
0.7996023387206768
0.7920721452121594
0.7846065898458606
0.7772071043686717
0.7698724977440429
0.7626026756970766
0.7553966456871128
0.7482548138859044
0.7411764326813906
0.7341606899416182
0.7272075118924544
0.7203223458193477
0.7134929592748612
0.706725579131222
0.7000186508526101
0.6933724957328669
0.6867862754273011
0.6802596918456122
0.6737927068972217
0.6673844785538445
0.6610339937285612
0.6547417227998633
0.64857089768768
0.6423923384062269
0.636270992895766
0.6302057666666059
0.6241962982381001
0.6182424481068329
0.6123434084489912
0.6064990468052575
0.6007127290412441
0.5949761396877711
0.5892929523874233
0.5836624349541901
0.5780845577627889
0.572558424942725
0.5670845327413347
0.5616611212676917
0.5562891411974542
0.5510819363424653
0.5458087765978393
0.540585187167702
0.5354601003945276
0.5303339173608115
0.5252554046413276
0.520225630940527
0.515243313706198
0.510307788497081
0.5054189736855521
0.5005765046131835
0.49578046308680385
0.4910295402521375
0.48632401988408264
0.4816626714731207
0.4770463814286126
0.47247399475421825
0.46794495033321737
0.46345952020450193
0.45901607546416257
0.45461607291817413
0.450348562121506
0.44603079437054194
0.44175483406360794
0.4375193330265455
0.4333249346912113
0.42917049285618986
0.42505602037442214
0.42098138756492104
0.4169457511204797
0.4129486857456925
0.4089903184113757
0.4050701726822139
0.401187710766741
0.3973430970149231
0.393534632409194
0.38976371383896735
0.38602915733110665
0.3823302655467048
0.37866787361247345
0.3750397542308006
0.37144763532741315
0.3678902630638513
0.36436685637854105
0.3608781836833182
0.3574223721609407
0.3540009359673817
0.3506125048340346
0.34725679780718904
0.34393370685031
0.3406425141137236
0.337383714717881
0.33415663351854064
0.3309609317548893
0.32779570771631084
0.3246623321116878
0.32155868479477795
0.3184854902350701
0.3154420428453596
0.3124274004589867
0.30944336883087115
0.30648770167710015
0.303561136746994
0.3006629495797606
0.2977924923619386
0.2949507149364689
0.2921361729237021
0.289355310145488
0.28659544593138286
0.28386247852519836
0.2811560486386776
0.2784762012616109
0.27582229203179165
0.27319427650532846
0.27059226305208706
0.2680149283004106
0.2654635038456203
0.26293653172913767
0.2604343405332623
0.2579567490875605
0.255502459835321
0.25307318091816755
0.2506671182727331
0.24828460425363627
0.2459254782916985
0.2435887712590562
0.24127542255430548
0.23898448443928422
0.23671598431399482
0.23446964185009728
0.2322449802496226
0.23005185304624987
0.227870645904988
0.22571056426469555
0.22357133981380706
0.221453211273278
0.21935554580755864
0.21727890979283404
0.2152221284891545
0.21318513421470356
0.2111684290494627
0.2091710551134181
0.2071937509862054
0.20523529005233979
0.20329568315898933
0.20137546252467098
0.1994736683245963
0.19759070893193734
0.195725821301946
0.19387907258127435
0.1920504322733555
0.19023965139507204
0.18844637818360632
0.1866706500415033
0.18491224903461886
0.18317072420199912
0.18144661262649758
0.17973889109012625
0.17804808794755586
0.17637370390310406
0.1747151847831226
0.17307345195934437
0.17144720502215885
0.16983709107639183
0.1682424995946257
0.16666311205582884
0.16509951986059407
0.16355088193502243
0.1620185512491019
0.16049994107935656
0.1589959365430586
0.1575066165750036
0.156031950965155
0.15457139644539633
0.15312504140152733
0.15169272101520015
0.15027409183531737
0.14886970557474452
0.1474785980581377
0.14610103088931714
0.14473682500810242
0.14338564924431774
0.14206232354203224
0.14073702379203118
0.13942457314422402
0.13812496494110676
0.13683780648090677
0.1355633021882761
0.1343009821641975
0.13305080201758712
0.1318128198273545
0.13058683684074157
0.12937268664136314
0.1281702516163542
0.1270092132515323
0.12582929427272183
0.1246607488835488
0.12350328881016916
0.12235741393938959
0.1212222992290238
0.12009805964782858
0.11898490252594342
0.11788230740206601
0.11679056184902173
0.11570909484733882
0.1146381759993422
0.11357763722267598
0.11252710527218254
0.11148705663984293
0.11045678891915048
0.10943634474905298
0.10842589173491782
0.1074249701891977
0.1064345320917146
0.10545283122558063
0.1044805903034434
0.10351763662957215
0.10256395765948617
0.10161951142719408
0.10068409819427612
0.09975751232452798
0.09883994903245871
0.0979312849583571
0.09703098859697608
0.09615013944824477
0.09526705699033823
0.09439241733045706
0.09352610696757022
0.0926682353599283
0.09181847613735174
0.0909766507487215
0.09014315485513805
0.08931750589477827
0.08849970555693963
0.08771241702251457
0.08690976262513764
0.08611481551684735
0.08532733123960581
0.08454759750704655
0.08377498637425451
0.08300974919499235
0.08225213607108428
0.0815015978631115
0.08075813162198153
0.08002191682525471
0.0792926468888208
0.07857027891897468
0.07785470818702192
0.07714604794444968
0.07644413169590986
0.07574865124607955
0.07506004181127943
0.07437794465819923
0.07370212771272801
0.07303298018577774
0.07237014472541325
0.07171350942273122
0.07106309548669794
0.07041887065212853
0.06978047354964878
0.06914825507593156
0.06852226792465352
0.06790217066352403
0.06728773105675194
0.06667932261130245
0.06607661342642474
0.06547947586200267
0.06488803742260138
0.0643021910918168
0.06372186374091744
0.06314692875453112
0.06257757663630585
0.062013628825272574
0.061454826711456564
0.06090142231642989
0.060353241541845765
0.05981006713827883
0.05927208853276346
0.058739187652907185
0.05821124877694941
0.057688259913416744
0.057170273268370896
0.05665715673735098
0.05614827336027242
0.05564468322563231
0.05514587150361179
0.05465158090184691
0.054161981751343805
0.05367703390323669
0.05319658609400589
0.05272065927511992
0.05224926606933023
0.051782261069171456
0.05131951096497339
0.05086114747820182
0.05040711022130291
0.049957193200165464
0.04951153679386
0.049070117679763166
0.04863270859930619
0.048199386491466226
0.04777018915867298
0.047344935868673214
0.046923568427712885
0.04650616743563167
0.046092688610535296
0.04568296516415889
0.04527717190456381
0.04487519870337989
0.04447684618404847
0.0440816750357437
0.04369079339240188
0.04330347266010651
0.042919700971178185
0.042539521999771096
0.04216287730021494
0.04178969566163718
0.04141999808374523
0.04105378304098986
0.040690841267414735
0.04033125954578965
0.03997508500149059
0.0396221308459585
0.03927241956327579
0.03892599263727294
0.038582799361137385
0.038242736763498555
0.0379058226066911
0.037572081602049875
0.03724131664513687
0.03691358202639997
0.036588944674299996
0.03626722791454991
0.035948458590195395
0.03563269227415432
0.035319809122614884
0.035009766923038685
0.034702594783942914
0.034398251245533015
0.034096665943714466
0.03379781080130157
0.0335012133034199
0.033207881828723994
0.0329172248750387
0.03262932759192996
0.03234400121626688
0.03206127048249424
0.031781145690086464
0.03150360742555796
0.03122855864139704
0.03095598175136768
0.03068597220711617
0.030418376561569663
0.030153232275651094
0.029890581901234455
0.02963025919415144
0.029372291807408364
0.029116700233578766
0.028863447808441862
0.028612486540885683
0.028363788865088405
0.02811740419132057
0.027873253789720054
0.027631293046701803
0.027391608782302207
0.027154042515428474
0.026918603290551252
0.026685330801883435
0.026454177423559082
0.026225097393942482
0.02599807130339925
0.025773166668056267
0.025550267302758223
0.025329353837023214
0.025109932964594257
0.024893033596370358
0.024678074144095712
0.02446510588333528
0.024254049845360833
0.0240448977280786
0.023837634417289914
0.023632278689842776
0.023428743037039408
0.02322700704321037
0.023027168642646284
0.022829080201781586
0.022632741600226294
0.02243820797516423
0.02224540241736978
0.022054344289391115
0.021865014828367897
0.02167739496703714
0.0214914422605362
0.02130712111517482
0.021124545542994137
0.020943572963692994
0.02076417858320037
0.020586442723104496
0.02041027970523354
0.020235709124636472
0.020062710548062565
0.019891250825791226
0.01972132211553192
0.019552877518153676
0.019386050628579822
0.019220632760145656
0.019056646729116188
0.018893542396405488
0.01873253368996084
0.01857293957710552
0.01841479450475215
0.018258060531290532
0.018102718087112855
0.017948738189080316
0.017796153656536293
0.01764492384362612
0.017495003562608927
0.01734647780555889
0.01719925722260871
0.017053310851587327
0.01690869655335763
0.016765360076935944
0.016623272635467527
0.016482438685068938
0.01634286210145505
0.01620452691192921
0.016067409144689043
0.015931537792964526
0.015796858494037724
0.015663352683169218
0.015531058594904881
0.015399933710802114
0.015269944137689766
0.015141098876156233
0.015013399434760186
0.01488683801656486
0.014761384824669172
0.0146370627992531
0.01451382303435099
0.01439112163449784
0.014270043985162194
0.01415003792248292
0.014031068342651326
0.013913144617823829
0.013796275742649994
0.013680432038199212
0.013565608813221738
0.01345253351152792
0.013339726086464311
0.013227882414876421
0.013117030663207813
0.013007163199018047
0.012898235804516512
0.012790273330991989
0.012683277258904276
0.012577199231204615
0.012472046859292017
0.012367835540152656
0.012264525477065632
0.012162094891689151
0.012060568458564257
0.011959937294777269
0.011860169410040467
0.01176130105967917
0.011663307211886199
0.01156614797932462
0.011469832585888132
0.01137407499528498
0.011279445935301939
0.01118562213605414
0.011092621466035364
0.011000433003784442
0.010909056643570397
0.010818477255118577
0.010728690287476963
0.010639662190921521
0.010551401547603707
0.010463933123090918
0.01037720811220007
0.010291223995116214
0.010205989614331978
0.010121515903566287
0.010037775219193133
0.009954760208066866
0.009872471589362844
0.009790875338334252
0.009709978283329097
0.00962980099164332
0.009550115011467434
0.00947130050169184
0.009394793832380066
0.009317333182596789
0.00924053195864213
0.009164398593719526
0.009088929390623527
0.009014092225381014
0.008939892758453794
0.008866347496788144
0.00879343255799965
0.008721151137951352
0.008647450901802684
0.008576443246245253
0.00850603578437274
0.008436172614101078
0.008366984453908061
0.008298377037476668
0.008230350485391304
0.008162917280138201
0.008096063929468548
0.008029788016217064
0.007964324810408468
0.007899177293735168
0.00783457902165643
0.007770540417644679
0.007707055626652507
0.007644101809297621
0.007581686503243051
0.0075198167035339415
0.00745848138576102
0.007397666358043632
0.007337380798893789
0.00727759737032908
0.007218317715825282
0.0071595462842947944
0.007101282877187508
0.0070435063445064465
0.006986214318667196
0.006929432635283889
0.006873124220128253
0.006817294530146789
0.006761951079943838
0.0067070661200734905
0.006652640532649013
0.006598683510962529
0.006545194090407418
0.006492152286182107
0.00643956460644966
0.006387432630295337
0.006335732446423615
0.006284467259009659
0.006233651528429805
0.0061832544997334265
0.006133276352066262
0.0060837243139541105
0.006034591847683813
0.005985881643870131
0.005937584080549238
0.0058896977766264395
0.005842207968862864
0.005795112308273574
0.005748433132169287
0.005702142599198815
0.005656234088741937
0.005610717148623882
0.005565584541545043
0.00552084228041586
0.005476473659179092
0.005432479514645264
0.005388849317762742
0.0053455773839251215
0.005302686529402752
0.005260148188791794
0.005217958652490323
0.005176131464062693
0.005134659045473996
0.005093535544704729
0.005052757664770305
0.005012321113558245
0.004972223289783825
0.004932455138569729
0.00489303110591789
0.004853934204245429
0.004815156400127454
0.0047767195419784495
0.004738598666309039
0.0047007933173684536
0.004663309135441697
0.00462613666215804
0.004589269949229011
0.004552705302886896
0.004516451329801882
0.004480501220699841
0.0044448521184990595
0.0044095062952906475
0.004374450359584336
0.004339681630043254
0.004305214442440545
0.004271032360077153
0.004237129575221788
0.004203504691975794
0.004170161540973848
0.0041371048263857575
0.00410431982632028
0.004071810993044487
0.004039568047035863
0.00400758580473237
0.003975875722398938
0.003944429280283098
0.00391323821130793
0.0038823029116355854
0.003851629905681957
0.003821214739352442
0.003791049259950441
0.0037611405545263
0.003731475966048476
0.0037020503649779542
0.0036728712402469225
0.0036439368374643613
0.003615235924641285
0.0035867734481662035
0.0035585520012881254
0.0035305597780285925
0.0035027998289052474
0.0034752712370842843
0.003447966581978279
0.0034208811847005697
0.0033940197402205887
0.003367384125653657
0.003340964467716796
0.003314767915879857
0.0032887889725765657
0.003263020868739
0.0032374649968407295
0.0032121231874962905
0.0031869865064525276
0.0031620511518899034
0.0031348957904874285
0.003110401786514439
0.003086113884383507
0.0030620239899202314
0.0030381316146287
0.0030144303855131993
0.0029909218235032705
0.0029676117579254483
0.0029444888922360224
0.002921550891753834
0.0028988005430302913
0.0028762423523085107
0.0028538725687724817
0.0028316842621654353
0.0028096772937167645
0.0027878453566128366
0.002766189038229912
0.0027447162192904455
0.0027234151354396303
0.002702284121596969
0.0026813297233889122
0.0026605470128624065
0.002639933471262507
0.0026194877364146374
0.002599208582712108
0.0025790901127052696
0.002559132863004885
0.0025393421979310136
0.0025197109616489455
0.0025002413051076365
0.002480933593312003
0.0024617809441339943
0.0024427821012095465
0.0024239392020434865
0.0024052493196946123
0.0023867070066525974
0.002368312596243945
0.002350069355943934
0.0023319761578054756
0.002314030821353719
0.0022962308538167927
0.0022785728265346554
0.0022610545794801463
0.002243681463548706
0.0022264488532404633
0.0022093519065618976
0.002192391438226248
0.002175571471621467
0.00215889211414116
0.002142345761908201
0.002125933259629378
0.0021096507080898518
0.002093496836113056
0.002077474812841975
0.002061583150601602
0.0020458164050796276
0.002030174307009065
0.002014664121478061
0.001999277390737793
0.0019840143716428923
0.0019688747260445433
0.00195385414395363
0.0019389520775762248
0.0019241697628132306
0.0019095102972579176
0.0018949660832390447
0.001880540281585586
0.001866231836053278
0.001852035321689097
0.0018379539404954647
0.0018239862481824623
0.0018101277780297026
0.001796378200974539
0.0017827379667298025
0.0017692092245322807
0.0017557899215317157
0.001742477531294925
0.0017292718901276505
0.0017161691794682133
0.0017031712100632665
0.0016902793168790471
0.0016774885690032306
0.0016647986436005072
0.00165220953877081
0.0016397232908086238
0.001627338758883041
0.0016150512048373354
0.0016028614805998994
0.0015907666030505361
0.001578766560561573
0.0015668657169174561
0.001555057051949207
0.0015433401548471696
0.0015317174748803544
0.001520188741582931
0.0015087529588918933
0.001497406580071784
0.0014861499183246125
0.0014749807783349365
0.0014638993110439975
0.0014529096977207844
0.0014420052730766595
0.0014311856374368687
0.0014204549174479143
0.0014098076479121886
0.001399245305658335
0.0013887663376810533
0.0013783696580866548
0.0013680535684827333
0.0013578170041355132
0.0013476635611238854
0.0013375898984440218
0.001327596998156516
0.0013176833024375082
0.0013078463352192067
0.0012980862916673367
0.0012884052109070876
0.0012788001284924195
0.0012692692510162785
0.0012598117040625975
0.0012504293213643407
0.0012411242271200878
0.00123189101890263
0.0012227305754190965
0.0012136407875529176
0.0012046206813328916
0.0011956737196515063
0.001186796301879945
0.001177987102225729
0.0011692456251375452
0.0011605745759343006
0.001151973478626307
0.0011434385822131046
0.0011349708882975756
0.0011265691209749002
0.001118231416608814
0.0011099602527292072
0.0011017540804499092
0.0010936106268779654
0.001085530992603904
0.0010775158198984953
0.0010695631242139305
0.0010616724384102103
0.0010538433593199113
0.0010460742813500298
0.0010383642114369831
0.0010307145139242543
0.0010231256818074642
0.0010155952993277009
0.0010081245463320352
0.0010007116884123827
0.0009933561521883448
0.0009860589678652935
0.0009788184894614664
0.0009716333143780674
0.0009645025067839277
0.0009574267571657285
0.0009504075937262495
0.000943444046327314
0.0009365338227001645
0.0009296768763523857
0.000922871896576125
0.0009161199630695297
0.0009094210571378901
