1.8613918363639885
1.863256421862505
1.8651210073610216
1.866985592859538
1.8688501783580547
1.8707147638565713
1.8725793493550877
1.8744439348536042
1.8763085203521208
1.8781731058506372
1.8800376913491537
1.8839656611780369
1.8880999694399565
1.8922342777018764
1.896368585963796
1.9005028942257156
1.9046372024876352
1.9087715107495549
1.9129058190114745
1.9170401272733941
1.921174435535314
1.9251858610822912
1.9291699793592814
1.9331540976362716
1.9371382159132617
1.941122334190252
1.945106452467242
1.949090570744232
1.9530746890212223
1.9570588072982122
1.9610429255752024
1.9637453547129995
1.965967150423599
1.9681889461341981
1.9704107418447978
1.9726325375553975
1.974854333265997
1.9770761289765966
1.979297924687196
1.9815197203977954
1.983741516108395
1.9843795375787752
1.9841125451976014
1.9838455528164278
1.983578560435254
1.9833115680540807
1.9830445756729067
1.9827775832917331
1.9825105909105596
1.9822435985293858
1.9819766061482122
1.9803232722368633
1.9775146537170354
1.9747060351972077
1.9718974166773795
1.9690887981575513
1.9662801796377236
1.9634715611178954
1.9606629425980677
1.9578543240782398
1.9550457055584118
1.951228058841313
1.9461995782874895
1.9411710977336654
1.9361426171798422
1.931114136626018
1.9260856560721946
1.921057175518371
1.916028694964547
1.9110002144107234
1.9059717338568998
1.9003059816039387
1.8935250038774871
1.8867440261510353
1.879963048424584
1.8731820706981326
1.8664010929716808
1.859620115245229
1.8528391375187776
1.8460581597923258
1.8392771820658742
1.832148736162515
1.8240937084540676
1.816038680745621
1.8079836530371742
1.7999286253287272
1.7918735976202802
1.7838185699118334
1.7757635422033866
1.7677085144949394
1.7596534867864926
1.7514448664061912
1.7425450790025452
1.733645291598899
1.7247455041952526
1.7158457167916064
1.70694592938796
1.6980461419843138
1.6891463545806675
1.6802465671770213
1.671346779773375
1.6624024915643787
1.6530131953018785
1.643623899039378
1.634234602776878
1.6248453065143778
1.6154560102518776
1.6060667139893774
1.5966774177268772
1.5872881214643768
1.5778988252018766
1.5685095289393765
1.5588795431699523
1.5492495574005278
1.5396195716311034
1.5299895858616792
1.5203596000922546
1.5107296143228304
1.5010996285534062
1.4914696427839818
1.4818396570145573
1.472209671245133
1.4625966283470815
1.452985279736168
1.443373931125254
1.43376258251434
1.4241512339034264
1.4145398852925124
1.4049285366815987
1.395317188070685
1.3857058394597708
1.376094490848857
1.3666468120955502
1.3572355044217113
1.3478241967478728
1.338412889074034
1.3290015814001952
1.3195902737263565
1.3101789660525178
1.3007676583786791
1.2913563507048404
1.2819450430310018
1.2727511568053027
1.2636388036226562
1.2545264504400098
1.2454140972573633
1.2363017440747168
1.2271893908920704
1.2180770377094237
1.2089646845267772
1.199852331344131
1.1907399781614842
1.1818668421849408
1.1731304017547417
1.1643939613245429
1.1556575208943443
1.146921080464145
1.1381846400339461
1.1294481996037473
1.1207117591735485
1.1119753187433494
1.1032388783131508
1.0947310034712336
1.086413599952885
1.0780961964345364
1.0697787929161877
1.0614613893978393
1.0531439858794907
1.044826582361142
1.0365091788427931
1.0281917753244447
1.019874371806096
1.0117710942571498
1.003924767871486
0.9960784414858219
0.9882321151001583
0.9803857887144942
0.9725394623288307
0.9646931359431669
0.9568468095575029
0.949000483171839
0.9411541567861753
0.9334817748473683
0.9261137956905601
0.9187458165337516
0.9113778373769436
0.9040098582201352
0.896641879063327
0.8892738999065188
0.8819059207497106
0.8745379415929023
0.8671699624360943
0.8599328035620125
0.8530444987752014
0.8461561939883901
0.839267889201579
0.8323795844147677
0.8254912796279564
0.8186029748411452
0.811714670054334
0.8048263652675227
0.7979380604807119
0.7911360613600185
0.7847224377368547
0.7783088141136908
0.771895190490527
0.7654815668673632
0.7590679432441996
0.7526543196210357
0.7462406959978719
0.7398270723747081
0.7334134487515444
0.727041717690009
0.7210889122447547
0.7151361067995003
0.709183301354246
0.7032304959089918
0.6972776904637374
0.6913248850184831
0.6853720795732288
0.6794192741279744
0.6734664686827201
0.6675136632374657
0.6620043721787279
0.6564950811199897
0.6509857900612515
0.6454764990025134
0.6399672079437753
0.634457916885037
0.6289486258262988
0.6234393347675606
0.6179300437088225
0.6124207526500843
0.6072954508196247
0.602208547911993
0.5971216450043612
0.5920347420967292
0.5869478391890974
0.5818609362814655
0.5767740333738336
0.5716871304662017
0.5666002275585699
0.5615133246509381
0.55675662770587
0.5520733098635942
0.5473899920213184
0.5427066741790425
0.5380233563367666
0.5333400384944906
0.5286567206522147
0.5239734028099388
0.5192900849676628
0.5146067671253869
0.5101948368673963
0.5058846769535128
0.5015745170396293
0.4972643571257459
0.4929541972118624
0.488644037297979
0.4843338773840954
0.4800237174702119
0.4757135575563284
0.4714033976424449
0.4673211508999875
0.4633691402554879
0.45941712961098835
0.4554651189664888
0.4515131083219893
0.44756109767748975
0.4436090870329901
0.4396570763884905
0.4357050657439909
0.43175305509949136
0.42797367777952866
0.42433816156334664
0.42070264534716467
0.41706712913098265
0.4134316129148009
0.4097960966986189
0.4061605804824369
0.4025250642662549
0.39888954805007293
0.3952540318338909
0.39175878889204907
0.38843187387941536
0.3851049588667816
0.3817780438541479
0.3784511288415141
0.3751242138288805
0.3717972988162468
0.3684703838036131
0.3651434687909793
0.3618165537783456
0.35858982463766653
0.3555384207729083
0.35248701690815004
0.34943561304339177
0.34638420917863344
0.3433328053138752
0.3402814014491171
0.33722999758435884
0.33417859371960057
0.3311271898548423
0.3281465259265629
0.32535450182889397
0.322562477731225
0.319770453633556
0.31697842953588706
0.3141864054382181
0.3113943813405491
0.3086023572428802
0.3058103331452112
0.30301830904754223
0.30026971665943136
0.2977165669643317
0.2951634172692322
0.29261026757413255
0.29005711787903293
0.28750396818393337
0.28495081848883375
0.2823976687937342
0.27984451909863467
0.27729136940353505
0.27475827270420583
0.2724257059625809
0.270093139220956
0.2677605724793311
0.2654280057377062
0.26309543899608123
0.2607628722544564
0.2584303055128314
0.25609773877120645
0.25376517202958165
0.25143260528795675
0.2493004477001815
0.2471682901124063
0.24503613252463102
0.2429039749368558
0.2407718173490806
0.23863965976130536
0.23650750217353014
0.2343753445857549
0.23224318699797966
0.23011102941020453
0.22814679664715226
0.2261993563665723
0.22425191608599232
0.2223044758054123
0.22035703552483232
0.21840959524425235
0.21646215496367238
0.2145147146830924
0.2125672744025124
0.21061983412193255
0.20881262958960614
0.20703658855689172
0.20526054752417722
0.20348450649146277
0.20170846545874832
0.19993242442603387
0.19815638339331942
0.19638034236060495
0.1946043013278905
0.19282826029517602
0.19116292268188578
0.18953909885087955
0.18791527501987332
0.18629145118886706
0.18466762735786083
0.18304380352685456
0.18141997969584833
0.1797961558648421
0.17817233203383584
0.1765485082028296
0.17501459925325372
0.17353207023592382
0.17204954121859384
0.17056701220126388
0.1690844831839339
0.16760195416660392
0.16611942514927394
0.164636896131944
0.163154367114614
0.16167183809728405
0.160260545559222
0.15890861675388326
0.15755668794854458
0.15620475914320583
0.15485283033786712
0.15350090153252835
0.1521489727271896
0.15079704392185087
0.14944511511651212
0.14809318631117338
0.146795327802496
0.14556235364981235
0.14432937949712865
0.14309640534444495
0.1418634311917613
0.14063045703907762
0.13939748288639395
0.13816450873371025
0.1369315345810267
0.13569856042834302
0.13450347089102033
0.13337467943057943
0.1322458879701385
0.1311170965096976
0.12998830504925668
0.12885951358881576
0.12773072212837486
0.12660193066793393
0.125473139207493
0.12434434774705211
0.12324232427713525
0.12221168211528255
0.12118103995342987
0.12015039779157716
0.11911975562972447
0.11808911346787176
0.11705847130601907
0.11602782914416639
0.11499718698231368
0.113966544820461
0.1129523164354438
0.11201195004618583
0.1110715836569279
0.11013121726766995
0.10919085087841199
0.10825048448915406
0.1073101180998961
0.10636975171063814
0.1054293853213802
0.10448901893212226
0.103556134703677
0.10269807208335871
0.1018400094630404
0.1009819468427221
0.10012388422240381
0.0992658216020855
0.09840775898176721
0.09754969636144892
0.0966916337411306
0.0958335711208123
0.09497550850049401
0.09419023877944191
0.09340496905838991
0.0926196993373378
0.09183442961628571
0.09104915989523361
0.09026389017418152
0.08947862045312943
0.08869335073207733
0.08790808101102524
0.08712281128997315
0.08639926409539386
0.08568188915346184
0.08496451421152984
0.08424713926959783
0.08352976432766582
0.0828123893857338
0.0820950144438018
0.0813776395018698
0.08066026455993777
0.07994288961800577
0.07927612227467319
0.07862060106436268
0.07796507985405224
0.07730955864374175
0.07665403743343124
0.07599851622312075
0.07534299501281025
0.07468747380249974
0.07403195259218924
0.07337643138187874
0.07276199235257842
0.07216295914115692
0.07156392592973541
0.07096489271831391
0.0703658595068924
0.0697668262954709
0.0691677930840494
0.0685687598726279
0.06796972666120639
0.06737069344978489
0.06680433387865634
0.06625664495912373
0.06570895603959113
0.06516126712005854
0.06461357820052599
0.0640658892809934
0.0635182003614608
0.0629705114419282
0.06242282252239561
0.061875133602863015
0.06135305611009548
0.06085232147296547
0.06035158683583549
0.05985085219870549
0.05935011756157551
0.05884938292444551
0.05834864828731552
0.057847913650185524
0.057347179013055534
0.056846444375925544
0.056365141664147536
0.0559071572627919
0.05544917286143627
0.05499118846008064
0.054533204058725
0.05407521965736936
0.053617235256013765
0.053159250854658134
0.0527012664533025
0.052243282051946865
0.051799440716997505
0.05138034974825913
0.05096125877952075
0.05054216781078237
0.050123076842043986
0.04970398587330561
0.04928489490456722
0.048865803935828844
0.048446712967090466
0.04802762199835209
0.04761824846865171
0.04723478810971933
0.046851327750786945
0.046467867391854566
0.04608440703292219
0.04570094667398981
0.04531748631505743
0.04493402595612505
0.044550565597192705
0.044167105238260326
0.043789540741707385
0.043438507625861905
0.04308747451001643
0.04273644139417096
0.04238540827832549
0.042034375162480014
0.04168334204663454
0.04133230893078907
0.040981275814943596
0.040630242699098124
0.04028189053147871
0.039960347846119834
0.03963880516076097
0.0393172624754021
0.03899571979004324
0.03867417710468436
0.038352634419325494
0.03803109173396663
0.03770954904860776
0.03738800636324892
0.03706646367789005
0.036772024712308074
0.0364775857467261
0.036183146781144114
0.03588870781556214
0.03559426884998017
0.035299829884398184
0.03500539091881621
0.03471095195323423
0.03441651298765225
0.03412207402207027
0.03385004457737773
0.03358025608477413
0.03331046759217053
0.03304067909956693
0.032770890606963324
0.03250110211435973
0.03223131362175612
0.031961525129152527
0.03169173663654892
0.03142194814394532
0.03117048944383914
0.030923104030954583
0.030675718618070023
0.030428333205185464
0.030180947792300905
0.029933562379416342
0.029686176966531783
0.029438791553647224
0.029191406140762665
0.028944020727878102
0.028711665643448306
0.028484946932189056
0.028258228220929802
0.028031509509670545
0.02780479079841129
0.027578072087152034
0.027351353375892777
0.027124634664633523
0.026897915953374273
0.026671197242115016
0.02645643118381169
0.02624849521291175
0.026040559242011832
0.025832623271111896
0.02562468730021196
0.02541675132931202
0.02520881535841208
0.025000879387512144
0.024792943416612208
0.02458500744571227
0.024386430237354977
0.024195651997783226
0.024004873758211472
0.023814095518639715
0.02362331727906796
0.023432539039496207
0.023241760799924453
0.023050982560352703
0.02286020432078095
0.02266942608120919
0.022485919496283726
0.0223111388969338
0.022136358297583876
0.021961577698233967
0.021786797098884036
0.021612016499534113
0.021437235900184187
0.02126245530083426
0.021087674701484337
0.02091289410213441
0.02074320590127159
0.020582429397761202
0.020421652894250818
0.020260876390740434
0.02010009988723005
0.019939323383719662
0.019778546880209278
0.019617770376698894
0.01945699387318851
0.019296217369678126
0.019139019642241743
0.01899136531766937
0.018843710993096993
0.018696056668524617
0.01854840234395224
0.01840074801937988
0.018253093694807505
0.018105439370235128
0.017957785045662755
0.01781013072109038
0.017664685088915968
0.017529178572532396
0.017393672056148824
0.017258165539765256
0.017122659023381684
0.016987152506998116
0.016851645990614544
0.016716139474230972
0.016580632957847403
0.01644512644146383
0.016310605872720676
0.016185944780381694
0.016061283688042712
0.015936622595703727
0.015811961503364745
0.01568730041102576
0.015562639318686776
0.015437978226347803
0.015313317134008821
0.015188656041669836
0.015063994949330854
0.014949397162213537
0.01483479937509622
0.014720201587978904
0.014605603800861587
0.01449100601374427
0.014376408226626952
0.014261810439509637
0.01414721265239232
0.014032614865275002
0.013918017078157685
0.013811799268451434
0.013706419456486287
0.013601039644521144
0.013495659832555996
0.013390280020590853
0.013284900208625706
0.013179520396660562
0.013074140584695417
0.012968760772730282
0.012863380960765136
0.012764927106450575
0.012668012353836145
0.012571097601221715
0.012474182848607285
0.012377268095992856
0.012280353343378427
0.012183438590763996
0.012086523838149565
0.011989609085535138
0.011892694332920707
0.011801397693431404
0.011712207846364023
0.011623017999296643
0.01153382815222926
0.011444638305161882
0.0113554484580945
0.01126625861102712
0.01117706876395974
0.01108787891689236
0.010998689069824987
0.010913836823093234
0.010831463205124698
0.01074908958715616
0.010666715969187624
0.010584342351219089
0.010501968733250551
0.010419595115282015
0.01033722149731348
0.010254847879344943
0.010172474261376407
0.010093825016862231
0.010018279416893353
0.009942733816924475
0.009867188216955597
0.009791642616986718
0.00971609701701784
0.009640551417048962
0.009565005817080084
0.009489460217111206
0.009413914617142327
0.009341078654610934
0.009271494257004525
0.00920190985939811
0.009132325461791692
0.009062741064185274
0.00899315666657886
0.008923572268972443
0.008853987871366027
0.008784403473759611
0.008714819076153194
0.008647224131558663
0.008583110729734935
0.008518997327911206
0.008454883926087477
0.00839077052426375
0.00832665712244002
0.00826254372061629
0.008198430318792561
0.008134316916968832
0.008070203515145103
0.008007461216369315
0.007948375192388037
0.007889289168406758
0.007830203144425483
0.007771117120444205
0.007712031096462926
0.007652945072481647
0.007593859048500368
0.00753477302451909
0.007475687000537811
0.007417439410869608
0.007362964775610249
0.007308490140350891
0.007254015505091532
0.007199540869832174
0.007145066234572815
0.007090591599313457
0.007036116964054099
0.00698164232879474
0.006927167693535382
0.006873078082454184
0.006822838713154589
0.006772599343854994
0.006722359974555399
0.006672120605255809
0.006621881235956214
0.006571641866656619
0.006521402497357024
0.0064711631280574295
0.006420923758757835
0.00637068438945824
0.006324338935839402
0.006277993482220564
0.006231648028601726
0.006185302574982888
0.006138957121364051
0.006092611667745213
0.006046266214126374
0.005999920760507536
0.005953575306888699
0.005907229853269861
0.005864135690295916
0.005821366656386461
0.0057785976224770065
0.005735828588567551
0.005693059554658096
0.005650290520748644
0.0056075214868391895
0.005564752452929735
0.00552198341902028
0.0054792143851108204
0.005439135298722344
0.005399653978449642
0.005360172658176941
0.005320691337904237
0.005281210017631536
0.005241728697358833
0.005202247377086138
0.005162766056813435
0.0051232847365407334
0.005083803416268031
0.005046523056249875
0.005010068056327177
0.004973613056404477
0.004937158056481777
0.004900703056559078
0.004864248056636378
0.004827793056713678
0.004791338056790979
0.004754883056868279
0.00471842805694558
0.004683742660764238
0.004650068466720814
0.00461639427267739
0.004582720078633966
0.004549045884590542
0.004515371690547118
0.004481697496503694
0.00444802330246027
0.004414349108416846
0.004380674914373423
0.004348185833695682
0.004316684347489345
0.004285182861283007
0.00425368137507667
0.004222179888870333
0.004190678402663996
0.0041591769164576586
0.0041276754302513215
0.0040961739440449835
0.004064672457838646
0.004034440379029676
0.004005731589097546
0.003977022799165416
0.0039483140092332865
0.003919605219301157
0.003890896429369027
0.003862187639436897
0.003833478849504767
0.003804770059572637
0.0037760612696405124
0.0037481391822653163
0.003721593824364755
0.0036950484664641935
0.003668503108563632
0.003641957750663071
0.0036154123927625093
0.0035888670348619483
0.003562321676961387
0.0035357763190608255
0.0035092309611602637
0.003483229015500143
0.0034586761691478636
0.0034341233227955844
0.0034095704764433047
0.0033850176300910255
0.003360464783738746
0.0033359119373864666
0.003311359091034187
0.0032868062446819073
0.003262253398329628
0.0032380347127267044
0.0032153197504958832
0.0031926047882650617
0.0031698898260342397
0.0031471748638034185
0.003124459901572597
0.0031017449393417754
0.003079029977110954
0.0030563150148801323
0.003033600052649311
0.003011038894198211
0.002990015773544331
0.0029689926528904506
0.0029479695322365707
0.00292694641158269
0.002905923290928809
0.002884900170274929
0.0028638770496210485
0.002842853928967168
0.002821830808313288
0.0028008076876594075
0.002781344844938274
0.0027618820022171408
0.0027424191594960104
0.0027229563167748775
0.002703493474053744
0.0026840306313326108
0.0026645677886114774
0.002645104945890344
0.0026256421031692107
0.002606179260448077
0.0025880260291325915
0.002570003758957671
0.0025519814887827496
0.0025339592186078294
0.0025159369484329085
0.0024979146782579875
0.002479892408083067
0.002461870137908146
0.0024438478677332254
0.0024258255975583044
0.0024088892702835603
0.0023921942636533
0.0023754992570230397
0.0023588042503927794
0.0023421092437625186
0.0023254142371322583
0.002308719230501998
0.0022920242238717377
0.0022753292172414774
0.0022586342106112167
0.002242830132103178
0.0022273601516409718
0.0022118901711787654
0.0021964201907165594
0.0021809502102543535
0.002165480229792147
0.002150010249329941
0.0021345402688677352
0.0021190702884055293
0.002103600307943323
0.0020888503438655512
0.0020745118177217413
0.0020601732915779317
0.0020458347654341217
0.002031496239290312
0.0020171577131465053
0.0020028191870026953
0.0019884806608588858
0.001974142134715076
0.0019598036085712663
0.0019460343664762922
0.001932739527755348
0.0019194446890344035
0.0019061498503134596
0.0018928550115925155
0.0018795601728715714
0.0018662653341506273
0.0018529704954296832
0.0018396756567087393
0.001826380817987795
0.0018135244376583353
0.0018011942073986565
0.0017888639771389781
0.0017765337468792991
0.0017642035166196206
0.001751873286359942
0.0017395430561002632
0.0017272128258405848
0.001714882595580906
0.0017025523653212272
0.001690546065352474
0.0016791066433928402
0.001667667221433206
0.0016562277994735723
0.0016447883775139382
0.0016333489555543043
0.0016219095335946701
0.0016104701116350364
0.0015990306896754025
0.0015875912677157686
0.0015763765299430478
0.0015657609500020957
0.0015551453700611436
0.0015445297901201913
0.0015339142101792394
0.001523298630238287
0.0015126830502973352
0.001502067470356383
0.0014914518904154308
0.0014808363104744805
0.0014703590857675683
0.0014605044596138347
0.001450649833460101
0.0014407952073063677
0.0014309405811526342
0.0014210859549989006
0.001411231328845167
0.0014013767026914334
0.0013915220765376999
0.0013816674503839663
0.0013718768268607014
0.0013627262296421248
0.0013535756324235479
0.001344425035204971
0.0013352744379863943
0.0013261238407678174
0.0013169732435492406
0.0013078226463306638
0.001298672049112087
0.00128952145189351
0.0012803708546749333
