3.178489730836629
3.1827215491987215
3.1869533675608146
3.1911851859229072
3.195417004285
3.1996488226470925
3.203880641009185
3.2081124593712778
3.2123442777333704
3.216576096095463
3.220807914457555
3.2258496192848716
3.2309723127587096
3.236095006232548
3.241217699706386
3.2463403931802244
3.2514630866540624
3.2565857801279003
3.2617084736017388
3.266831167075577
3.271953860549415
3.274025403321872
3.275418912605134
3.2768124218883954
3.2782059311716565
3.279599440454918
3.280992949738179
3.28238645902144
3.2837799683047018
3.285173477587963
3.2865669868712244
3.284231997942656
3.2804988221846525
3.276765646426648
3.273032470668644
3.269299294910639
3.265566119152635
3.261832943394631
3.258099767636627
3.2543665918786226
3.2506334161206185
3.243842194717822
3.2353035186608583
3.226764842603895
3.2182261665469314
3.2096874904899684
3.2011488144330045
3.192610138376041
3.1840714623190776
3.1755327862621137
3.16699411020515
3.1563894254645484
3.1440630668209137
3.13173670817728
3.119410349533646
3.107083990890011
3.0947576322463775
3.082431273602743
3.0701049149591086
3.057778556315475
3.0454521976718403
3.0319264398661394
3.016961403065959
3.0019963662657783
2.987031329465598
2.972066292665417
2.9571012558652363
2.9421362190650555
2.9271711822648747
2.912206145464694
2.8972411086645136
2.881689627126517
2.865111867297343
2.8485341074681694
2.8319563476389957
2.815378587809822
2.7988008279806476
2.782223068151474
2.7656453083223003
2.749067548493126
2.7324897886639525
2.7156961766767327
2.6983269589347243
2.680957741192716
2.6635885234507075
2.6462193057086996
2.6288500879666907
2.6114808702246823
2.594111652482674
2.5767424347406656
2.5593732169986576
2.541971862040443
2.524425889609301
2.506879917178159
2.4893339447470173
2.471787972315875
2.454241999884734
2.436696027453592
2.41915005502245
2.4016040825913074
2.384058110160166
2.3665359752274155
2.349252215278578
2.33196845532974
2.314684695380902
2.2974009354320644
2.280117175483227
2.2628334155343888
2.245549655585551
2.228265895636713
2.2109821356878756
2.1936983757390376
2.176924981202081
2.160151586665124
2.143378192128167
2.12660479759121
2.109831403054253
2.0930580085172963
2.076284613980339
2.059511219443382
2.0427378249064247
2.0259644303694677
2.009903387217048
1.9939135792030824
1.9779237711891167
1.9619339631751505
1.9459441551611847
1.9299543471472185
1.9139645391332532
1.897974731119287
1.8819849231053212
1.865995115091355
1.850743577503701
1.835656100010783
1.8205686225178654
1.8054811450249473
1.790393667532029
1.7753061900391112
1.7602187125461928
1.7451312350532753
1.730043757560357
1.7149562800674392
1.7005501761751696
1.686399587383143
1.6722489985911166
1.65809840979909
1.6439478210070635
1.629797232215037
1.6156466434230103
1.601496054630984
1.5873454658389576
1.573194877046931
1.5596546431276939
1.5464631834214781
1.533271723715263
1.520080264009048
1.5068888043028326
1.4936973445966173
1.480505884890402
1.4673144251841865
1.4541229654779713
1.4409315057717562
1.4282539917410955
1.4160047657733963
1.4037555398056973
1.3915063138379984
1.3792570878702997
1.367007861902601
1.354758635934902
1.3425094099672028
1.3302601839995039
1.318010958031805
1.306180938256033
1.2948539659105733
1.2835269935651132
1.2722000212196534
1.2608730488741933
1.2495460765287336
1.2382191041832737
1.2268921318378139
1.2155651594923538
1.2042381871468937
1.1932392296019447
1.1828142979578888
1.172389366313833
1.1619644346697773
1.1515395030257212
1.1411145713816655
1.1306896397376098
1.1202647080935537
1.1098397764494978
1.0994148448054426
1.0892223741849325
1.0796497996272123
1.0700772250694919
1.0605046505117715
1.050932075954051
1.0413595013963308
1.0317869268386104
1.02221435228089
1.0126417777231698
1.0030692031654498
0.9936427038339007
0.9848735430201226
0.9761043822063448
0.9673352213925668
0.9585660605787887
0.9497968997650107
0.9410277389512327
0.9322585781374548
0.9234894173236767
0.9147202565098987
0.9060188715304851
0.8979952448947104
0.8899716182589356
0.881947991623161
0.8739243649873862
0.8659007383516115
0.8578771117158368
0.8498534850800622
0.8418298584442874
0.8338062318085128
0.825782605172738
0.8184521970330059
0.8111217888932734
0.8037913807535407
0.7964609726138082
0.7891305644740757
0.7818001563343431
0.7744697481946106
0.767139340054878
0.7598089319151455
0.752478523775413
0.7457315383421699
0.739042895179576
0.7323542520169819
0.7256656088543876
0.7189769656917935
0.7122883225291994
0.7055996793666052
0.6989110362040111
0.6922223930414169
0.6855337498788227
0.6793293542581131
0.6732325692022669
0.6671357841464209
0.6610389990905746
0.6549422140347283
0.6488454289788821
0.6427486439230358
0.6366518588671894
0.6305550738113432
0.6244582887554968
0.6187573392967951
0.6132048281870224
0.6076523170772499
0.6020998059674774
0.5965472948577047
0.5909947837479321
0.5854422726381594
0.5798897615283869
0.5743372504186142
0.5687847393088415
0.563558429839625
0.5585185213078692
0.5534786127761132
0.5484387042443575
0.5433987957126017
0.5383588871808458
0.53331897864909
0.5282790701173341
0.5232391615855783
0.5181992530538224
0.5134031207425772
0.5088101352817576
0.5042171498209379
0.49962416436011836
0.495031178899299
0.4904381934384794
0.48584520797765973
0.4812522225168402
0.47665923705602053
0.472066251595201
0.4676649461436677
0.46349365670327825
0.45932236726288866
0.4551510778224991
0.4509797883821096
0.44680849894172026
0.4426372095013308
0.4384659200609412
0.4342946306205517
0.43012334118016216
0.42608650800250275
0.4222849732846212
0.4184834385667397
0.4146819038488583
0.4108803691309767
0.4070788344130952
0.40327729969521386
0.39947576497733234
0.39567423025945087
0.39187269554156934
0.38816586236135703
0.38471156661492917
0.38125727086850136
0.3778029751220734
0.3743486793756456
0.37089438362921767
0.36744008788278987
0.3639857921363622
0.3605314963899343
0.35707720064350645
0.3536803654400099
0.35054210267970426
0.34740383991939877
0.3442655771590932
0.3411273143987875
0.337989051638482
0.33485078887817643
0.33171252611787083
0.32857426335756534
0.32543600059725974
0.32232386183552086
0.31947296305944856
0.3166220642833763
0.313771165507304
0.31092026673123174
0.30806936795515943
0.3052184691790871
0.3023675704030149
0.29951667162694257
0.2966657728508704
0.2938148740747981
0.29122660036543263
0.2886383266560672
0.2860500529467017
0.28346177923733623
0.2808735055279708
0.2782852318186053
0.2756969581092399
0.2731086843998744
0.2705204106905089
0.26793213698114354
0.26555793726695387
0.26320514495228176
0.26085235263760964
0.2584995603229375
0.25614676800826536
0.25379397569359324
0.25144118337892113
0.24908839106424902
0.24673559874957685
0.24438280643490484
0.2422088325005141
0.24007459598396366
0.2379403594674132
0.23580612295086276
0.2336718864343123
0.23153764991776188
0.2294034134012114
0.22726917688466095
0.2251349403681105
0.22300070385156007
0.2210059410803107
0.2190634809635491
0.21712102084678755
0.21517856073002595
0.21323610061326437
0.2112936404965028
0.20935118037974124
0.20740872026297966
0.20546626014621805
0.20352380002945647
0.20169410509296487
0.19992884740234187
0.19816358971171877
0.1963983320210957
0.1946330743304726
0.19286781663984953
0.19110255894922643
0.18933730125860335
0.18757204356798027
0.1858067858773572
0.18412922001252732
0.1825247306691918
0.18092024132585638
0.17931575198252087
0.17771126263918535
0.17610677329584984
0.17450228395251435
0.17289779460917884
0.17129330526584333
0.1696888159225078
0.16815255956619646
0.16669818279431417
0.16524380602243186
0.1637894292505495
0.16233505247866725
0.1608806757067849
0.1594262989349026
0.15797192216302028
0.1565175453911381
0.1550631686192558
0.15365495439899202
0.15232752464406063
0.15100009488912924
0.1496726651341979
0.14834523537926653
0.14701780562433517
0.14569037586940378
0.14436294611447242
0.14303551635954107
0.1417080866046097
0.14041328509879547
0.13920549225729364
0.13799769941579182
0.13678990657429
0.13558211373278817
0.13437432089128637
0.13316652804978454
0.13195873520828272
0.13075094236678086
0.12954314952527907
0.1283552435638851
0.1272568285629759
0.12615841356206672
0.12505999856115757
0.12396158356024836
0.12286316855933918
0.12176475355843001
0.12066633855752082
0.11956792355661165
0.11846950855570247
0.1173802669572512
0.11638275938337897
0.11538525180950675
0.11438774423563453
0.1133902366617623
0.11239272908789008
0.11139522151401784
0.11039771394014562
0.10940020636627341
0.10840269879240118
0.10740519121852896
0.1064947185963928
0.10558424597425671
0.10467377335212054
0.10376330072998438
0.10285282810784821
0.10194235548571207
0.1010318828635759
0.10012141024143974
0.09921093761930357
0.09830046499716741
0.09746378243140746
0.09663447887128512
0.09580517531116281
0.09497587175104047
0.09414656819091813
0.09331726463079582
0.09248796107067349
0.09165865751055116
0.09082935395042882
0.0900000503903065
0.08923128215704915
0.08847596621865071
0.08772065028025232
0.08696533434185387
0.08621001840345541
0.08545470246505696
0.0846993865266585
0.08394407058826005
0.0831887546498616
0.08243343871146314
0.08172689099499926
0.08103863136176084
0.08035037172852243
0.07966211209528401
0.07897385246204561
0.07828559282880718
0.07759733319556877
0.07690907356233036
0.07622081392909194
0.07553255429585352
0.07488294430313473
0.07425541981928425
0.0736278953354338
0.07300037085158335
0.07237284636773295
0.07174532188388248
0.07111779740003202
0.07049027291618157
0.0698627484323311
0.06923522394848064
0.06863786952516121
0.06806565681895096
0.06749344411274073
0.06692123140653049
0.06634901870032026
0.06577680599411001
0.06520459328789976
0.06463238058168952
0.06406016787547927
0.06348795516926904
0.06293855181722803
0.062416519690190075
0.06189448756315213
0.06137245543611418
0.06085042330907623
0.06032839118203828
0.05980635905500038
0.05928432692796244
0.058762294800924486
0.05824026267388654
0.057734780615387185
0.057258261176830375
0.056781741738273564
0.05630522229971676
0.05582870286115994
0.05535218342260313
0.05487566398404633
0.05439914454548951
0.0539226251069327
0.0534461056683759
0.05298091390196641
0.05254592926128312
0.05211094462059983
0.05167595997991654
0.05124097533923325
0.050805990698549956
0.050371006057866666
0.04993602141718338
0.049501036776500126
0.049066052135816836
0.04863792092947161
0.04824063017764765
0.0478433394258237
0.047446048673999756
0.0470487579221758
0.046651467170351846
0.0462541764185279
0.04585688566670394
0.04545959491487999
0.045062304163056045
0.04466812116183489
0.04430501566664174
0.043941910171448585
0.04357880467625543
0.04321569918106228
0.04285259368586913
0.04248948819067598
0.04212638269548282
0.041763277200289675
0.04140017170509655
0.0410370662099034
0.04070526168962682
0.04037345716935024
0.04004165264907365
0.039709848128797076
0.03937804360852049
0.03904623908824391
0.038714434567967325
0.03838263004769074
0.038050825527414164
0.03771902100713759
0.03741303607176324
0.03710963309487911
0.036806230117994984
0.036502827141110854
0.03619942416422672
0.0358960211873426
0.03559261821045847
0.03528921523357434
0.034985812256690216
0.034682409279806085
0.03440007869073644
0.03412243085451442
0.033844783018292406
0.03356713518207039
0.03328948734584838
0.033011839509626356
0.03273419167340434
0.03245654383718233
0.03217889600096031
0.03190124816473829
0.03164081519235005
0.031386837793899475
0.031132860395448908
0.030878882996998328
0.030624905598547754
0.030370928200097184
0.030116950801646607
0.029862973403196033
0.02960899600474546
0.02935501860629489
0.029114706020382616
0.028882201898777944
0.028649697777173293
0.02841719365556862
0.028184689533963955
0.027952185412359283
0.02771968129075461
0.027487177169149942
0.02725467304754527
0.027022168925940598
0.02680033845897979
0.026587402704222208
0.026374466949464617
0.026161531194707034
0.025948595439949446
0.02573565968519186
0.025522723930434275
0.025309788175676685
0.025096852420919098
0.02488391666616151
0.024679231832819774
0.024484448105177057
0.02428966437753434
0.024094880649891643
0.023900096922248926
0.02370531319460621
0.02351052946696349
0.023315745739320774
0.023120962011678056
0.022926178284035342
0.022737171517741298
0.022558274433807427
0.02237937734987356
0.022200480265939695
0.022021583182005824
0.02184268609807196
0.02166378901413809
0.02148489193020422
0.021305994846270354
0.02112709776233649
0.020952270963417265
0.02078829825787044
0.020624325552323613
0.020460352846776785
0.02029638014122996
0.020132407435683147
0.01996843473013632
0.019804462024589495
0.019640489319042668
0.01947651661349584
0.0193150073460461
0.019164583550033244
0.01901415975402039
0.018863735958007537
0.01871331216199468
0.018562888365981828
0.018412464569968975
0.01826204077395612
0.018111616977943265
0.017961193181930412
0.017811915936015235
0.017674104191076838
0.01753629244613844
0.017398480701200043
0.01726066895626165
0.017122857211323252
0.016985045466384855
0.016847233721446468
0.01670942197650807
0.016571610231569677
0.01643379848663128
0.01630712090330815
0.016180443319985013
0.016053765736661882
0.01592708815333875
0.01580041057001562
0.015673732986692484
0.01554705540336935
0.01542037782004622
0.015293700236723086
0.015167022653399953
0.01504975669244689
0.014933431893730835
0.014817107095014779
0.014700782296298722
0.014584457497582665
0.014468132698866609
0.014351807900150556
0.014235483101434498
0.014119158302718454
0.014002833504002396
0.013894262624476066
0.013787414838103005
0.013680567051729944
0.013573719265356887
0.013466871478983827
0.013360023692610766
0.013253175906237707
0.013146328119864647
0.013039480333491588
0.012932632547118527
0.01283208377400832
0.012733897130871684
0.012635710487735048
0.01253752384459841
0.012439337201461776
0.012341150558325138
0.012242963915188502
0.012144777272051866
0.012046590628915232
0.011948403985778603
0.011855089146342434
0.011764558194735103
0.011674027243127773
0.011583496291520442
0.011492965339913114
0.011402434388305783
0.011311903436698453
0.011221372485091122
0.011130841533483793
0.011040310581876461
0.01095391604083264
0.010870968508591738
0.010788020976350836
0.010705073444109935
0.010622125911869035
0.01053917837962813
0.01045623084738723
0.010373283315146328
0.010290335782905427
0.010207388250664525
0.010127453748356625
0.010051134881968333
0.009974816015580035
0.009898497149191735
0.009822178282803434
0.009745859416415138
0.009669540550026837
0.009593221683638539
0.009516902817250239
0.00944058395086194
0.009366480392167833
0.009296253621938566
0.009226026851709297
0.00915580008148003
0.00908557331125076
0.009015346541021495
0.008945119770792227
0.008874893000562958
0.008804666230333689
0.008734439460104422
0.008665733788447007
0.008601084379647869
0.00853643497084873
0.008471785562049597
0.00840713615325046
0.00834248674445132
0.008277837335652181
0.008213187926853042
0.008148538518053902
0.008083889109254765
0.008020169075674795
0.00796063123058109
0.007901093385487385
0.00784155554039368
0.007782017695299976
0.007722479850206271
0.007662942005112566
0.00760340416001886
0.007543866314925155
0.007484328469831451
0.007425217109366302
0.007370370595186713
0.007315524081007125
0.007260677566827536
0.007205831052647954
0.0071509845384683645
0.007096138024288776
0.007041291510109188
0.0069864449959296
0.006931598481750012
0.0068767519675704235
0.006826212064090657
0.00677567216061089
0.006725132257131123
0.0066745923536513565
0.00662405245017159
0.006573512546691823
0.006522972643212057
0.0064724327397322895
0.006421892836252522
0.006371352932772756
0.00632439906070018
0.006277803791768322
0.0062312085228364645
0.006184613253904606
0.006138017984972748
0.006091422716040896
0.006044827447109038
0.00599823217817718
0.005951636909245322
0.00590504164031346
0.005861413625903
0.005818445001386183
0.005775476376869366
0.00573250775235255
0.005689539127835734
0.005646570503318917
0.005603601878802108
0.005560633254285291
0.005517664629768475
0.005474696005251658
0.005434153203956708
0.005394520086369959
0.00535488696878321
0.0053152538511964595
0.00527562073360971
0.00523598761602296
0.005196354498436211
0.005156721380849461
0.005117088263262712
0.0050774551456759616
0.005039765230586573
0.005003185716924246
0.00496660620326192
0.004930026689599593
0.004893447175937267
0.004856867662274941
0.004820288148612614
0.004783708634950287
0.004747129121287961
0.004710549607625634
0.004675290686636626
0.004641132259542051
0.004606973832447474
0.004572815405352898
0.004538656978258322
0.004504498551163746
0.00447034012406917
0.0044361816969745935
0.004402023269880017
0.004367864842785441
0.004335082400588158
0.004303951140267625
0.004272819879947093
0.004241688619626561
0.0042105573593060296
0.004179426098985497
0.004148294838664965
0.004117163578344433
0.004086032318023901
0.004054901057703375
0.004024631651695756
0.003995870490735739
0.0039671093297757205
0.003938348168815703
0.003909587007855686
0.0038808258468956674
0.00385206468593565
0.003823303524975632
0.0037945423640156142
0.003765781203055597
0.0037376143460411465
0.00371103229954821
0.0036844502530552744
0.0036578682065623374
0.0036312861600694014
0.0036047041135764653
0.003578122067083529
0.0035515400205905923
0.0035249579740976563
0.0034983759276047198
0.003472159569306993
0.003447588807887709
0.0034230180464684254
0.003398447285049141
0.003373876523629858
0.0033493057622105736
0.0033247350007912894
0.0033001642393720057
0.0032755934779527215
0.0032510227165334377
0.0032266203592563264
0.0032039020434009398
0.003181183727545554
0.0031584654116901673
0.0031357470958347806
0.003113028779979394
0.003090310464124007
0.003067592148268621
0.0030448738324132343
0.003022155516557848
0.0029994372007024614
0.0029784186499806687
0.002957400099258876
0.002936381548537087
0.0029153629978152943
0.0028943444470935016
0.002873325896371709
0.0028523073456499163
0.0028312887949281237
0.0028102702442063306
0.002789251693484538
0.0027696618664093298
0.00275021491169878
0.0027307679569882294
0.00271132100227768
0.0026918740475671303
0.0026724270928565803
0.0026529801381460303
0.0026335331834354803
0.0026140862287249308
0.0025946392740143803
0.0025763717465447054
0.0025583663140174464
0.0025403608814901875
0.002522355448962929
0.00250435001643567
0.002486344583908411
0.0024683391513811524
0.0024503337188538934
0.0024323282863266344
0.002414322853799376
0.002397291419346528
0.0023806252341715844
0.0023639590489966415
0.002347292863821698
0.0023306266786467544
0.002313960493471811
0.0022972943082968673
0.002280628123121924
0.0022639619379469806
0.0022472957527720373
0.0022314060647066645
0.0022159600892753322
0.002200514113844
0.002185068138412667
0.0021696221629813345
0.002154176187550005
0.0021387302121186726
0.00212328423668734
0.0021078382612560076
0.002092392285824675
0.002077569312414091
0.002063265507354131
0.00204896170229417
0.0020346578972342097
0.0020203540921742494
0.0020060502871142895
0.0019917464820543287
0.001977442676994369
0.001963138871934408
0.001948835066874448
0.001935006110038878
0.0019217469710725772
0.001908487832106276
0.001895228693139975
0.001881969554173674
0.0018687104152073728
0.0018554512762410718
0.0018421921372747709
0.0018289329983084699
0.0018156738593421689
0.001802766499750081
0.0017904747540628662
0.001778183008375651
0.0017658912626884364
0.0017535995170012213
0.0017413077713140067
0.0017290160256267916
0.001716724279939577
0.0017044325342523618
0.0016921407885651472
0.0016800917313371012
0.001668689843333506
0.001657287955329911
0.0016458860673263158
0.0016344841793227206
0.0016230822913191256
0.0016116804033155306
0.0016002785153119354
0.0015888766273083404
0.0015774747393047471
0.0015662229502447446
0.0015556466064309082
0.0015450702626170715
0.0015344939188032352
0.0015239175749893988
0.0015133412311755623
0.001502764887361726
0.0014921885435478896
0.001481612199734053
0.0014710358559202165
0.0014605286912078282
0.0014507133175099204
0.0014408979438120127
0.001431082570114105
0.0014212671964161973
0.0014114518227182895
0.0014016364490203816
0.001391821075322474
0.0013820057016245661
0.0013721903279266584
0.0013623749542287507
