0.2993260525527704
0.3485068401693653
0.39768762778596
0.44686841540255484
0.49604920301914956
0.5452299906357444
0.5944107782523391
0.643591565868934
0.6927723534855287
0.7419531411021235
0.7911339287187182
0.8399874297997147
0.8888082022271513
0.9376289746545878
0.9864497470820247
1.0352705195094614
1.0840912919368977
1.1329120643643342
1.1817328367917712
1.2305536092192075
1.279374381646644
1.3199455813865428
1.3586835427514328
1.397421504116323
1.436159465481213
1.4748974268461033
1.5136353882109934
1.5523733495758836
1.5911113109407735
1.6298492723056637
1.6685872336705538
1.6983981626893012
1.7248614545782455
1.7513247464671897
1.7777880383561335
1.8042513302450778
1.8307146221340218
1.8571779140229658
1.8836412059119099
1.9101044978008541
1.9365677896897981
1.9559585763532643
1.971307931459315
1.986657286565365
2.0020066416714153
2.017355996777466
2.032705351883516
2.048054706989567
2.063404062095617
2.0787534172016673
2.094102772307718
2.1046154498286938
2.1110975626954405
2.117579675562188
2.124061788428935
2.130543901295682
2.137026014162429
2.1435081270291763
2.1499902398959234
2.15647235276267
2.1629544656294173
2.166439210410391
2.166327113488437
2.166215016566483
2.166102919644529
2.1659908227225753
2.165878725800621
2.165766628878667
2.165654531956713
2.165542435034759
2.165430338112805
2.163626903858165
2.158863629271325
2.1541003546844855
2.1493370800976455
2.1445738055108055
2.139810530923966
2.135047256337126
2.130283981750286
2.125520707163446
2.120757432576606
2.1151427251819572
2.1072575302998175
2.099372335417678
2.0914871405355386
2.083601945653399
2.0757167507712593
2.0678315558891196
2.05994636100698
2.0520611661248402
2.0441759712427006
2.0359317932836527
2.026072191478517
2.0162125896733816
2.006352987868246
1.9964933860631102
1.9866337842579749
1.976774182452839
1.9669145806477035
1.957054978842568
1.9471953770374324
1.9372324961061973
1.9262368239139642
1.915241151721731
1.9042454795294979
1.893249807337265
1.882254135145032
1.8712584629527989
1.8602627907605656
1.8492671185683327
1.8382714463760996
1.8272757741838666
1.8157082532495412
1.8041407323152152
1.7925732113808892
1.7810056904465634
1.7694381695122376
1.7578706485779119
1.746303127643586
1.7347356067092603
1.7231680857749343
1.7116005648406085
1.699935507040798
1.6882606955544397
1.6765858840680812
1.6649110725817222
1.6532362610953633
1.6415614496090047
1.6298866381226462
1.6182118266362875
1.6065370151499287
1.5948622036635698
1.5833509720746965
1.5718760915741532
1.5604012110736105
1.5489263305730674
1.5374514500725236
1.5259765695719807
1.5145016890714373
1.5030268085708944
1.491551928070351
1.480077047569808
1.4688755477871875
1.4577765657737882
1.4466775837603891
1.43557860174699
1.4244796197335905
1.4133806377201914
1.402281655706792
1.3911826736933928
1.3800836916799937
1.3689847096665944
1.3582027486760515
1.3476019425557124
1.3370011364353735
1.3264003303150347
1.3157995241946956
1.3051987180743567
1.2945979119540176
1.2839971058336785
1.2733962997133395
1.2627954935930008
1.2525014484499923
1.2424630374547596
1.2324246264595269
1.2223862154642942
1.2123478044690614
1.2023093934738287
1.192270982478596
1.1822325714833632
1.1721941604881305
1.1621557494928978
1.1524010964417717
1.1429869529235732
1.1335728094053747
1.1241586658871763
1.1147445223689778
1.1053303788507796
1.095916235332581
1.0865020918143824
1.077087948296184
1.0676738047779855
1.0584884842110842
1.0497036038089522
1.0409187234068202
1.0321338430046882
1.0233489626025563
1.0145640822004243
1.0057792017982927
0.9969943213961607
0.9882094409940285
0.9794245605918969
0.9708101579609136
0.9626503627196604
0.9544905674784072
0.9463307722371541
0.9381709769959007
0.9300111817546475
0.9218513865133944
0.9136915912721411
0.9055317960308878
0.897372000789635
0.8893222463399303
0.8817676754521934
0.8742131045644566
0.8666585336767199
0.8591039627889829
0.851549391901246
0.8439948210135093
0.8364402501257724
0.8288856792380357
0.8213311083502988
0.8138303264269469
0.8068674341474396
0.799904541867932
0.7929416495884247
0.7859787573089174
0.77901586502941
0.7720529727499026
0.7650900804703953
0.7581271881908879
0.7511642959113806
0.7442014036318731
0.7377938433920693
0.7313862831522653
0.7249787229124611
0.7185711626726571
0.712163602432853
0.705756042193049
0.6993484819532448
0.6929409217134408
0.6865333614736366
0.6801258012338327
0.6741982388342278
0.6683186762186432
0.6624391136030583
0.6565595509874733
0.6506799883718883
0.6448004257563036
0.6389208631407186
0.6330413005251337
0.6271617379095489
0.6212821752939639
0.6158085624964778
0.61042516076968
0.6050417590428827
0.599658357316085
0.5942749555892873
0.5888915538624897
0.583508152135692
0.5781247504088944
0.5727413486820967
0.5673579469552991
0.5623060672160185
0.5573785082220568
0.552450949228095
0.5475233902341334
0.5425958312401717
0.53766827224621
0.5327407132522484
0.5278131542582867
0.5228855952643249
0.5179580362703632
0.5133050527163678
0.5088089694137818
0.5043128861111957
0.49981680280860974
0.49532071950602385
0.49082463620343786
0.48632855290085186
0.48183246959826576
0.47733638629567976
0.4728403029930937
0.46855233027500853
0.4644377830440074
0.4603232358130064
0.45620868858200525
0.4520941413510044
0.44797959412000327
0.4438650468890022
0.43975049965800106
0.43563595242700004
0.4315214051959989
0.4275729483613364
0.42382380000228037
0.4200746516432243
0.41632550328416823
0.41257635492511213
0.40882720656605626
0.40507805820700016
0.40132890984794406
0.397579761488888
0.3938306131298319
0.39020036655451484
0.3867781981007407
0.38335602964696674
0.3799338611931927
0.37651169273941865
0.3730895242856447
0.36966735583187077
0.36624518737809675
0.3628230189243227
0.3594008504705487
0.3560615971148777
0.3529434506874817
0.3498253042600857
0.34670715783268957
0.3435890114052936
0.34047086497789747
0.3373527185505015
0.33423457212310553
0.33111642569570954
0.3279982792683135
0.324930707990819
0.3220907248878816
0.31925074178494434
0.316410758682007
0.31357077557906965
0.31073079247613233
0.307890809373195
0.30505082627025765
0.30221084316732044
0.2993708600643831
0.296554070023984
0.2939692106089669
0.2913843511939499
0.2887994917789328
0.28621463236391576
0.2836297729488987
0.2810449135338816
0.27846005411886454
0.27587519470384747
0.27329033528883057
0.2707054758738135
0.2683513671940591
0.2659972585143047
0.2636431498345503
0.2612890411547959
0.2589349324750415
0.25658082379528707
0.2542267151155327
0.2518726064357783
0.2495184977560239
0.24716438907626959
0.24500242927054217
0.24285968435221744
0.24071693943389275
0.23857419451556802
0.23643144959724333
0.2342887046789186
0.23214595976059388
0.23000321484226915
0.22786046992394443
0.22571772500561982
0.22373435130581565
0.2217863934323494
0.21983843555888316
0.21789047768541692
0.21594251981195067
0.21399456193848443
0.21204660406501816
0.2100986461915519
0.20815068831808567
0.20620273044461943
0.20438042854031624
0.20260524762444915
0.200830066708582
0.19905488579271485
0.1972797048768477
0.1955045239609806
0.19372934304511347
0.19195416212924632
0.1901789812133792
0.18840380029751205
0.1867299795320868
0.18511407885262846
0.18349817817317
0.18188227749371155
0.18026637681425312
0.17865047613479465
0.1770345754553362
0.17541867477587778
0.1738027740964193
0.17218687341696087
0.17065083829386635
0.16918135780107502
0.16771187730828377
0.16624239681549247
0.16477291632270116
0.16330343582990983
0.16183395533711853
0.1603644748443272
0.1588949943515359
0.1574255138587446
0.15601641895422355
0.15467978675562685
0.15334315455703013
0.15200652235843343
0.15066989015983673
0.14933325796124003
0.14799662576264333
0.1466599935640466
0.14532336136545002
0.14398672916685332
0.14269242168770202
0.14147218246758012
0.1402519432474582
0.13903170402733633
0.1378114648072144
0.13659122558709252
0.13537098636697062
0.13415074714684871
0.13293050792672684
0.13171026870660493
0.13051971616632824
0.12940832810563863
0.12829694004494901
0.1271855519842594
0.1260741639235698
0.12496277586288018
0.12385138780219057
0.12273999974150097
0.12162861168081136
0.12051722362012175
0.11942396205537173
0.11841226972234921
0.1174005773893267
0.1163888850563042
0.1153771927232817
0.1143655003902592
0.11335380805723669
0.11234211572421418
0.11133042339119167
0.11031873105816917
0.1093152739772001
0.1083941694167655
0.10747306485633089
0.10655196029589628
0.10563085573546167
0.10470975117502705
0.10378864661459244
0.10286754205415782
0.10194643749372323
0.10102533293328861
0.100104228372854
0.09926320125029976
0.0984221741277456
0.09758114700519135
0.09674011988263714
0.09589909276008289
0.09505806563752865
0.09421703851497441
0.09337601139242017
0.09253498426986594
0.0916939571473117
0.09092047694299245
0.09015375143049667
0.08938702591800093
0.08862030040550517
0.0878535748930094
0.08708684938051366
0.0863201238680179
0.08555339835552214
0.08478667284302639
0.08401994733053063
0.08330845281601078
0.08260923185659669
0.08191001089718267
0.08121078993776859
0.08051156897835449
0.07981234801894041
0.0791131270595263
0.07841390610011223
0.07771468514069813
0.07701546418128405
0.07636093980377574
0.07572317664448211
0.07508541348518848
0.07444765032589484
0.07380988716660121
0.07317212400730758
0.07253436084801394
0.07189659768872031
0.07125883452942668
0.07062107137013304
0.07001876849839206
0.06943672864810972
0.0688546887978274
0.06827264894754508
0.0676906090972628
0.06710856924698047
0.06652652939669813
0.06594448954641581
0.06536244969613347
0.06478040984585115
0.06422609321044088
0.06369487925409066
0.06316366529774044
0.06263245134139021
0.06210123738504
0.06157002342868978
0.061038809472339556
0.060507595515989346
0.05997638155963912
0.059445167603288905
0.058934935190684795
0.05844988063057601
0.05796482607046723
0.05747977151035845
0.056994716950249664
0.05650966239014088
0.056024607830032144
0.05553955326992337
0.05505449870981458
0.0545694441497058
0.054099629344639834
0.05365648411089881
0.053213338877157776
0.05277019364341676
0.05232704840967573
0.051883903175934706
0.051440757942193674
0.050997612708452655
0.05055446747471163
0.050111322240970604
0.049678621032857674
0.04927377055975303
0.04886892008664838
0.04846406961354372
0.04805921914043908
0.04765436866733442
0.047249518194229775
0.04684466772112512
0.0464398172480205
0.04603496677491585
0.045636438916749476
0.04526636282580533
0.0448962867348612
0.04452621064391706
0.04415613455297293
0.04378605846202879
0.043415982371084655
0.043045906280140524
0.042675830189196386
0.04230575409825225
0.041938548789737906
0.04160005130552148
0.04126155382130506
0.040923056337088634
0.04058455885287221
0.040246061368655786
0.03990756388443937
0.039569066400222945
0.03923056891600652
0.03889207143179013
0.03855357394757371
0.038244025126912023
0.037934476306250346
0.03762492748558867
0.037315378664926985
0.0370058298442653
0.036696281023603616
0.03638673220294194
0.03607718338228026
0.03576763456161858
0.03545808574095689
0.035172431916943026
0.034889167592593924
0.034605903268244836
0.03432263894389574
0.03403937461954665
0.03375611029519756
0.033472845970848465
0.03318958164649937
0.032906317322150276
0.03262305299780118
0.0323593148425462
0.03209991583597877
0.031840516829411344
0.03158111782284392
0.03132171881627648
0.031062319809709055
0.030802920803141624
0.030543521796574193
0.030284122790006765
0.030024723783439334
0.029781280152850555
0.02954381978825377
0.02930635942365698
0.029068899059060196
0.02883143869446341
0.028593978329866626
0.02835651796526984
0.028119057600673056
0.027881597236076267
0.027644136871479486
0.027419355716535754
0.02720181982425092
0.0269842839319661
0.026766748039681265
0.026549212147396424
0.02633167625511159
0.02611414036282675
0.025896604470541915
0.025679068578257077
0.025461532685972236
0.025253904697028106
0.025054533294201223
0.02485516189137434
0.024655790488547456
0.024456419085720577
0.024257047682893693
0.02405767628006681
0.02385830487723993
0.023658933474413047
0.023459562071586164
0.023267874034844125
0.02308540603740389
0.022902938039963655
0.02272047004252344
0.022538002045083206
0.022355534047642973
0.02217306605020274
0.021990598052762506
0.021808130055322273
0.02162566205788204
0.021448580062759664
0.02128092357169353
0.0211132670806274
0.020945610589561268
0.020777954098495137
0.020610297607429003
0.020442641116362875
0.02027498462529674
0.020107328134230606
0.01993967164316448
0.019775788098383748
0.019621965743697435
0.019468143389011122
0.019314321034324806
0.01916049867963849
0.01900667632495219
0.018852853970265874
0.01869903161557956
0.018545209260893245
0.01839138690620693
0.018239889648415254
0.01809885532664945
0.017957821004883648
0.017816786683117848
0.017675752361352045
0.017534718039586242
0.017393683717820442
0.017252649396054642
0.01711161507428884
0.01697058075252304
0.016830583429190055
0.01670095609018528
0.0165713287511805
0.01644170141217572
0.01631207407317094
0.01618244673416616
0.016052819395161386
0.015923192056156617
0.015793564717151837
0.015663937378147058
0.015534310039142279
0.015415253896243151
0.01529619775334402
0.01517714161044489
0.015058085467545763
0.014939029324646635
0.014819973181747504
0.014700917038848377
0.014581860895949247
0.014462804753050118
0.01434374861015099
0.01423348310562162
0.014124096664929225
0.014014710224236834
0.013905323783544438
0.013795937342852043
0.01368655090215965
0.013577164461467256
0.013467778020774862
0.013358391580082478
0.013249005139390082
0.013146872022043798
0.013046350754329986
0.01294582948661617
0.012845308218902358
0.012744786951188542
0.012644265683474726
0.012543744415760913
0.012443223148047099
0.012342701880333283
0.012242180612619469
0.01214753690128525
0.01205509727359338
0.011962657645901507
0.011870218018209635
0.011777778390517765
0.011685338762825893
0.011592899135134022
0.01150045950744215
0.01140801987975028
0.011315580252058418
0.011227686725343038
0.011142390970614228
0.011057095215885417
0.010971799461156605
0.010886503706427793
0.010801207951698984
0.010715912196970172
0.01063061644224136
0.01054532068751255
0.01046002493278374
0.010378613124377432
0.010300437937906543
0.010222262751435654
0.010144087564964765
0.010065912378493878
0.009987737192022988
0.0099095620055521
0.009831386819081212
0.009753211632610323
0.009675036446139434
0.00959968850021185
0.009527733242936235
0.009455777985660614
0.009383822728384991
0.009311867471109368
0.009239912213833749
0.009167956956558126
0.009096001699282506
0.009024046442006883
0.008952091184731262
0.008882208463039864
0.008815952678620858
0.008749696894201851
0.008683441109782846
0.00861718532536384
0.008550929540944835
0.008484673756525828
0.008418417972106821
0.008352162187687816
0.00828590640326881
0.008221079459776572
0.008160062758755714
0.008099046057734855
0.008038029356714
0.007977012655693144
0.007915995954672286
0.007854979253651428
0.007793962552630569
0.00773294585160971
0.007671929150588851
0.007611784607346871
0.007555564774109843
0.007499344940872815
0.007443125107635787
0.00738690527439876
0.007330685441161732
0.0072744656079247036
0.007218245774687675
0.007162025941450647
0.00710580610821362
0.007049986296701195
0.006998166702434804
0.006946347108168414
0.006894527513902023
0.006842707919635637
0.006790888325369246
0.006739068731102854
0.006687249136836463
0.006635429542570072
0.006583609948303681
0.00653179035403729
0.00648401380128725
0.006436237248537212
0.006388460695787171
0.006340684143037132
0.006292907590287094
0.006245131037537053
0.006197354484787015
0.006149577932036974
0.006101801379286935
0.006054024826536896
0.0060096270998524
0.005965567255774459
0.0059215074116965175
0.0058774475676185755
0.005833387723540634
0.005789327879462697
0.0057452680353847554
0.005701208191306814
0.005657148347228872
0.005613088503150927
0.005571818037499014
0.005531167433719553
0.0054905168299400915
0.005449866226160631
0.005409215622381169
0.0053685650186017075
0.005327914414822254
0.005287263811042793
0.005246613207263332
0.00520596260348387
0.0051675878674896135
0.005130066581914807
0.0050925452963400016
0.005055024010765195
0.00501750272519039
0.004979981439615583
0.004942460154040778
0.004904938868465971
0.004867417582891166
0.004829896297316359
0.004794212826215158
0.004759579534813159
0.004724946243411158
0.004690312952009159
0.00465567966060716
0.00462104636920516
0.004586413077803161
0.004551779786401161
0.004517146494999161
0.004482513203597161
0.004449109459336259
0.004416730337692935
0.004384351216049611
0.004351972094406288
0.004319592972762965
0.0042872138511196424
0.0042548347294763195
0.004222455607832996
0.004190076486189673
0.004157697364546349
0.0041266264895001735
0.004097125510370572
0.004067624531240973
0.004038123552111372
0.004008622572981771
0.003979121593852171
0.003949620614722571
0.00392011963559297
0.003890618656463369
0.0038611176773337744
0.003832430483598148
0.003805167414301978
0.0037779043450058085
0.003750641275709638
0.0037233782064134686
0.0036961151371172982
0.0036688520678211283
0.0036415889985249583
0.0036143259292287884
0.0035870628599326184
0.003560361009279074
0.0035351557416725327
0.0035099504740659913
0.0034847452064594494
0.003459539938852908
0.0034343346712463665
0.003409129403639825
0.003383924136033283
0.0033587188684267412
0.0033335136008201998
0.0033086530972782535
0.003285344032026987
0.00326203496677572
0.0032387259015244528
0.0032154168362731866
0.0031921077710219195
0.0031687987057706524
0.0031454896405193862
0.003122180575268119
0.0030988715100168525
0.003075721112782277
0.0030541573957146143
0.0030325936786469517
0.003011029961579289
0.002989466244511626
0.002967902527443963
0.0029463388103763005
0.002924775093308638
0.0029032113762409747
0.0028816476591733125
0.0028600839421056494
0.002840129845603106
0.0028201757491005622
0.002800221652598022
0.002780267556095479
0.0027603134595929352
0.0027403593630903915
0.0027204052665878477
0.0027004511700853043
0.0026804970735827605
0.002660542977080217
0.002641937836630551
0.0026234675917861726
0.002604997346941794
0.0025865271020974155
0.002568056857253037
0.002549586612408659
0.00253111636756428
0.002512646122719902
0.0024941758778755235
0.002475705633031145
0.002458347452614219
0.0024412363976256154
0.0024241253426370117
0.002407014287648409
0.002389903232659805
0.002372792177671202
0.0023556811226825985
0.002338570067693995
0.0023214590127053915
0.002304347957716788
0.0022881601850196867
0.0022723186431818985
0.0022564771013441104
0.0022406355595063223
0.0022247940176685346
0.0022089524758307465
0.0021931109339929583
0.0021772693921551702
0.002161427850317382
0.002145586308479594
0.002130485207998972
0.002115807216865302
0.002101129225731632
0.0020864512345979613
0.0020717732434642915
0.002057095252330624
0.0020424172611969538
0.0020277392700632836
0.0020130612789296134
0.001998383287795943
0.0019842907920234265
0.001970686209051871
0.001957081626080315
0.0019434770431087595
0.001929872460137204
0.0019162678771656484
0.0019026632941940929
0.0018890587112225373
0.0018754541282509816
0.001861849545279426
0.0018486955793904718
0.0018360823540006393
0.001823469128610807
0.0018108559032209747
0.0017982426778311422
0.0017856294524413096
0.001773016227051477
0.001760403001661645
0.0017477897762718125
0.00173517655088198
0.0017228962120591294
0.001711198424728497
0.001699500637397865
0.0016878028500672331
0.0016761050627366009
0.0016644072754059686
0.0016527094880753365
0.0016410117007447044
0.0016293139134140723
0.00161761612608344
0.0016061471692885615
0.0015952884272556925
0.0015844296852228232
0.0015735709431899537
0.0015627122011570847
0.0015518534591242154
0.0015409947170913461
0.0015301359750584768
0.0015192772330256078
0.0015084184909927405
0.001497702441426865
0.0014876285079624618
0.0014775545744980581
0.0014674806410336547
0.0014574067075692515
0.0014473327741048479
0.0014372588406404447
0.0014271849071760413
0.0014171109737116379
0.0014070370402472347
0.0013970288016178494
0.0013876775113386497
0.0013783262210594496
0.0013689749307802498
0.00135962364050105
0.0013502723502218498
0.00134092105994265
0.0013315697696634498
0.00132221847938425
0.0013128671891050499
0.00130351589882585
