0.4518992392358049
0.5253785419469488
0.5988578446580923
0.6723371473692362
0.7458164500803799
0.8192957527915238
0.8927750555026673
0.9662543582138112
1.0397336609249548
1.1132129636360986
1.1866922663472423
1.2595163876962845
1.3322749909091165
1.4050335941219483
1.4777921973347805
1.5505508005476125
1.623309403760444
1.696068006973276
1.7688266101861083
1.8415852133989403
1.914343816611772
1.9752405400672053
2.0335012902432164
2.091762040419227
2.150022790595238
2.2082835407712493
2.26654429094726
2.3248050411232715
2.383065791299282
2.441326541475293
2.4995872916513044
2.544858596413748
2.5852588591461045
2.625659121878461
2.6660593846108176
2.706459647343174
2.7468599100755307
2.787260172807887
2.8276604355402437
2.8680606982726005
2.9084609610049563
2.93846311655898
2.962523496582528
2.9865838766060753
3.010644256629623
3.0347046366531707
3.058765016676719
3.082825396700266
3.106885776723814
3.1309461567473615
3.1550065367709093
3.1718632344862066
3.182716863611295
3.1935704927363835
3.204424121861472
3.2152777509865604
3.2261313801116493
3.2369850092367374
3.2478386383618263
3.258692267486915
3.2695458966120032
3.2758779683528347
3.276784171232557
3.2776903741122796
3.2785965769920025
3.2795027798717244
3.280408982751447
3.2813151856311693
3.2822213885108917
3.283127591390614
3.2840337942703366
3.2823516249115663
3.276139804135433
3.2699279833593002
3.263716162583167
3.257504341807034
3.251292521030901
3.2450807002547677
3.238868879478635
3.2326570587025016
3.226445237926369
3.218905663386431
3.207825412143014
3.196745160899598
3.1856649096561815
3.174584658412765
3.1635044071693486
3.1524241559259325
3.1413439046825156
3.130263653439099
3.119183402195683
3.107530574208225
3.093301150872581
3.079071727536937
3.064842304201293
3.050612880865649
3.036383457530005
3.0221540341943607
3.0079246108587165
2.993695187523073
2.9794657641874283
2.9650656327687033
2.9489584205191597
2.9328512082696157
2.916743996020072
2.900636783770528
2.884529571520985
2.868422359271441
2.8523151470218973
2.8362079347723537
2.8201007225228096
2.803993510273266
2.7869287765646815
2.769864042856097
2.7527993091475116
2.7357345754389266
2.7186698417303417
2.701605108021757
2.684540374313172
2.6674756406045876
2.6504109068960022
2.6333461731874173
2.615999109760729
2.598623813362231
2.5812485169637323
2.5638732205652333
2.5464979241667347
2.5291226277682357
2.5117473313697376
2.4943720349712386
2.47699673857274
2.459621442174241
2.4423790243707373
2.4251661351438996
2.407953245917062
2.390740356690224
2.3735274674633855
2.3563145782365478
2.33910168900971
2.3218887997828723
2.3046759105560346
2.2874630213291964
2.270597671108192
2.2538626480143753
2.2371276249205585
2.2203926018267417
2.203657578732925
2.186922555639108
2.170187532545291
2.1534525094514745
2.1367174863576577
2.119982463263841
2.1036801199195923
2.087625022146525
2.071569924373458
2.0555148266003918
2.0394597288273246
2.0234046310542575
2.007349533281191
1.991294435508124
1.975239337735057
1.9591842399619903
1.9435700310078574
1.928323229402836
1.9130764277978147
1.8978296261927936
1.8825828245877725
1.8673360229827514
1.85208922137773
1.8368424197727087
1.8215956181676876
1.8063488165626662
1.791505075211848
1.777145006166073
1.7627849371202977
1.7484248680745225
1.7340647990287472
1.7197047299829722
1.705344660937197
1.6909845918914217
1.6766245228456467
1.6622644537998712
1.6482380316158718
1.6347954914399785
1.621352951264085
1.6079104110881919
1.5944678709122986
1.5810253307364053
1.5675827905605124
1.5541402503846191
1.5406977102087258
1.527255170032833
1.5140641588378856
1.501543891592128
1.4890236243463701
1.4765033571006125
1.4639830898548545
1.4514628226090969
1.438942555363339
1.4264222881175814
1.4139020208718236
1.4013817536260662
1.3890262925431227
1.3774124591928425
1.3657986258425625
1.3541847924922823
1.342570959142002
1.330957125791722
1.319343292441442
1.307729459091162
1.2961156257408817
1.2845017923906017
1.272967666377236
1.2622306137330093
1.2514935610887825
1.2407565084445558
1.230019455800329
1.2192824031561025
1.2085453505118755
1.197808297867649
1.1870712452234222
1.1763341925791955
1.1655971399349687
1.1556982198651369
1.1457992997953046
1.135900379725472
1.1260014596556398
1.1161025395858073
1.106203619515975
1.0963046994461427
1.0864057793763104
1.0765068593064782
1.0666079392366457
1.0574302827707558
1.0483247526652604
1.0392192225597647
1.0301136924542689
1.0210081623487732
1.0119026322432774
1.0027971021377817
0.9936915720322859
0.9845860419267901
0.9754805118212945
0.9669884528717096
0.9586327208456605
0.9502769888196121
0.9419212567935629
0.9335655247675139
0.9252097927414649
0.9168540607154159
0.9084983286893669
0.9001425966633179
0.8917868646372688
0.8839358888957014
0.8762741967608146
0.868612504625928
0.8609508124910414
0.8532891203561548
0.8456274282212679
0.8379657360863813
0.8303040439514944
0.8226423518166077
0.8149806596817208
0.8077300546813454
0.8007143566149761
0.793698658548607
0.7866829604822378
0.7796672624158689
0.7726515643494998
0.7656358662831306
0.7586201682167614
0.7516044701503923
0.7445887720840232
0.7379003491113031
0.7314846553832908
0.7250689616552786
0.7186532679272664
0.7122375741992544
0.7058218804712421
0.6994061867432297
0.6929904930152175
0.6865747992872053
0.680159105559193
0.6739968853857353
0.6681388334777433
0.6622807815697511
0.6564227296617591
0.650564677753767
0.6447066258457752
0.638848573937783
0.6329905220297909
0.6271324701217988
0.6212744182138068
0.615600074518706
0.6102472201961653
0.6048943658736246
0.5995415115510838
0.5941886572285431
0.5888358029060023
0.5834829485834618
0.5781300942609211
0.5727772399383804
0.5674243856158396
0.5622002200770468
0.5573192246282488
0.5524382291794507
0.5475572337306526
0.5426762382818544
0.5377952428330564
0.5329142473842583
0.5280332519354605
0.5231522564866623
0.5182712610378643
0.5134677993783786
0.5090132397707996
0.5045586801632207
0.5001041205556418
0.4956495609480627
0.4911950013404838
0.48674044173290476
0.48228588212532575
0.47783132251774696
0.47337676291016795
0.4689580953158612
0.46489834785427614
0.4608386003926911
0.45677885293110604
0.45271910546952104
0.448659358007936
0.444599610546351
0.44053986308476595
0.4364801156231809
0.43242036816159607
0.428360620700011
0.42465979352627786
0.42095896635254476
0.41725813917881155
0.4135573120050784
0.40985648483134524
0.4061556576576121
0.40245483048387887
0.39875400331014577
0.39505317613641255
0.3913523489626795
0.38795033625816716
0.3845782050005769
0.38120607374298665
0.3778339424853963
0.374461811227806
0.3710896799702157
0.3677175487126254
0.3643454174550351
0.3609732861974448
0.35760115493985467
0.35447437798412434
0.35140212420658506
0.34832987042904584
0.34525761665150656
0.34218536287396734
0.3391131090964281
0.33604085531888883
0.33296860154134955
0.3298963477638103
0.3268240939862711
0.32395058012085076
0.32115159372247487
0.3183526073240989
0.315553620925723
0.31275463452734703
0.30995564812897114
0.3071566617305952
0.30435767533221925
0.3015586889338433
0.2987597025354674
0.29611920622641963
0.29356927568270225
0.2910193451389847
0.2884694145952673
0.28591948405154977
0.28336955350783233
0.28081962296411483
0.27826969242039734
0.27571976187667985
0.2731698313329624
0.27074439211023227
0.2684226956549916
0.26610099919975094
0.2637793027445103
0.2614576062892696
0.2591359098340289
0.2568142133787882
0.25449251692354746
0.2521708204683068
0.24984912401306608
0.2476204338026507
0.24550335108602578
0.2433862683694008
0.24126918565277583
0.23915210293615097
0.237035020219526
0.23491793750290102
0.23280085478627607
0.23068377206965132
0.22856668935302638
0.2265187750840233
0.2245919055983585
0.22266503611269373
0.22073816662702894
0.21881129714136416
0.21688442765569937
0.2149575581700346
0.21303068868436978
0.21110381919870502
0.20917694971304024
0.20729595448543844
0.20553729061267134
0.20377862673990427
0.20201996286713714
0.20026129899437006
0.19850263512160293
0.19674397124883586
0.19498530737606876
0.19322664350330165
0.19146797963053455
0.18973772397218105
0.1881353052786879
0.1865328865851948
0.18493046789170162
0.18332804919820847
0.18172563050471535
0.1801232118112222
0.17852079311772906
0.1769183744242359
0.17531595573074277
0.17372632314495395
0.1722645516362084
0.17080278012746286
0.16934100861871737
0.16787923710997182
0.16641746560122628
0.1649556940924808
0.16349392258373524
0.16203215107498972
0.1605703795662442
0.15910860805749866
0.15777555092714626
0.15644249379679395
0.15510943666644153
0.15377637953608914
0.15244332240573671
0.1511102652753843
0.14977720814503187
0.14844415101467948
0.14711109388432703
0.14577803675397463
0.14455134981983642
0.14333529990531957
0.1421192499908028
0.14090320007628598
0.13968715016176914
0.13847110024725234
0.13725505033273552
0.1360390004182187
0.1348229505037019
0.1336069005891851
0.13247801320155347
0.13136849526434075
0.13025897732712816
0.12914945938991546
0.12803994145270275
0.12693042351549005
0.12582090557827735
0.12471138764106467
0.12360186970385197
0.12249235176663927
0.12145332090814694
0.12044072270417476
0.11942812450020257
0.1184155262962304
0.11740292809225822
0.11639032988828604
0.11537773168431387
0.11436513348034169
0.1133525352763695
0.11233993707239733
0.11138341405396479
0.11045893399869776
0.10953445394343074
0.10860997388816372
0.10768549383289677
0.10676101377762975
0.10583653372236274
0.10491205366709569
0.10398757361182867
0.10306309355656164
0.10218236063647124
0.10133808366236131
0.1004938066882514
0.0996495297141415
0.0988052527400316
0.09796097576592169
0.09711669879181178
0.09627242181770188
0.09542814484359197
0.09458386786948206
0.09377281862730107
0.09300164266343475
0.09223046669956846
0.09145929073570215
0.09068811477183585
0.08991693880796954
0.0891457628441033
0.08837458688023701
0.0876034109163707
0.08683223495250439
0.08608524032212331
0.08538056302534133
0.08467588572855936
0.08397120843177741
0.08326653113499544
0.08256185383821346
0.08185717654143149
0.08115249924464951
0.08044782194786755
0.07974314465108559
0.07905499102142925
0.07841090050410796
0.07776680998678664
0.07712271946946533
0.07647862895214404
0.07583453843482274
0.07519044791750143
0.07454635740018015
0.07390226688285889
0.07325817636553758
0.07262410986794675
0.07203515145914298
0.07144619305033922
0.07085723464153547
0.07026827623273171
0.06967931782392796
0.0690903594151242
0.06850140100632045
0.06791244259751668
0.06732348418871292
0.06673908287483309
0.06620025251019238
0.06566142214555168
0.06512259178091098
0.06458376141627029
0.06404493105162959
0.06350610068698889
0.06296727032234818
0.062428439957707485
0.06188960959306683
0.06135077922842613
0.06085793317171059
0.06036508711499506
0.05987224105827953
0.05937939500156399
0.05888654894484845
0.05839370288813291
0.05790085683141737
0.05740801077470183
0.0569151647179863
0.056422318661270766
0.055967445212254614
0.0555163690240084
0.055065292835762204
0.05461421664751599
0.054163140459269773
0.053712064271023575
0.053260988082777364
0.05280991189453116
0.05235883570628495
0.05190775951803874
0.051487794108288715
0.05107474220487112
0.05066169030145353
0.05024863839803595
0.049835586494618354
0.04942253459120076
0.04900948268778317
0.04859643078436559
0.048183378880947994
0.047770326977530406
0.04738256902470258
0.04700429630334591
0.04662602358198925
0.04624775086063258
0.04586947813927593
0.04549120541791926
0.0451129326965626
0.04473465997520593
0.04435638725384927
0.04397811453249261
0.04362003501915442
0.04327349448182679
0.04292695394449919
0.04258041340717156
0.042233872869843925
0.04188733233251629
0.04154079179518866
0.04119425125786103
0.0408477107205334
0.040501170183205766
0.040170395238042375
0.039852758286349196
0.03953512133465602
0.03921748438296283
0.03889984743126965
0.03858221047957647
0.03826457352788329
0.0379469365761901
0.037629299624496924
0.03731166267280374
0.037005968828883226
0.03671460671428991
0.036423244599696605
0.036131882485103316
0.03584052037051
0.03554915825591669
0.03525779614132338
0.03496643402673007
0.03467507191213675
0.03438370979754344
0.03410120148575812
0.03383418732888681
0.033567173172015484
0.03330015901514417
0.03303314485827285
0.03276613070140154
0.032499116544530214
0.0322321023876589
0.03196508823078758
0.03169807407391626
0.03143705255492474
0.031192011403612663
0.030946970252300587
0.03070192910098851
0.030456887949676437
0.030211846798364382
0.02996680564705231
0.02972176449574023
0.029476723344428156
0.029231682193116088
0.028990340211345455
0.02876564449251133
0.02854094877367721
0.02831625305484308
0.028091557336008956
0.027866861617174835
0.02764216589834071
0.027417470179506586
0.02719277446067246
0.026968078741838337
0.02674504409493218
0.02653862016730571
0.026332196239679237
0.02612577231205276
0.02591934838442629
0.02571292445679982
0.025506500529173345
0.025300076601546893
0.02509365267392042
0.024887228746293948
0.024680804818667475
0.024491225524041614
0.024301646229415753
0.024112066934789893
0.023922487640164032
0.02373290834553817
0.02354332905091231
0.02335374975628645
0.02316417046166059
0.02297459116703473
0.022785011872408868
0.022609450423476906
0.02243529075911433
0.022261131094751765
0.02208697143038919
0.021912811766026614
0.021738652101664042
0.02156449243730147
0.0213903327729389
0.021216173108576344
0.02104201344421377
0.020879368366295614
0.02071928208536511
0.020559195804434598
0.020399109523504093
0.020239023242573588
0.02007893696164308
0.01991885068071257
0.019758764399782067
0.01959867811885156
0.01943859183792105
0.019287895669019922
0.01914072079212981
0.018993545915239697
0.018846371038349585
0.018699196161459472
0.018552021284569363
0.01840484640767925
0.018257671530789138
0.018110496653899025
0.017963321777008927
0.01782353359644496
0.017687966385210217
0.017552399173975473
0.01741683196274073
0.01728126475150599
0.017145697540271246
0.017010130329036505
0.016874563117801764
0.01673899590656702
0.016603428695332278
0.01647394570186735
0.016349532889877262
0.01622512007788717
0.016100707265897088
0.015976294453907
0.01585188164191691
0.015727468829926823
0.015603056017936736
0.015478643205946649
0.015354230393956562
0.0152343256126297
0.01511983046809872
0.01500533532356773
0.014890840179036736
0.014776345034505744
0.014661849889974753
0.01454735474544376
0.014432859600912768
0.014318364456381778
0.014203869311850786
0.014092669526175789
0.013987236618498785
0.01388180371082178
0.013776370803144776
0.01367093789546777
0.013565504987790767
0.013460072080113763
0.013354639172436759
0.013249206264759754
0.01314377335708275
0.013040624308023477
0.012943565548611494
0.012846506789199508
0.012749448029787532
0.01265238927037555
0.012555330510963565
0.012458271751551581
0.012361212992139596
0.012264154232727613
0.012167095473315627
0.012071429195655963
0.011982029085881744
0.011892628976107525
0.011803228866333304
0.011713828756559085
0.011624428646784866
0.011535028537010647
0.011445628427236426
0.011356228317462205
0.011266828207687988
0.011178060599773927
0.011095618010461442
0.011013175421148958
0.010930732831836473
0.010848290242523997
0.010765847653211513
0.010683405063899028
0.010600962474586544
0.01051851988527406
0.010436077295961577
0.010353634706649092
0.010277662104866019
0.010201689503082947
0.010125716901299871
0.0100497442995168
0.009973771697733726
0.009897799095950652
0.009821826494167579
0.009745853892384505
0.009669881290601434
0.00959390868881836
0.009523359516555615
0.0094533526872449
0.009383345857934187
0.009313339028623475
0.00924333219931276
0.009173325370002055
0.009103318540691342
0.009033311711380627
0.008963304882069915
0.008893298052759195
0.008827721537524192
0.008763129536528236
0.00869853753553228
0.008633945534536322
0.008569353533540366
0.008504761532544411
0.008440169531548464
0.008375577530552509
0.008310985529556551
0.008246393528560594
0.008185433556081504
0.00812583559429624
0.008066237632510975
0.008006639670725709
0.007947041708940443
0.007887443747155177
0.007827845785369911
0.0077682478235846465
0.007708649861799381
0.007649051900014116
0.007592379160947871
0.007537377977721069
0.007482376794494264
0.007427375611267462
0.007372374428040658
0.0073173732448138535
0.007262372061587051
0.007207370878360248
0.007152369695133444
0.007097368511906641
0.007044460701017574
0.006993297367076622
0.006942134033135668
0.006890970699194716
0.006839807365253763
0.00678864403131281
0.006737480697371857
0.006686317363430904
0.006635154029489951
0.006583990695548999
0.006534783052261191
0.006487922237757158
0.006441061423253125
0.006394200608749092
0.006347339794245061
0.006300478979741028
0.006253618165236995
0.006206757350732962
0.006159896536228929
0.006113035721724905
0.006067476106463394
0.0060241935898762995
0.005980911073289205
0.00593762855670211
0.0058943460401150154
0.00585106352352792
0.005807781006940824
0.00576449849035373
0.005721215973766635
0.00567793345717954
0.005635546048552447
0.005595545594485357
0.005555545140418269
0.00551554468635118
0.005475544232284091
0.005435543778217002
0.005395543324149913
0.005355542870082825
0.005315542416015735
0.005275541961948647
0.005236086844377671
0.005199085741039201
0.005162084637700733
0.0051250835343622635
0.0050880824310237955
0.005051081327685326
0.005014080224346858
0.004977079121008389
0.00494007801766992
0.004903076914331451
0.004866324789940575
0.004832062455025622
0.004797800120110669
0.0047635377851957175
0.004729275450280764
0.004695013115365812
0.004660750780450858
0.004626488445535906
0.004592226110620953
0.004557963775706
0.0045237014407910475
0.004492061607532677
0.004460421774274307
0.004428781941015941
0.004397142107757571
0.0043655022744992006
0.004333862441240829
0.004302222607982459
0.004270582774724088
0.004238942941465718
0.0042073031082073475
0.004177806247710246
0.00414852368448927
0.004119241121268295
0.0040899585580473205
0.004060675994826345
0.004031393431605371
0.004002110868384395
0.00397282830516342
0.003943545741942445
0.00391426317872147
0.0038867271300245653
0.003859579195666342
0.00383243126130812
0.003805283326949897
0.0037781353925916738
0.003750987458233451
0.0037238395238752275
0.0036966915895170053
0.003669543655158782
0.003642395720800559
0.0036167378157476865
0.0035916386716843204
0.0035665395276209544
0.0035414403835575883
0.0035163412394942223
0.0034912420954308562
0.0034661429513674893
0.0034410438073041233
0.003415944663240757
0.003390845519177391
0.003366923019600247
0.0033436728883009447
0.0033204227570016423
0.0032971726257023395
0.003273922494403037
0.0032506723631037385
0.0032274222318044356
0.0032041721005051337
0.0031809219692058304
0.003157671837906528
0.0031353513997024046
0.003113805705744265
0.0030922600117861245
0.0030707143178279844
0.0030491686238698443
0.0030276229299117043
0.003006077235953564
0.002984531541995424
0.002962985848037284
0.002941440154079144
0.0029205950628902024
0.0029005906950243005
0.002880586327158398
0.0028605819592924953
0.0028405775914265934
0.002820573223560691
0.0028005688556947887
0.0027805644878288864
0.0027605601199629836
0.002740555752097081
0.002721101610848894
0.0027026103661817076
0.002684119121514522
0.002665627876847336
0.0026471366321801494
0.0026286453875129633
0.002610154142845777
0.0025916628981785907
0.0025731716535114047
0.0025546804088442186
0.0025365456402912235
0.002519361474709406
0.0025021773091275885
0.0024849931435457703
0.0024678089779639526
0.002450624812382135
0.0024334406468003167
0.0024162564812184994
0.002399072315636681
0.0023818881500548665
0.002364920486962411
0.002348927085072084
0.0023329336831817574
0.002316940281291431
0.0023009468794011048
0.0022849534775107776
0.0022689600756204513
0.002252966673730125
0.0022369732718397982
0.0022209798699494715
0.002205089143091655
0.0021902251665589442
0.0021753611900262337
0.0021604972134935223
0.002145633236960812
0.002130769260428101
0.0021159052838953902
0.0021010413073626793
0.0020861773308299683
0.0020713133542972573
0.0020564493777645468
