0.28667841481529
0.33359309751870236
0.3805077802221145
0.4274224629255269
0.47433714562893914
0.5212518283323515
0.5681665110357637
0.615081193739176
0.6619958764425882
0.7089105591460005
0.7558252418494128
0.8024624173585196
0.8490718421481959
0.895681266937872
0.9422906917275484
0.9889001165172246
1.0355095413069009
1.0821189660965769
1.1287283908862535
1.1753378156759295
1.2219472404656058
1.2608439015051522
1.2980266150446698
1.335209328584187
1.3723920421237046
1.4095747556632219
1.4467574692027394
1.483940182742257
1.5211228962817742
1.5583056098212917
1.595488323360809
1.624285435593768
1.6499379473367672
1.6755904590797666
1.7012429708227659
1.7268954825657654
1.7525479943087647
1.778200506051764
1.8038530177947634
1.829505529537763
1.855158041280762
1.8741252677194087
1.8892723311269963
1.904419394534584
1.9195664579421714
1.9347135213497593
1.9498605847573467
1.9650076481649346
1.980154711572522
1.9953017749801099
2.0104488383876977
2.0209858416726934
2.0276811281888625
2.0343764147050316
2.041071701221201
2.0477669877373703
2.0544622742535394
2.0611575607697086
2.067852847285878
2.0745481338020473
2.0812434203182164
2.085057381853461
2.0854137534115953
2.0857701249697294
2.086126496527864
2.086482868085998
2.086839239644132
2.087195611202266
2.0875519827604005
2.087908354318535
2.088264725876669
2.0869789595193127
2.0828194518098475
2.078659944100382
2.0745004363909167
2.0703409286814516
2.0661814209719864
2.062021913262521
2.0578624055530557
2.05370289784359
2.049543390134125
2.0445471093548813
2.0373194337228946
2.030091758090909
2.0228640824589226
2.0156364068269363
2.00840873119495
2.001181055562964
1.9939533799309779
1.9867257042989914
1.9794980286670056
1.9719118711774515
1.962712545328842
1.9535132194802327
1.944313893631623
1.9351145677830137
1.9259152419344046
1.9167159160857952
1.9075165902371856
1.8983172643885764
1.889117938539967
1.8798128319483394
1.8694499179265285
1.8590870039047174
1.8487240898829063
1.8383611758610954
1.8279982618392845
1.8176353478174736
1.8072724337956623
1.7969095197738516
1.7865466057520405
1.7761836917302294
1.765188810557018
1.7541939293838062
1.7431990482105943
1.7322041670373824
1.7212092858641708
1.710214404690959
1.6992195235177476
1.6882246423445357
1.6772297611713238
1.6662348799981122
1.6551124036945448
1.6439771678779422
1.6328419320613394
1.6217066962447366
1.6105714604281336
1.5994362246115308
1.588300988794928
1.5771657529783252
1.5660305171617224
1.5548952813451196
1.543882873233366
1.532897760167134
1.521912647100903
1.5109275340346713
1.4999424209684395
1.4889573079022078
1.4779721948359763
1.4669870817697448
1.456001968703513
1.4450168556372815
1.4342638117509128
1.4235977938069924
1.4129317758630722
1.4022657579191518
1.3915997399752316
1.380933722031311
1.3702677040873907
1.3596016861434703
1.3489356681995501
1.3382696502556297
1.327888240937544
1.3176694651199352
1.307450689302326
1.2972319134847177
1.2870131376671086
1.2767943618495
1.2665755860318908
1.256356810214282
1.246138034396673
1.2359192585790644
1.225982319576224
1.2162802445856906
1.2065781695951576
1.1968760946046244
1.1871740196140914
1.1774719446235582
1.167769869633025
1.1580677946424918
1.1483657196519588
1.1386636446614253
1.1292268058806838
1.1201082505516917
1.1109896952226996
1.1018711398937076
1.0927525845647155
1.0836340292357236
1.0745154739067315
1.0653969185777392
1.0562783632487471
1.047159807919755
1.0382565694773938
1.0297301355866362
1.0212037016958786
1.012677267805121
1.0041508339143634
0.9956244000236056
0.9870979661328483
0.9785715322420906
0.9700450983513328
0.9615186644605755
0.9531538126662931
0.9452198464626111
0.9372858802589294
0.9293519140552475
0.9214179478515656
0.9134839816478837
0.9055500154442019
0.8976160492405201
0.8896820830368382
0.8817481168331567
0.8739194126927218
0.8665643878368978
0.859209362981074
0.8518543381252501
0.8444993132694263
0.8371442884136024
0.8297892635577786
0.8224342387019548
0.8150792138461309
0.8077241889903071
0.8004203825065942
0.7936287597439868
0.7868371369813794
0.780045514218772
0.7732538914561647
0.7664622686935574
0.7596706459309499
0.7528790231683427
0.7460874004057352
0.7392957776431279
0.7325041548805206
0.7262468932479536
0.7199896316153864
0.713732369982819
0.7074751083502517
0.7012178467176845
0.6949605850851173
0.6887033234525499
0.6824460618199826
0.6761888001874153
0.669931538554848
0.6641353856003324
0.658385343513622
0.6526353014269114
0.6468852593402008
0.6411352172534901
0.6353851751667796
0.6296351330800689
0.6238850909933583
0.6181350489066477
0.6123850068199371
0.6070238937176428
0.6017492092785518
0.5964745248394614
0.5911998404003705
0.5859251559612797
0.5806504715221888
0.575375787083098
0.5701011026440073
0.5648264182049164
0.5595517337658257
0.5545992392178593
0.5497675658790646
0.54493589254027
0.5401042192014756
0.5352725458626809
0.5304408725238863
0.5256091991850916
0.520777525846297
0.5159458525075024
0.5111141791687077
0.5065531980261792
0.5021468981386599
0.49774059825114064
0.49333429836362136
0.48892799847610224
0.48452169858858296
0.48011539870106373
0.4757090988135444
0.47130279892602517
0.4668964990385059
0.4626897120979643
0.45864918594657067
0.4546086597951772
0.45056813364378356
0.4465276074923903
0.4424870813409967
0.4384465551896031
0.43440602903820963
0.4303655028868161
0.42632497673542247
0.4224474182323023
0.4187654209071101
0.4150834235819178
0.4114014262567256
0.4077194289315334
0.4040374316063413
0.4003554342811491
0.3966734369559569
0.39299143963076466
0.38930944230557246
0.38574209035985896
0.3823753678282332
0.3790086452966075
0.3756419227649819
0.3722752002333561
0.3689084777017304
0.3655417551701048
0.36217503263847917
0.35880831010685343
0.3554415875752277
0.3521558949949628
0.34908628228499333
0.34601666957502397
0.3429470568650545
0.33987744415508514
0.3368078314451157
0.3337382187351463
0.330668606025177
0.3275989933152076
0.32452938060523817
0.32150920145364204
0.31871147331472544
0.31591374517580895
0.3131160170368924
0.31031828889797586
0.3075205607590593
0.3047228326201428
0.3019251044812263
0.2991273763423099
0.29632964820339336
0.29355452605207283
0.2910054637767132
0.2884564015013535
0.28590733922599376
0.28335827695063415
0.2808092146752744
0.2782601523999147
0.275711090124555
0.27316202784919535
0.27061296557383574
0.26806390329847607
0.26574201721608776
0.2634201311336994
0.261098245051311
0.2587763589689227
0.25645447288653433
0.25413258680414597
0.2518107007217576
0.24948881463936928
0.2471669285569809
0.24484504247459266
0.24271151712919115
0.24059682785748832
0.2384821385857855
0.23636744931408266
0.23425276004237983
0.23213807077067702
0.2300233814989742
0.22790869222727136
0.22579400295556853
0.2236793136838658
0.22172188522216355
0.21979940360712807
0.21787692199209263
0.21595444037705716
0.2140319587620217
0.21210947714698625
0.21018699553195078
0.2082645139169153
0.20634203230187986
0.2044195506868444
0.20261965132114498
0.20086572029894648
0.19911178927674794
0.19735785825454943
0.19560392723235093
0.19384999621015242
0.1920960651879539
0.19034213416575538
0.1885882031435569
0.18683427212135836
0.18518004377026542
0.18358278837409
0.1819855329779145
0.18038827758173903
0.17879102218556353
0.17719376678938803
0.17559651139321256
0.17399925599703706
0.17240200060086155
0.17080474520468608
0.1692852790889615
0.16783063737361262
0.1663759956582638
0.16492135394291496
0.1634667122275661
0.16201207051221722
0.16055742879686835
0.1591027870815195
0.15764814536617064
0.15619350365082177
0.15479983104397754
0.15347932136733888
0.15215881169070022
0.15083830201406156
0.1495177923374229
0.14819728266078425
0.1468767729841456
0.1455562633075069
0.14423575363086838
0.14291524395422972
0.1416356802843907
0.14042777212645116
0.1392198639685116
0.13801195581057207
0.13680404765263252
0.13559613949469296
0.13438823133675343
0.1331803231788139
0.13197241502087434
0.13076450686293478
0.1295858998434057
0.1284854291929712
0.1273849585425367
0.1262844878921022
0.12518401724166772
0.12408354659123322
0.12298307594079871
0.12188260529036421
0.12078213463992973
0.11968166398949523
0.11859894973482704
0.11759613926110671
0.11659332878738639
0.11559051831366608
0.11458770783994576
0.11358489736622544
0.11258208689250512
0.11157927641878482
0.11057646594506448
0.10957365547134418
0.1085791166328126
0.10766729414616846
0.1067554716595243
0.10584364917288017
0.10493182668623603
0.10402000419959187
0.10310818171294772
0.10219635922630359
0.10128453673965944
0.1003727142530153
0.09946089176637116
0.09862718359309086
0.09779347541981062
0.09695976724653031
0.09612605907325
0.09529235089996971
0.09445864272668938
0.09362493455340908
0.09279122638012878
0.09195751820684847
0.09112381003356816
0.09035689251350128
0.0895966540587557
0.08883641560401015
0.08807617714926459
0.08731593869451902
0.08655570023977346
0.08579546178502792
0.08503522333028235
0.0842749848755368
0.08351474642079124
0.08280909974406915
0.08211558457357451
0.08142206940307993
0.08072855423258529
0.08003503906209064
0.07934152389159599
0.07864800872110136
0.07795449355060671
0.07726097838011206
0.07656746320961744
0.07591815382737065
0.07528542161571684
0.07465268940406303
0.07401995719240922
0.07338722498075542
0.0727544927691016
0.07212176055744779
0.07148902834579397
0.07085629613414016
0.07022356392248635
0.0696259109121358
0.06904830315967281
0.06847069540720982
0.06789308765474683
0.06731547990228388
0.0667378721498209
0.0661602643973579
0.06558265664489492
0.06500504889243192
0.06442744113996893
0.06387727313703656
0.06334997159204635
0.06282267004705615
0.06229536850206595
0.061768066957075755
0.061240765412085556
0.060713463867095356
0.06018616232210515
0.05965886077711495
0.05913155923212475
0.05862503139246735
0.05814343199920931
0.057661832605951265
0.05718023321269323
0.05669863381943518
0.056217034426177134
0.05573543503291914
0.05525383563966109
0.05477223624640305
0.054290636853145
0.053824128670109835
0.0533840301049647
0.052943931539819564
0.05250383297467444
0.0520637344095293
0.05162363584438416
0.05118353727923903
0.0507434387140939
0.05030334014894876
0.049863241583803626
0.04943349206336787
0.049031339995490426
0.048629187927613
0.04822703585973556
0.04782488379185813
0.04742273172398069
0.04702057965610326
0.046618427588225826
0.04621627552034843
0.04581412345247099
0.04541823790173537
0.04505055167813788
0.04468286545454039
0.04431517923094291
0.04394749300734541
0.043579806783747926
0.04321212056015044
0.04284443433655295
0.042476748112955466
0.04210906188935798
0.0417442209076044
0.04140783234428998
0.04107144378097555
0.04073505521766111
0.04039866665434668
0.040062278091032244
0.039725889527717814
0.039389500964403384
0.039053112401088955
0.03871672383777455
0.03838033527446012
0.03807265914199406
0.03776498300952799
0.03745730687706192
0.03714963074459586
0.03684195461212979
0.03653427847966372
0.036226602347197656
0.03591892621473159
0.03561125008226552
0.03530357394979946
0.03501959957204783
0.03473799536976764
0.03445639116748746
0.034174786965207274
0.03389318276292709
0.03361157856064691
0.033329974358366724
0.03304837015608653
0.03276676595380635
0.032485161751526166
0.032222915925464515
0.031964971960784745
0.03170702799610496
0.031449084031425184
0.031191140066745407
0.030933196102065626
0.030675252137385846
0.030417308172706065
0.03015936420802629
0.02990142024334651
0.029659329755303315
0.029423184320998844
0.02918703888669437
0.028950893452389895
0.02871474801808542
0.02847860258378095
0.02824245714947647
0.028006311715172004
0.027770166280867526
0.027534020846563055
0.02731045625518786
0.02709408071691511
0.02687770517864238
0.02666132964036963
0.026444954102096886
0.026228578563824136
0.026012203025551385
0.025795827487278634
0.025579451949005887
0.025363076410733137
0.025156541767876867
0.02495820787120099
0.02475987397452511
0.024561540077849234
0.02436320618117336
0.024164872284497478
0.023966538387821604
0.023768204491145722
0.023569870594469848
0.023371536697793974
0.023180830689463215
0.0229992781471466
0.02281772560482999
0.02263617306251339
0.022454620520196776
0.02227306797788016
0.022091515435563546
0.021909962893246933
0.02172841035093032
0.021546857808613706
0.021370655613293578
0.021203816525217304
0.02103697743714103
0.020870138349064756
0.020703299260988482
0.020536460172912205
0.020369621084835934
0.020202781996759657
0.020035942908683383
0.01986910382060711
0.01970601334885639
0.019552919187307158
0.019399825025757926
0.01924673086420869
0.01909363670265946
0.018940542541110238
0.018787448379561006
0.018634354218011774
0.018481260056462542
0.018328165894913307
0.018177350574482908
0.018036790039087255
0.017896229503691602
0.01775566896829595
0.017615108432900296
0.017474547897504647
0.017333987362108994
0.01719342682671334
0.017052866291317692
0.016912305755922036
0.01677280904183998
0.01664395054089386
0.016515092039947738
0.016386233539001614
0.016257375038055494
0.016128516537109373
0.015999658036163253
0.015870799535217143
0.015741941034271022
0.015613082533324898
0.015484224032378778
0.015365681772863633
0.015247139513348489
0.015128597253833344
0.015010054994318199
0.014891512734803054
0.01477297047528791
0.014654428215772765
0.014535885956257622
0.014417343696742475
0.01429880143722733
0.014189009964373726
0.014080093570186272
0.013971177175998821
0.013862260781811369
0.013753344387623915
0.013644427993436462
0.01353551159924901
0.013426595205061558
0.013317678810874116
0.013208762416686663
0.013107039729739249
0.013006915644400732
0.012906791559062214
0.012806667473723698
0.012706543388385182
0.012606419303046665
0.01250629521770815
0.012406171132369633
0.012306047047031116
0.012205922961692598
0.012111655644992895
0.01201958461653275
0.011927513588072603
0.011835442559612455
0.011743371531152309
0.011651300502692162
0.011559229474232015
0.011467158445771869
0.011375087417311722
0.011283016388851583
0.011195458556506565
0.011110479693370194
0.011025500830233822
0.010940521967097449
0.010855543103961076
0.010770564240824704
0.010685585377688333
0.010600606514551959
0.010515627651415588
0.010430648788279215
0.010349540950048901
0.010271658965906968
0.010193776981765035
0.010115894997623102
0.01003801301348117
0.009960131029339236
0.009882249045197303
0.00980436706105537
0.009726485076913437
0.009648603092771504
0.009573534327094213
0.009501841423574492
0.009430148520054764
0.009358455616535036
0.00928676271301531
0.009215069809495584
0.009143376905975857
0.009071684002456129
0.008999991098936403
0.008928298195416677
0.008858668478300233
0.008792649337389538
0.008726630196478843
0.00866061105556815
0.008594591914657453
0.00852857277374676
0.008462553632836062
0.008396534491925367
0.008330515351014672
0.008264496210103979
0.008199898722124507
0.008139092308628295
0.008078285895132084
0.008017479481635878
0.007956673068139668
0.007895866654643455
0.007835060241147246
0.007774253827651035
0.007713447414154823
0.007652641000658612
0.007592702781983765
0.007536671440005055
0.007480640098026345
0.007424608756047634
0.007368577414068925
0.007312546072090215
0.007256514730111505
0.007200483388132795
0.007144452046154085
0.007088420704175375
0.007032787705553923
0.006981138140505048
0.006929488575456175
0.0068778390104073
0.0068261894453584306
0.006774539880309556
0.006722890315260683
0.006671240750211808
0.006619591185162933
0.00656794162011406
0.006516292055065185
0.006468669101726372
0.006421046148387559
0.006373423195048746
0.006325800241709933
0.00627817728837112
0.006230554335032307
0.006182931381693494
0.00613530842835468
0.006087685475015868
0.006040062521677054
0.005995802102577014
0.005951877936900851
0.005907953771224688
0.005864029605548524
0.005820105439872361
0.005776181274196202
0.005732257108520039
0.005688332942843875
0.005644408777167712
0.005600484611491545
0.005559338593202126
0.00551880994099865
0.005478281288795173
0.0054377526365916974
0.005397223984388222
0.005356695332184745
0.005316166679981277
0.0052756380277778
0.005235109375574324
0.0051945807233708475
0.005156321012459279
0.005118912154532175
0.0050815032966050715
0.005044094438677968
0.005006685580750864
0.004969276722823761
0.004931867864896657
0.004894459006969553
0.004857050149042449
0.004819641291115346
0.004784061151441088
0.0047495259936256
0.004714990835810113
0.004680455677994624
0.004645920520179136
0.004611385362363649
0.004576850204548161
0.004542315046732673
0.004507779888917185
0.004473244731101697
0.004439928304638297
0.004407627487634971
0.0043753266706316445
0.0043430258536283186
0.004310725036624993
0.004278424219621666
0.00424612340261834
0.004213822585615014
0.004181521768611687
0.004149220951608361
0.004118229947558243
0.004088810719051975
0.004059391490545706
0.0040299722620394385
0.00400055303353317
0.003971133805026901
0.003941714576520633
0.003912295348014365
0.003882876119508097
0.0038534568910018343
0.003824848101862094
0.0037976575816137787
0.003770467061365464
0.0037432765411171487
0.003716086020868834
0.0036888955006205188
0.0036617049803722036
0.0036345144601238884
0.0036073239398755736
0.0035801334196272584
0.003553502158265344
0.003528362253933831
0.0035032223496023187
0.003478082445270806
0.003452942540939293
0.003427802636607781
0.003402662732276268
0.0033775228279447553
0.0033523829236132424
0.00332724301928173
0.0033024467233102005
0.003279196664958596
0.003255946606606991
0.003232696548255386
0.0032094464899037815
0.0031861964315521765
0.003162946373200572
0.003139696314848967
0.003116446256497362
0.0030931961981457575
0.0030701042981451797
0.003048593981654872
0.003027083665164564
0.0030055733486742567
0.0029840630321839486
0.002962552715693641
0.002941042399203333
0.0029195320827130255
0.002898021766222718
0.0028765114497324097
0.002855001133242102
0.0028350947688803438
0.0028151884045185854
0.0027952820401568306
0.002775375675795072
0.0027554693114333136
0.0027355629470715553
0.0027156565827097965
0.0026957502183480382
0.00267584385398628
0.0026559374896245216
0.002637375841552325
0.0026189486651090857
0.0026005214886658454
0.0025820943122226055
0.0025636671357793656
0.0025452399593361257
0.0025268127828928857
0.0025083856064496463
0.0024899584300064064
0.0024715312535631665
0.0024542154482409253
0.0024371466142789054
0.0024200777803168863
0.0024030089463548667
0.0023859401123928472
0.0023688712784308277
0.002351802444468808
0.0023347336105067886
0.002317664776544769
0.0023005959425827496
0.0022844448875772878
0.002268637999680536
0.0022528311117837835
0.002237024223887031
0.002221217335990279
0.0022054104480935264
0.0021896035601967744
0.002173796672300022
0.0021579897844032697
0.0021421828965065173
0.00212711441012259
0.0021124678674602766
0.002097821324797963
0.0020831747821356494
0.002068528239473336
0.002053881696811025
0.0020392351541487115
0.0020245886114863983
0.0020099420688240847
0.001995295526161771
0.0019812328295713924
0.0019676566713742933
0.001954080513177194
0.0019405043549800944
0.001926928196782995
0.0019133520385858957
0.0018997758803887962
0.001886199722191697
0.0018726235639945975
0.0018590474057974982
0.0018459205658259365
0.0018333329077250204
0.0018207452496241043
0.001808157591523188
0.001795569933422272
0.0017829822753213558
0.0017703946172204395
0.0017578069591195234
0.0017452193010186073
0.001732631642917691
0.0017203760364775567
0.001708701520443791
0.0016970270044100251
0.0016853524883762591
0.0016736779723424931
0.0016620034563087274
0.0016503289402749611
0.0016386544242411956
0.0016269799082074296
0.0016153053921736638
0.0016038598445933976
0.0015930248795557977
0.001582189914518198
0.0015713549494805982
0.0015605199844429983
0.0015496850194053986
0.001538850054367799
0.001528015089330199
0.0015171801242925991
0.0015063451592550012
0.0014956522290640987
0.0014855984556833338
0.0014755446823025687
0.001465490908921804
0.001455437135541039
0.0014453833621602742
0.001435329588779509
0.0014252758153987443
0.0014152220420179792
0.0014051682686372143
0.00139518001606137
0.0013858469715347353
0.0013765139270081005
0.0013671808824814655
0.0013578478379548309
0.0013485147934281959
0.001339181748901561
0.0013298487043749262
0.0013205156598482912
0.0013111826153216564
0.0013018495707950216
