0.15382234493647082
0.15304829225815975
0.1522742395798487
0.15150018690153763
0.15072613422322656
0.14995208154491552
0.14917802886660442
0.14840397618829335
0.1476299235099823
0.14685587083167123
0.14608181815336016
0.1457131386627338
0.14538499649087588
0.145056854319018
0.1447287121471601
0.1444005699753022
0.14407242780344431
0.14374428563158642
0.1434161434597285
0.1430880012878706
0.14275985911601272
0.14362293653503388
0.14475072941869482
0.1458785223023558
0.14700631518601673
0.1481341080696777
0.14926190095333863
0.1503896938369996
0.15151748672066057
0.1526452796043215
0.15377307248798247
0.1565551460568387
0.1599575748826432
0.1633600037084477
0.1667624325342522
0.17016486136005665
0.17356729018586114
0.17696971901166564
0.18037214783747013
0.18377457666327465
0.1871770054890791
0.19199424853877112
0.19761995685925607
0.20324566517974094
0.20887137350022583
0.21449708182071076
0.22012279014119568
0.2257484984616806
0.23137420678216547
0.2369999151026504
0.2426256234231353
0.24907479509154645
0.25621018621656283
0.2633455773415792
0.2704809684665956
0.277616359591612
0.28475175071662834
0.29188714184164477
0.29902253296666115
0.30615792409167747
0.3132933152166939
0.3207090965660881
0.32846134618473566
0.3362135958033832
0.3439658454220308
0.3517180950406784
0.359470344659326
0.3672225942779735
0.3749748438966211
0.38272709351526873
0.39047934313391625
0.3981558348316746
0.4056997501678766
0.41324366550407876
0.4207875808402809
0.428331496176483
0.43587541151268505
0.4434193268488872
0.45096324218508926
0.45850715752129134
0.4660510728574935
0.4733789061406674
0.4801305206157663
0.48688213509086525
0.4936337495659642
0.5003853640410632
0.507136978516162
0.513888592991261
0.5206402074663599
0.5273918219414588
0.5341434364165576
0.5406869874912433
0.5462942532640689
0.5519015190368946
0.5575087848097202
0.5631160505825459
0.5687233163553713
0.574330582128197
0.5799378479010227
0.5855451136738483
0.5911523794466739
0.596635970105961
0.6008828096298633
0.6051296491537657
0.609376488677668
0.6136233282015704
0.6178701677254725
0.6221170072493749
0.6263638467732772
0.6306106862971795
0.6348575258210818
0.6391043653449842
0.6420975827077493
0.6450908000705146
0.6480840174332797
0.6510772347960448
0.6540704521588101
0.6570636695215752
0.6600568868843404
0.6630501042471055
0.6660433216098707
0.6690365389726359
0.6708978784316959
0.6726460301003852
0.6743941817690746
0.6761423334377639
0.6778904851064533
0.6796386367751426
0.6813867884438319
0.6831349401125213
0.6848830917812107
0.6866312434499
0.6874830681134912
0.6881357089981714
0.6887883498828519
0.6894409907675323
0.6900936316522126
0.6907462725368929
0.6913989134215732
0.6920515543062535
0.692704195190934
0.6933568360756144
0.6933191370268422
0.6930225605030254
0.6927259839792084
0.6924294074553916
0.6921328309315747
0.6918362544077579
0.6915396778839411
0.6912431013601242
0.6909465248363074
0.6906499483124905
0.6898527334513881
0.6887694395404079
0.687686145629428
0.686602851718448
0.685519557807468
0.684436263896488
0.683352969985508
0.6822696760745279
0.681186382163548
0.6801030882525679
0.6786761388531158
0.6769628098799366
0.6752494809067575
0.6735361519335785
0.6718228229603995
0.6701094939872204
0.6683961650140413
0.6666828360408622
0.6649695070676832
0.6632561780945041
0.6613209534213372
0.6591194539081852
0.656917954395033
0.6547164548818809
0.6525149553687287
0.6503134558555765
0.6481119563424245
0.6459104568292723
0.6437089573161202
0.641507457802968
0.6391748943647544
0.6366129690576832
0.6340510437506117
0.6314891184435405
0.628927193136469
0.6263652678293978
0.6238033425223266
0.6212414172152552
0.6186794919081838
0.6161175666011126
0.6134872043291644
0.6106743434842111
0.6078614826392578
0.6050486217943045
0.6022357609493512
0.5994229001043978
0.5966100392594444
0.5937971784144912
0.5909843175695378
0.5881714567245846
0.5853295581495842
0.5823569897893713
0.5793844214291585
0.5764118530689456
0.5734392847087327
0.57046671634852
0.5674941479883071
0.5645215796280942
0.5615490112678814
0.5585764429076685
0.5555963887287655
0.5525414763629596
0.5494865639971537
0.5464316516313478
0.543376739265542
0.540321826899736
0.53726691453393
0.5342120021681241
0.5311570898023182
0.5281021774365123
0.5250472650707064
0.5219714765914807
0.5188956881122548
0.515819899633029
0.512744111153803
0.5096683226745772
0.5065925341953513
0.5035167457161254
0.5004409572368995
0.4973651687576737
0.4942893802784478
0.4912382828778065
0.4881896545850238
0.4851410262922409
0.4820923979994579
0.47904376970667506
0.4759951414138921
0.47294651312110925
0.46989788482832634
0.46684925653554343
0.4638006282427606
0.46080494908810343
0.4578210364085853
0.45483712372906737
0.45185321104954923
0.44886929837003114
0.44588538569051306
0.4429014730109949
0.4399175603314768
0.43693364765195875
0.4339497349724406
0.4310333357497842
0.4281422540734509
0.4252511723971176
0.4223600907207844
0.41946900904445106
0.4165779273681178
0.4136868456917845
0.41079576401545115
0.40790468233911786
0.4050136006627845
0.40219456232133177
0.3994166915998108
0.39663882087828983
0.3938609501567688
0.3910830794352479
0.3883052087137269
0.38552733799220595
0.38274946727068493
0.37997159654916396
0.377193725827643
0.374485249991272
0.3718346032258592
0.3691839564604465
0.36653330969503384
0.36388266292962124
0.3612320161642085
0.3585813693987958
0.3559307226333831
0.3532800758679704
0.3506294291025577
0.3480406965394895
0.34552626101923456
0.3430118254989797
0.34049738997872486
0.33798295445847004
0.3354685189382153
0.3329540834179604
0.3304396478977055
0.32792521237745065
0.3254107768571958
0.3229474400098101
0.3205735258399454
0.31819961167008076
0.31582569750021605
0.3134517833303514
0.31107786916048674
0.30870395499062214
0.30633004082075743
0.3039561266508928
0.30158221248102807
0.2992500191616361
0.2970290814435049
0.2948081437253737
0.2925872060072423
0.2903662682891111
0.2881453305709798
0.28592439285284854
0.2837034551347174
0.2814825174165861
0.27926157969845483
0.2770640677224733
0.27497197158616543
0.27287987544985753
0.2707877793135497
0.26869568317724185
0.266603587040934
0.2645114909046261
0.2624193947683183
0.26032729863201054
0.2582352024957027
0.25615565208505303
0.2542015589309856
0.25224746577691814
0.2502933726228507
0.24833927946878326
0.2463851863147158
0.24443109316064834
0.2424770000065809
0.24052290685251343
0.23856881369844607
0.23661472054437863
0.23480026440798113
0.2329858082715836
0.23117135213518608
0.22935689599878858
0.2275424398623911
0.22572798372599356
0.22391352758959604
0.22209907145319857
0.22028461531680105
0.21847015918040363
0.2167669497720919
0.21507486503658876
0.21338278030108562
0.21169069556558245
0.2099986108300793
0.20830652609457617
0.20661444135907303
0.2049223566235699
0.20323027188806675
0.20153818715256366
0.19994643077715019
0.19837696959286777
0.19680750840858535
0.19523804722430288
0.19366858604002046
0.19209912485573802
0.19052966367145557
0.18896020248717316
0.1873907413028907
0.1858212801186083
0.18433628636988392
0.18288296790949374
0.18142964944910356
0.17997633098871335
0.1785230125283232
0.17706969406793302
0.17561637560754284
0.17416305714715266
0.17270973868676248
0.1712564202263723
0.1698727750707519
0.16852894323214287
0.16718511139353376
0.16584127955492467
0.16449744771631558
0.1631536158777065
0.16180978403909738
0.1604659522004883
0.15912212036187917
0.15777828852327008
0.15649058757595388
0.15524966237138177
0.15400873716680966
0.15276781196223754
0.1515268867576654
0.15028596155309326
0.14904503634852115
0.147804111143949
0.1465631859393769
0.14532226073480475
0.14412495025499503
0.14297997744490026
0.1418350046348055
0.14069003182471074
0.13954505901461597
0.13840008620452118
0.13725511339442642
0.13611014058433163
0.13496516777423698
0.1338201949641422
0.13270780956331943
0.1316524521287227
0.13059709469412598
0.12954173725952928
0.12848637982493252
0.12743102239033582
0.12637566495573907
0.12532030752114237
0.12426495008654563
0.12320959265194892
0.12217696535335346
0.12120495175076139
0.1202329381481693
0.11926092454557721
0.11828891094298516
0.11731689734039306
0.116344883737801
0.11537287013520892
0.11440085653261683
0.11342884293002477
0.11247090056201506
0.11157627874962554
0.11068165693723606
0.10978703512484655
0.10889241331245705
0.10799779150006755
0.10710316968767808
0.10620854787528858
0.10531392606289906
0.10441930425050958
0.10353119152630541
0.10270816968395462
0.1018851478416038
0.10106212599925299
0.10023910415690218
0.09941608231455137
0.09859306047220057
0.09777003862984976
0.09694701678749897
0.09612399494514816
0.09530097310279735
0.09454414955842536
0.09378732601405343
0.0930305024696814
0.09227367892530941
0.0915168553809374
0.0907600318365654
0.09000320829219341
0.0892463847478214
0.08848956120344939
0.0877327376590774
0.08703151899668395
0.08633586082248834
0.08564020264829275
0.08494454447409716
0.08424888629990156
0.08355322812570597
0.08285756995151038
0.08216191177731477
0.08146625360311918
0.08077059542892359
0.08012105699006779
0.07948176738128751
0.07884247777250727
0.07820318816372698
0.0775638985549467
0.07692460894616641
0.07628531933738614
0.07564602972860585
0.07500674011982555
0.07436745051104526
0.07376597245571752
0.07317867373293449
0.07259137501015143
0.0720040762873684
0.07141677756458537
0.07082947884180232
0.07024218011901928
0.06965488139623624
0.0690675826734532
0.06848028395067016
0.06792338438910178
0.06738385577679891
0.06684432716449606
0.0663047985521932
0.06576526993989039
0.06522574132758753
0.06468621271528467
0.06414668410298181
0.06360715549067895
0.0630676268783761
0.06255210320857271
0.0620565836575189
0.06156106410646509
0.061065544555411286
0.060570025004357486
0.06007450545330367
0.05957898590224986
0.05908346635119605
0.058587946800142246
0.058092427249088426
0.05761528028545541
0.05716018042672732
0.05670508056799924
0.05624998070927116
0.05579488085054307
0.05533978099181498
0.05488468113308695
0.05442958127435886
0.05397448141563078
0.05351938155690269
0.05307789358992054
0.05266022643349377
0.052242559277067
0.051824892120640245
0.051407224964213474
0.0509895578077867
0.05057189065135994
0.050154223494933176
0.049736556338506405
0.049318889182079634
0.048910746486166404
0.04852800235162263
0.04814525821707884
0.04776251408253504
0.04737976994799126
0.04699702581344747
0.046614281678903684
0.046231537544359894
0.04584879340981614
0.04546604927527235
0.04508876190249847
0.04473602995768917
0.04438329801287987
0.04403056606807058
0.043677834123261275
0.04332510217845198
0.042972370233642684
0.04261963828883339
0.042266906344024094
0.0419141743992148
0.041564044145926224
0.04123993080784493
0.04091581746976364
0.04059170413168234
0.040267590793601045
0.03994347745551975
0.03961936411743845
0.03929525077935716
0.038971137441275866
0.038647024103194594
0.0383229107651133
0.038025303045512576
0.03772769532591185
0.03743008760631113
0.0371324798867104
0.03683487216710968
0.03653726444750895
0.03623965672790823
0.035942049008307504
0.03564444128870678
0.035346833569106055
0.035071212009899926
0.03479778906673326
0.034524366123566595
0.03425094318039992
0.03397752023723326
0.03370409729406659
0.03343067435089993
0.033157251407733256
0.03288382846456659
0.032610405521399925
0.03235511374013876
0.03210385110596768
0.031852588471796596
0.03160132583762552
0.03135006320345443
0.031098800569283352
0.03084753793511227
0.030596275300941188
0.030345012666770105
0.030093750032599023
0.029857338112184398
0.029626495209428453
0.0293956523066725
0.029164809403916553
0.0289339665011606
0.02870312359840465
0.0284722806956487
0.028241437792892753
0.0280105948901368
0.02777975198738085
0.02756072514817824
0.027348450345291833
0.027136175542405445
0.026923900739519037
0.02671162593663263
0.02649935113374622
0.02628707633085981
0.0260748015279734
0.02586252672508699
0.025650251922200582
0.025447301757774432
0.025252122125398496
0.02505694249302256
0.02486176286064662
0.024666583228270686
0.02447140359589475
0.024276223963518813
0.024081044331142876
0.02388586469876694
0.023690685066391003
0.02350256804690266
0.02332292616287942
0.023143284278856178
0.022963642394832957
0.02278400051080972
0.02260435862678648
0.022424716742763237
0.02224507485874
0.022065432974716758
0.02188579109069352
0.021711458789932067
0.02154641825987874
0.021381377729825412
0.021216337199772086
0.021051296669718757
0.02088625613966543
0.0207212156096121
0.020556175079558772
0.020391134549505446
0.020226094019452117
0.020064648159244965
0.01991278808529428
0.01976092801134359
0.0196090679373929
0.01945720786344221
0.01930534778949154
0.01915348771554085
0.019001627641590163
0.018849767567639474
0.018697907493688784
0.01854824941663923
0.018408500325644776
0.018268751234650327
0.018129002143655877
0.017989253052661427
0.017849503961666978
0.017709754870672532
0.017570005779678082
0.01743025668868363
0.01729050759768918
0.017151768840386945
0.01702313342000687
0.01689449799962679
0.01676586257924671
0.01663722715886663
0.016508591738486553
0.016379956318106473
0.016251320897726407
0.016122685477346327
0.015994050056966247
0.015865414636586167
0.01574697278799063
0.015628530939395095
0.015510089090799555
0.015391647242204019
0.01527320539360848
0.015154763545012943
0.015036321696417406
0.014917879847821868
0.01479943799922633
0.014680996150630794
0.014571067230657507
0.014461989603546443
0.014352911976435383
0.01424383434932432
0.014134756722213256
0.014025679095102196
0.013916601467991133
0.01380752384088007
0.01369844621376902
0.013589368586657956
0.01348730839641825
0.013386807636594404
0.013286306876770557
0.013185806116946709
0.013085305357122861
0.012984804597299015
0.012884303837475167
0.01278380307765132
0.012683302317827471
0.012582801558003625
0.012488025897416927
0.012395397149044165
0.012302768400671397
0.012210139652298634
0.01211751090392587
0.012024882155553104
0.011932253407180338
0.011839624658807574
0.01174699591043481
0.011654367162062054
0.01156620278347588
0.01148058947333919
0.011394976163202501
0.01130936285306581
0.01122374954292912
0.011138136232792431
0.01105252292265574
0.010966909612519048
0.01088129630238236
0.01079568299224567
0.010713864759085234
0.010635209090071675
0.010556553421058117
0.010477897752044558
0.010399242083031
0.010320586414017442
0.010241930745003883
0.010163275075990325
0.010084619406976768
0.01000596373796321
0.009930083899687053
0.009857535058295787
0.009784986216904514
0.009712437375513241
0.009639888534121968
0.009567339692730695
0.009494790851339422
0.009422242009948149
0.009349693168556876
0.009277144327165603
0.009206628708630168
0.00913967123009245
0.009072713751554731
0.009005756273017014
0.008938798794479294
0.008871841315941577
0.008804883837403858
0.00873792635886614
0.008670968880328422
0.008604011401790703
0.008538468964079022
0.008476699968570107
0.008414930973061192
0.008353161977552282
0.008291392982043367
0.00822962398653445
0.008167854991025536
0.00810608599551662
0.008044317000007704
0.00798254800449879
0.007921641527485994
0.007864616383705744
0.0078075912399254935
0.007750566096145243
0.007693540952364994
0.0076365158085847425
0.007579490664804492
0.007522465521024242
0.0074654403772439915
0.007408415233463741
0.007351785418329751
0.007299108889658352
0.007246432360986954
0.0071937558323155555
0.0071410793036441635
0.007088402774972764
0.0070357262463013655
0.0069830497176299675
0.006930373188958569
0.006877696660287171
0.006825020131615773
0.006776352132260795
0.006727684132905816
0.006679016133550837
0.006630348134195859
0.006581680134840881
0.0065330121354859015
0.006484344136130923
0.006435676136775944
0.006387008137420966
0.006338340138065987
0.006293058403656145
0.006248115295740817
0.006203172187825489
0.006158229079910161
0.006113285971994833
0.0060683428640795085
0.00602339975616418
0.005978456648248852
0.005933513540333524
0.0058885704324181925
0.00584640890148215
0.0058048654987637276
0.005763322096045305
0.005721778693326882
0.00568023529060846
0.005638691887890037
0.005597148485171621
0.005555605082453198
0.005514061679734775
0.0054725182770163526
0.005433231899629686
0.005394791906742427
0.005356351913855168
0.00531791192096791
0.005279471928080651
0.005241031935193393
0.0052025919423061345
0.005164151949418876
0.005125711956531618
0.005087271963644359
0.0050506887384833615
0.005015166523451657
0.004979644308419951
0.0049441220933882455
0.004908599878356541
0.004873077663324835
0.00483755544829313
0.004802033233261425
0.004766511018229719
0.004730988803198014
0.004696696489994416
0.004663429094980905
0.004630161699967395
0.004596894304953885
0.004563626909940374
0.004530359514926864
0.004497092119913354
0.004463824724899843
0.0044305573298863326
0.004397289934872822
0.004365333583135766
0.004334950483330454
0.0043045673835251435
0.004274184283719832
0.004243801183914521
0.004213418084109209
0.0041830349843038975
0.004152651884498587
0.004122268784693275
0.004091885684887969
0.0040623269031518985
0.0040342106780370006
0.004006094452922103
0.003977978227807205
0.003949862002692307
0.003921745777577409
0.0038936295524625106
0.003865513327347612
0.003837397102232714
0.003809280877117816
0.003781730703070801
0.0037556899985381406
0.003729649294005481
0.00370360858947282
0.0036775678849401607
0.0036515271804075005
0.00362548647587484
0.00359944577134218
0.0035734050668095197
0.0035473643622768595
0.003521671392834826
0.003497543231300612
0.003473415069766398
0.003449286908232184
0.00342515874669797
0.003401030585163756
0.003376902423629542
0.003352774262095328
0.003328646100561114
0.0033045179390269
0.0032805501103907466
0.0032581856107352022
0.003235821111079658
0.0032134566114241135
0.0031910921117685688
0.003168727612113025
0.00314636311245748
0.003123998612801936
0.0031016341131463914
0.0030792696134908475
0.0030569051138353027
0.0030361785231566452
0.0030154519324779878
0.0029947253417993334
0.0029739987511206763
0.002953272160442019
0.0029325455697633614
0.002911818979084704
0.0028910923884060465
0.0028703657977273886
0.002849639207048731
0.002830281909102718
0.00281106154042997
0.002791841171757221
0.002772620803084473
0.0027534004344117245
0.002734180065738976
0.0027149596970662275
0.002695739328393479
0.002676518959720731
0.0026572985910479825
0.0026391766459668868
0.0026212987950172697
0.0026034209440676526
0.0025855430931180355
0.0025676652421684184
0.002549787391218801
0.0025319095402691837
0.0025140316893195666
0.00249615383836995
0.0024782759874203324
0.0024613709594701405
0.0024448307401447322
0.0024282905208193243
0.0024117503014939165
0.002395210082168509
0.0023786698628431007
0.0023621296435176933
0.0023455894241922854
0.0023290492048668775
0.0023125089855414696
0.002296722411859551
0.002281366492831055
0.002266010573802559
0.0022506546547740626
0.002235298735745566
0.0022199428167170724
0.002204586897688577
0.0021892309786600804
0.002173875059631584
0.002158519140603088
0.0021437614196282203
0.0021295021970313757
0.0021152429744345316
0.0021009837518376874
0.0020867245292408437
0.002072465306643999
0.0020582060840471554
0.002043946861450311
0.0020296876388534667
0.002015428416256623
0.0020016312047580155
0.0019883884065772925
0.0019751456083965694
0.0019619028102158464
0.0019486600120351238
0.0019354172138544004
0.0019221744156736776
0.0019089316174929543
0.0018956888193122313
0.0018824460211315085
0.0018695436651649593
0.0018572370830732142
0.001844930500981469
0.001832623918889724
0.001820317336797979
0.0018080107547062338
0.0017957041726144889
0.0017833975905227437
0.0017710910084309985
0.0017587844263392534
0.0017467052136741592
0.001735232319480134
0.0017237594252861091
0.0017122865310920837
0.0017008136368980584
0.0016893407427040334
0.0016778678485100081
0.0016663949543159829
0.0016549220601219578
0.0016434491659279348
0.0016321249581036387
0.0016214698389431256
0.0016108147197826121
0.0016001596006220988
0.0015895044814615855
0.0015788493623010722
0.0015681942431405587
0.0015575391239800456
0.001546884004819532
0.001536228885659019
0.0015256421706285456
0.0015157394968984765
0.0015058368231684071
0.0014959341494383378
0.0014860314757082689
0.0014761288019781993
0.0014662261282481302
0.0014563234545180608
0.0014464207807879915
0.0014365181070579223
0.001426615433327853
