0.00482093404723006
0.005634396899527113
0.006447859751824164
0.007261322604121218
0.008074785456418269
0.008888248308715322
0.009701711161012374
0.010515174013309427
0.011328636865606478
0.012142099717903532
0.012955562570200582
0.01379999699151469
0.014647528569730502
0.015495060147946313
0.016342591726162134
0.017190123304377945
0.018037654882593755
0.018885186460809566
0.019732718039025383
0.020580249617241194
0.021427781195457005
0.022169317428979967
0.022887299141460066
0.023605280853940168
0.02432326256642027
0.025041244278900376
0.025759225991380478
0.026477207703860577
0.02719518941634068
0.02791317112882078
0.028631152841300883
0.02921489314853586
0.02974829292880392
0.030281692709071974
0.030815092489340033
0.031348492269608084
0.03188189204987614
0.0324152918301442
0.03294869161041226
0.03348209139068031
0.03401549117094837
0.03443278784193171
0.034783739879038066
0.03513469191614443
0.03548564395325078
0.03583659599035714
0.036187548027463504
0.036538500064569865
0.03688945210167622
0.03724040413878258
0.03759135617588894
0.03785717462885735
0.03805204842837747
0.03824692222789759
0.038441796027417714
0.038636669826937836
0.03883154362645795
0.03902641742597807
0.039221291225498195
0.03941616502501831
0.03961103882453843
0.03974987724257822
0.0398214732028416
0.039893069163104984
0.039964665123368374
0.04003626108363176
0.04010785704389514
0.040179453004158525
0.040251048964421915
0.0403226449246853
0.04039424088494868
0.040432277237448494
0.040411584276362045
0.04039089131527561
0.04037019835418917
0.04034950539310273
0.04032881243201629
0.04030811947092985
0.040287426509843405
0.04026673354875696
0.04024604058767052
0.04020731487099635
0.040120501806088255
0.04003368874118015
0.039946875676272045
0.03986006261136395
0.03977324954645584
0.03968643648154774
0.03959962341663964
0.039512810351731535
0.03942599728682344
0.03933094533358498
0.03919881838285991
0.039066691432134835
0.03893456448140977
0.0388024375306847
0.038670310579959635
0.038538183629234564
0.03840605667850949
0.03827392972778443
0.038141802777059364
0.038007008462044425
0.037845540504130776
0.03768407254621712
0.03752260458830346
0.03736113663038982
0.03719966867247616
0.037038200714562514
0.036876732756648864
0.036715264798735214
0.03655379684082156
0.03639232888290791
0.03621230939133196
0.036032289899756
0.035852270408180044
0.03567225091660409
0.03549223142502814
0.03531221193345218
0.03513219244187622
0.034952172950300266
0.034772153458724316
0.03459213396714836
0.03440487849030424
0.03421689941493332
0.03402892033956239
0.03384094126419145
0.03365296218882052
0.03346498311344959
0.033277004038078664
0.03308902496270773
0.0329010458873368
0.03271306681196587
0.03252380523855442
0.0323342586655784
0.0321447120926024
0.03195516551962639
0.03176561894665038
0.031576072373674366
0.03138652580069835
0.031196979227722348
0.03100743265474634
0.030817886081770326
0.030630026075843215
0.030442798532559438
0.030255570989275664
0.030068343445991887
0.02988111590270811
0.029693888359424332
0.029506660816140555
0.02931943327285678
0.029132205729573007
0.02894497818628923
0.02876120697110358
0.028579410800545428
0.02839761462998728
0.028215818459429137
0.02803402228887098
0.027852226118312833
0.027670429947754684
0.027488633777196535
0.027306837606638386
0.02712504143608024
0.02694719030909961
0.02677262671843358
0.02659806312776755
0.026423499537101523
0.026248935946435497
0.026074372355769468
0.02589980876510344
0.02572524517443741
0.02555068158377138
0.02537611799310535
0.02520567067765131
0.02504016289245164
0.024874655107251974
0.02470914732205231
0.024543639536852638
0.024378131751652973
0.024212623966453305
0.024047116181253637
0.02388160839605397
0.0237161006108543
0.023554048383591857
0.023398043382719554
0.02324203838184724
0.023086033380974938
0.022930028380102625
0.022774023379230318
0.022618018378358012
0.022462013377485702
0.022306008376613392
0.022150003375741092
0.02199667031078335
0.021850462408264465
0.021704254505745573
0.021558046603226688
0.021411838700707796
0.02126563079818891
0.021119422895670023
0.020973214993151135
0.020827007090632246
0.020680799188113365
0.0205363718297767
0.020399956920260028
0.020263542010743353
0.020127127101226685
0.01999071219171001
0.01985429728219334
0.01971788237267667
0.019581467463159998
0.019445052553643326
0.019308637644126655
0.01917309318588861
0.019046253240436743
0.01891941329498488
0.018792573349533017
0.018665733404081154
0.018538893458629288
0.018412053513177425
0.018285213567725563
0.018158373622273696
0.018031533676821837
0.01790469373136997
0.017787065064744888
0.017669436398119798
0.017551807731494708
0.01743417906486962
0.01731655039824453
0.017198921731619445
0.017081293064994355
0.016963664398369264
0.016846035731744178
0.016728407065119088
0.016618736463362375
0.016509861668092502
0.016400986872822626
0.016292112077552746
0.01618323728228287
0.016074362487012994
0.015965487691743118
0.015856612896473242
0.015747738101203362
0.015638863305933486
0.015536728549179084
0.015436091578761451
0.015335454608343825
0.015234817637926192
0.015134180667508561
0.01503354369709093
0.014932906726673297
0.014832269756255666
0.014731632785838035
0.014630995815420402
0.01453595449463307
0.014443011542457102
0.014350068590281132
0.014257125638105167
0.014164182685929196
0.014071239733753228
0.013978296781577257
0.013885353829401289
0.013792410877225318
0.013699467925049348
0.01361126524081067
0.01352577128110758
0.013440277321404497
0.01335478336170141
0.013269289401998324
0.01318379544229524
0.013098301482592153
0.013012807522889067
0.01292731356318598
0.012841819603482893
0.012759737738649937
0.012680499286208754
0.012601260833767574
0.012522022381326391
0.012442783928885216
0.012363545476444034
0.012284307024002853
0.01220506857156167
0.012125830119120488
0.012046591666679308
0.011970187275318863
0.011897183757255307
0.011824180239191746
0.011751176721128189
0.011678173203064631
0.011605169685001075
0.011532166166937516
0.011459162648873958
0.0113861591308104
0.011313155612746841
0.011242113884777586
0.011174505289473361
0.011106896694169139
0.011039288098864914
0.01097167950356069
0.010904070908256467
0.010836462312952246
0.010768853717648021
0.010701245122343798
0.010633636527039575
0.010567418919834013
0.010504910614224884
0.010442402308615758
0.010379894003006627
0.0103173856973975
0.010254877391788372
0.010192369086179244
0.010129860780570118
0.01006735247496099
0.010004844169351863
0.009943182771243113
0.009885332456886064
0.009827482142529017
0.00976963182817197
0.00971178151381492
0.009653931199457875
0.009596080885100826
0.009538230570743779
0.009480380256386733
0.009422529942029686
0.009365065840621372
0.009311463868700406
0.009257861896779442
0.009204259924858476
0.00915065795293751
0.009097055981016546
0.00904345400909558
0.008989852037174614
0.008936250065253648
0.008882648093332685
0.00882904612141172
0.008779314458996892
0.008729582796582069
0.008679851134167244
0.008630119471752417
0.008580387809337592
0.008530656146922767
0.008480924484507942
0.008431192822093116
0.008381461159678291
0.008331729497263468
0.008285203260734997
0.008238997566795164
0.008192791872855331
0.008146586178915496
0.008100380484975661
0.008054174791035828
0.008007969097095995
0.007961763403156161
0.007915557709216326
0.007869352015276495
0.007825835098146834
0.007782915686974992
0.007739996275803149
0.0076970768646313055
0.007654157453459463
0.007611238042287619
0.007568318631115775
0.007525399219943932
0.0074824798087720894
0.007439560397600247
0.007398708008045877
0.007358630751598059
0.0073185534951502405
0.007278476238702421
0.007238398982254603
0.007198321725806785
0.007158244469358966
0.007118167212911148
0.00707808995646333
0.0070380127000155114
0.006999631910531802
0.0069622205307418705
0.006924809150951936
0.006887397771162004
0.00684998639137207
0.006812575011582137
0.0067751636317922035
0.00673775225200227
0.006700340872212337
0.006662929492422404
0.0066268449755087265
0.006591866177658598
0.00655688737980847
0.006521908581958341
0.006486929784108212
0.006451950986258083
0.006416972188407953
0.006381993390557825
0.006347014592707695
0.006312035794857566
0.00627811084837613
0.006245450523537123
0.006212790198698118
0.006180129873859113
0.006147469549020108
0.006114809224181102
0.006082148899342096
0.006049488574503091
0.006016828249664088
0.005984167924825083
0.005952203600357599
0.005921457276540278
0.005890710952722958
0.005859964628905638
0.005829218305088316
0.005798471981270996
0.005767725657453675
0.005736979333636354
0.005706233009819033
0.005675486686001713
0.005645249186242915
0.005616368550640179
0.005587487915037443
0.005558607279434706
0.005529726643831971
0.0055008460082292335
0.005471965372626498
0.005443084737023761
0.005414204101421025
0.0053853234658182885
0.005356754168922442
0.005329585896207583
0.005302417623492725
0.005275249350777866
0.005248081078063007
0.005220912805348149
0.00519374453263329
0.005166576259918432
0.005139407987203574
0.005112239714488715
0.005085219003737235
0.00505967391261953
0.005034128821501826
0.0050085837303841235
0.00498303863926642
0.004957493548148716
0.004931948457031012
0.0049064033659133085
0.004880858274795606
0.004855313183677902
0.004829768092560198
0.004805617075640084
0.0047814660587199714
0.004757315041799857
0.004733164024879744
0.004709013007959629
0.004684861991039515
0.004660710974119401
0.004636559957199287
0.004612408940279172
0.004588257923359058
0.004565327985258524
0.004542520155039947
0.004519712324821371
0.004496904494602794
0.004474096664384218
0.004451288834165641
0.004428481003947065
0.004405673173728489
0.004382865343509912
0.004360057513291335
0.00433826545974068
0.004316699134338451
0.004295132808936224
0.004273566483533995
0.004252000158131767
0.004230433832729538
0.0042088675073273085
0.00418730118192508
0.004165734856522852
0.0041441685311206225
0.004123442364111541
0.00410303125649989
0.004082620148888239
0.004062209041276587
0.004041797933664936
0.004021386826053285
0.004000975718441633
0.003980564610829982
0.003960153503218331
0.00393974239560668
0.003920013092781855
0.00390067339269236
0.0038813336926028655
0.003861993992513371
0.0038426542924238777
0.0038233145923343833
0.003803974892244889
0.003784635192155394
0.0037652954920658994
0.0037459557919764046
0.003727162844046606
0.003708825522916554
0.0036904882017865025
0.0036721508806564504
0.003653813559526399
0.0036354762383963464
0.003617138917266295
0.0035988015961362424
0.0035804642750061908
0.003562126953876139
0.003544215125114769
0.0035268138871958174
0.0035094126492768666
0.003492011411357915
0.0034746101734389636
0.0034572089355200124
0.003439807697601063
0.003422406459682111
0.00340500522176316
0.003387603983844209
0.0033705208041357867
0.003353994226295791
0.003337467648455795
0.0033209410706157992
0.003304414492775803
0.0032878879149358074
0.0032713613370958117
0.0032548347592558156
0.0032383081814158195
0.003221781603575824
0.0032054800051056903
0.003189778351621856
0.003174076698138022
0.0031583750446541876
0.0031426733911703534
0.003126971737686519
0.003111270084202685
0.0030955684307188507
0.0030798667772350178
0.0030641651237511836
0.003048604327240417
0.0030336773871084514
0.003018750446976487
0.003003823506844522
0.002988896566712557
0.0029739696265805925
0.0029590426864486274
0.0029441157463166627
0.0029291888061846977
0.002914261866052733
0.0028994011082567415
0.0028852021738204853
0.0028710032393842286
0.002856804304947972
0.0028426053705117157
0.0028284064360754595
0.0028142075016392033
0.0028000085672029466
0.00278580963276669
0.0027716106983304346
0.0027574117638941784
0.002743905015976736
0.0027303982680592937
0.002716891520141851
0.002703384772224409
0.0026898780243069663
0.002676371276389524
0.0026628645284720812
0.0026493577805546393
0.0026358510326371966
0.0026223442847197543
0.002609430507153618
0.0025965760266226123
0.002583721546091607
0.0025708670655606013
0.0025580125850295956
0.0025451581044985904
0.0025323036239675847
0.002519449143436579
0.0025065946629055733
0.002493740182374568
0.0024813898518220496
0.002469151554598082
0.002456913257374115
0.002444674960150148
0.0024324366629261806
0.0024201983657022134
0.0024079600684782463
0.002395721771254279
0.002383483474030312
0.002371245176806345
0.002359435107321117
0.002347785623237916
0.0023361361391547155
0.002324486655071515
0.0023128371709883145
0.002301187686905114
0.0022895382028219127
0.0022778887187387123
0.002266239234655512
0.002254589750572311
0.002243295049772784
0.002232203082278213
0.002221111114783644
0.0022100191472890734
0.002198927179794503
0.002187835212299932
0.0021767432448053614
0.002165651277310791
0.0021545593098162203
0.0021434673423216494
0.0021326641890855274
0.0021221017143981122
0.002111539239710697
0.0021009767650232818
0.002090414290335867
0.0020798518156484513
0.0020692893409610365
0.002058726866273621
0.002048164391586206
0.002037601916898791
0.0020272741809542463
0.0020172281315011457
0.002007182082048046
0.0019971360325949468
0.0019870899831418466
0.0019770439336887465
0.0019669978842356464
0.001956951834782546
0.001946905785329446
0.001936859735876346
0.0019269835874167317
0.0019174047656957177
0.0019078259439747035
0.0018982471222536896
0.0018886683005326756
0.0018790894788116613
0.0018695106570906473
0.0018599318353696335
0.0018503530136486195
0.0018407741919276054
0.001831320398062902
0.001822200011815029
0.0018130796255671556
0.0018039592393192822
0.0017948388530714089
0.0017857184668235364
0.001776598080575663
0.0017674776943277896
0.0017583573080799163
0.001749236921832043
0.0017401959671191278
0.0017315124543135238
0.0017228289415079203
0.0017141454287023165
0.0017054619158967128
0.001696778403091109
0.0016880948902855055
0.0016794113774799015
0.001670727864674298
0.0016620443518686942
0.001653398758774935
0.001645132362799621
0.0016368659668243072
0.0016285995708489932
0.0016203331748736792
0.0016120667788983654
0.0016038003829230516
0.0015955339869477383
0.0015872675909724243
0.0015790011949971105
0.0015707347990217965
0.0015628666758761183
0.0015549985527304401
0.0015471304295847617
0.0015392623064390838
0.0015313941832934054
0.0015235260601477272
0.001515657937002049
0.0015077898138563708
0.0014999216907106926
0.0014920535675650142
0.0014845308394578188
0.001477042650854471
0.0014695544622511237
0.001462066273647776
0.0014545780850444287
0.001447089896441081
0.0014396017078377337
0.0014321135192343864
0.0014246253306310396
0.0014171371420276919
0.0014099459797145655
0.0014028208232437105
0.0013956956667728554
0.0013885705103020005
0.0013814453538311456
0.0013743201973602905
0.0013671950408894354
0.0013600698844185805
0.0013529447279477253
0.0013458195714768704
0.0013389465653942912
0.001332168115707316
0.0013253896660203406
0.001318611216333365
0.0013118327666463896
0.001305054316959414
0.0012982758672724388
0.0012914974175854631
0.001284718967898488
0.001277940518211513
0.0012713687192061455
0.0012649150063045538
0.001258461293402962
0.0012520075805013706
0.0012455538675997789
0.0012391001546981873
0.0012326464417965956
0.001226192728895004
0.0012197390159934124
0.0012132853030918207
0.0012070079067545403
0.0012008774408875191
0.0011947469750204982
0.001188616509153477
0.001182486043286456
0.0011763555774194348
0.0011702251115524136
0.0011640946456853926
0.0011579641798183716
0.0011518337139513504
0.0011458403847419373
0.0011400116195216543
0.0011341828543013706
0.001128354089081087
0.0011225253238608033
0.0011166965586405196
0.0011108677934202362
0.0011050390281999525
0.001099210262979669
0.0010933814977593854
0.0010876574521475808
0.0010821166658506146
0.0010765758795536482
0.001071035093256682
0.0010654943069597156
0.0010599535206627492
0.001054412734365783
0.0010488719480688169
0.0010433311617718505
0.0010377903754748843
0.00103232463616011
0.0010270590221311815
0.0010217934081022532
0.001016527794073325
0.0010112621800443965
0.0010059965660154679
0.0010007309519865395
0.0009954653379576107
0.0009901997239286824
0.0009849341098997538
0.0009797162386155048
0.0009747132096823141
0.0009697101807491233
0.0009647071518159324
0.0009597041228827418
0.0009547010939495509
0.0009496980650163601
0.0009446950360831693
0.0009396920071499785
0.0009346889782167877
0.0009297086910248868
0.0009249558212458848
0.0009202029514668827
0.0009154500816878806
0.000910697211908879
0.0009059443421298769
0.0009011914723508749
0.0008964386025718728
0.0008916857327928708
0.0008869328630138687
0.0008821799932348666
0.0008776661527289399
0.0008731523122230129
0.0008686384717170861
0.0008641246312111593
0.0008596107907052326
0.0008550969501993056
0.000850583109693379
0.000846069269187452
0.0008415554286815252
0.0008370415881755985
0.0008327349683705149
0.0008284490706355156
0.0008241631729005165
0.0008198772751655173
0.0008155913774305181
0.0008113054796955192
0.0008070195819605201
0.0008027336842255209
0.0007984477864905217
0.0007941618887555221
0.0007900534855877048
0.000785984525657039
0.0007819155657263733
0.0007778466057957074
0.0007737776458650418
0.000769708685934376
0.000765639726003711
0.0007615707660730452
0.0007575018061423795
0.0007534328462117137
0.0007495144682138665
0.0007456525584408265
0.0007417906486677865
0.0007379287388947465
0.0007340668291217063
0.0007302049193486662
0.0007263430095756263
0.0007224810998025862
0.0007186191900295461
0.0007147572802565059
0.0007110208117034506
0.0007073560238475291
0.0007036912359916075
0.0007000264481356862
0.0006963616602797647
0.0006926968724238433
0.0006890320845679218
0.0006853672967120003
0.0006817025088560788
0.0006780377210001574
0.0006744707767993011
0.000670985368977666
0.0006674999611560306
0.0006640145533343955
0.0006605291455127603
0.0006570437376911251
0.0006535583298694898
0.0006500729220478546
0.0006465875142262193
0.0006431021064045843
0.0006397022841818207
0.0006364051646777033
0.000633108045173586
0.0006298109256694684
0.000626513806165351
0.0006232166866612337
0.0006199195671571162
0.0006166224476529989
0.0006133253281488815
0.0006100282086447646
0.0006067928849041635
0.0006036657037497158
0.0006005385225952681
0.0005974113414408206
0.000594284160286373
0.0005911569791319253
0.0005880297979774776
0.0005849026168230299
0.0005817754356685824
0.0005786482545141347
0.0005755651778723446
0.0005725997132643081
0.0005696342486562716
0.0005666687840482351
0.0005637033194401986
0.000560737854832162
0.0005577723902241256
0.000554806925616089
0.0005518414610080526
0.000548875996400016
0.0005459384899466971
0.0005431267951896072
0.0005403151004325172
0.0005375034056754273
0.0005346917109183374
0.0005318800161612475
0.0005290683214041576
0.0005262566266470677
0.0005234449318899777
0.0005206332371328878
0.0005178348413905295
0.0005151694357954866
0.0005125040302004438
0.000509838624605401
0.0005071732190103581
0.0005045078134153153
0.0005018424078202725
0.0004991770022252297
0.0004965115966301868
0.000493846191035144
0.0004911807854401012
0.0004886543179433386
0.00048612785044657594
0.00048360138294981374
0.0004810749154530511
0.00047854844795628846
0.0004760219804595258
0.00047349551296276324
0.00047096904546600055
0.0004684425779692379
0.00046591611047247533
0.000463509768004054
0.00046111543803846683
0.0004587211080728797
0.0004563267781072925
0.0004539324481417053
0.0004515381181761181
0.00044914378821053096
0.00044674945824494386
0.00044435512827935666
0.0004419607983137695
0.00043966907103343923
0.00043740014434983277
0.00043513121766622625
0.00043286229098261973
0.0004305933642990132
0.00042832443761540675
0.00042605551093180023
0.00042378658424819377
0.00042151765756458725
0.00041924873088098073
0.0004170664697259899
0.00041491670814422976
0.0004127669465624698
0.00041061718498070973
0.0004084674233989497
0.0004063176618171896
0.0004041679002354296
0.00040201813865366946
0.0003998683770719095
0.00039771861549014944
0.0003956407373854926
0.00039360393555346626
0.00039156713372143995
0.00038953033188941354
0.0003874935300573872
0.00038545672822536115
0.00038341992639333484
0.00038138312456130843
0.00037934632272928207
0.0003773095208972557
0.0003753312752205182
0.00037340182633985476
0.00037147237745919126
0.0003695429285785278
0.00036761347969786436
0.0003656840308172009
0.00036375458193653747
0.000361825133055874
0.0003598956841752105
0.0003579662352945471
0.0003560830472643537
0.00035425537225472465
0.00035242769724509553
0.0003506000222354664
0.0003487723472258373
0.00034694467221620817
0.00034511699720657905
0.00034328932219695
0.0003414616471873208
0.0003396339721776917
0.0003378413973548889
0.00033611024785903227
0.0003343790983631756
0.0003326479488673189
0.00033091679937146225
0.00032918564987560555
0.00032745450037974895
0.00032572335088389224
0.0003239922013880356
0.0003222610518921789
0.0003205548600610105
0.00031891522200234415
0.0003172755839436778
0.00031563594588501147
0.0003139963078263451
0.0003123566697676788
0.00031071703170901244
0.00030907739365034615
0.0003074377555916798
0.00030579811753301373
0.00030417424634420913
0.000302621326069782
0.00030106840579535493
0.0002995154855209278
0.00029796256524650073
0.00029640964497207366
0.00029485672469764653
0.00029330380442321946
0.0002917508841487924
0.00029019796387436526
0.000288652524466264
0.00028718189372142094
0.00028571126297657787
0.0002842406322317348
0.0002827700014868918
0.00028129937074204865
0.00027982873999720563
0.00027835810925236256
0.0002768874785075195
0.0002754168477626764
0.00027394621701783335
