0.28690577428706854
0.3343679498799975
0.3818301254729264
0.4292923010658555
0.47675447665878434
0.5242166522517133
0.5716788278446421
0.6191410034375712
0.6666031790305
0.714065354623429
0.7615275302163579
0.8100689332472204
0.858718259021876
0.9073675847965317
0.9560169105711875
1.0046662363458432
1.0533155621204988
1.1019648878951545
1.1506142136698103
1.1992635394444662
1.2479128652191216
1.289986924103156
1.3305998125670517
1.3712127010309478
1.4118255894948435
1.4524384779587396
1.4930513664226355
1.5336642548865314
1.5742771433504272
1.6148900318143231
1.655502920278219
1.6881736860151966
1.7178661557295798
1.7475586254439626
1.7772510951583458
1.8069435648727288
1.8366360345871118
1.866328504301495
1.8960209740158778
1.925713443730261
1.9554059134446442
1.978360473659394
1.9974647998743542
2.0165691260893137
2.0356734523042737
2.0547777785192336
2.0738821047341935
2.0929864309491535
2.1120907571641134
2.1311950833790734
2.150299409594033
2.1645007224648474
2.1746161908822077
2.1847316592995676
2.1948471277169275
2.2049625961342874
2.2150780645516472
2.225193532969007
2.2353090013863675
2.2454244698037273
2.2555399382210872
2.2624434859356923
2.265492728806993
2.2685419716782933
2.2715912145495936
2.274640457420894
2.2776897002921936
2.2807389431634943
2.2837881860347946
2.286837428906095
2.289886671777395
2.291013006806656
2.2887742531123476
2.2865354994180396
2.2842967457237315
2.2820579920294235
2.279819238335115
2.277580484640807
2.2753417309464985
2.2731029772521905
2.2708642235578824
2.2675920462159924
2.2615640724805517
2.255536098745111
2.2495081250096702
2.2434801512742295
2.2374521775387883
2.2314242038033476
2.225396230067907
2.2193682563324657
2.213340282597025
2.20683965676147
2.1982120964754004
2.1895845361893307
2.180956975903261
2.172329415617191
2.1637018553311216
2.155074295045052
2.146446734758982
2.1378191744729125
2.1291916141868428
2.1204120829016215
2.110112841624885
2.0998136003481473
2.0895143590714103
2.079215117794673
2.068915876517936
2.058616635241199
2.048317393964462
2.038018152687725
2.0277189114109877
2.0174196701342506
2.006067282882788
1.9947148956313259
1.9833625083798632
1.9720101211284007
1.9606577338769382
1.9493053466254757
1.9379529593740132
1.9266005721225505
1.915248184871088
1.9038957976196256
1.8921253065854509
1.8803130051730055
1.86850070376056
1.856688402348114
1.8448761009356685
1.8330637995232226
1.8212514981107772
1.8094391966983312
1.7976268952858856
1.78581459387344
1.7739290833961017
1.762027304237676
1.750125525079251
1.7382237459208256
1.7263219667623997
1.7144201876039742
1.7025184084455487
1.6906166292871236
1.678714850128698
1.6668130709702724
1.655028898565272
1.6432888286928056
1.6315487588203395
1.6198086889478733
1.6080686190754072
1.5963285492029409
1.5845884793304745
1.5728484094580082
1.5611083395855423
1.5493682697130762
1.5378458599093878
1.526447827287858
1.5150497946663286
1.5036517620447993
1.4922537294232698
1.4808556968017403
1.4694576641802108
1.4580596315586813
1.4466615989371518
1.4352635663156226
1.4241150094705421
1.4131743491058355
1.4022336887411293
1.3912930283764227
1.3803523680117165
1.3694117076470103
1.3584710472823036
1.3475303869175974
1.3365897265528908
1.3256490661881843
1.3149639524365704
1.304585494620667
1.2942070368047636
1.2838285789888602
1.2734501211729568
1.2630716633570536
1.2526932055411502
1.2423147477252465
1.2319362899093433
1.2215578320934397
1.2113970055575118
1.2016170337615406
1.1918370619655696
1.1820570901695984
1.1722771183736271
1.162497146577656
1.152717174781685
1.1429372029857139
1.1331572311897424
1.1233772593937716
1.1137667086174208
1.1046079472267238
1.0954491858360271
1.0862904244453304
1.0771316630546333
1.0679729016639365
1.0588141402732398
1.049655378882543
1.0404966174918462
1.0313378561011497
1.02229281075023
1.0137594875783078
1.0052261644063853
0.9966928412344633
0.9881595180625409
0.9796261948906186
0.9710928717186964
0.962559548546774
0.9540262253748517
0.9454929022029295
0.9370156014657858
0.9290985250764237
0.9211814486870615
0.9132643722976996
0.9053472959083376
0.8974302195189755
0.8895131431296134
0.8815960667402514
0.8736789903508893
0.8657619139615272
0.8578448375721652
0.8505253328511445
0.8432058281301236
0.8358863234091024
0.8285668186880815
0.8212473139670604
0.8139278092460394
0.8066083045250184
0.7992887998039975
0.7919692950829763
0.7846497903619554
0.7778507120069452
0.7711036762885363
0.7643566405701272
0.7576096048517179
0.7508625691333087
0.7441155334148996
0.7373684976964904
0.7306214619780813
0.723874426259672
0.7171273905412628
0.710824719992053
0.7046207972582208
0.6984168745243889
0.6922129517905566
0.6860090290567243
0.6798051063228921
0.6736011835890598
0.6673972608552277
0.6611933381213954
0.6549894153875632
0.6491573678755009
0.6434647735716021
0.6377721792677036
0.6320795849638051
0.6263869906599066
0.6206943963560079
0.6150018020521093
0.6093092077482106
0.6036166134443121
0.5979240191404134
0.5925444121603937
0.5873436550797331
0.5821428979990726
0.5769421409184122
0.5717413838377519
0.5665406267570914
0.561339869676431
0.5561391125957705
0.5509383555151101
0.5457375984344496
0.5407715673948942
0.5360011413895929
0.5312307153842917
0.5264602893789904
0.5216898633736894
0.5169194373683881
0.5121490113630869
0.5073785853577857
0.5026081593524844
0.4978377333471832
0.4932580898697683
0.4889073854258172
0.484556680981866
0.48020597653791486
0.4758552720939638
0.4715045676500128
0.46715386320606167
0.46280315876211053
0.4584524543181594
0.45410174987420826
0.44988684968746623
0.4459096069508401
0.441932364214214
0.43795512147758797
0.43397787874096183
0.4300006360043357
0.42602339326770977
0.42204615053108374
0.4180689077944576
0.41409166505783146
0.41021020071356135
0.40658414541557375
0.4029580901175862
0.3993320348195986
0.395705979521611
0.3920799242236235
0.3884538689256359
0.3848278136276485
0.3812017583296609
0.37757570303167326
0.3740082470815168
0.3707044881966
0.3674007293116832
0.3640969704267665
0.36079321154184973
0.357489452656933
0.35418569377201625
0.35088193488709946
0.3475781760021829
0.34427441711726614
0.34099751727759
0.33798920789032044
0.3349808985030509
0.3319725891157813
0.32896427972851183
0.32595597034124224
0.3229476609539727
0.31993935156670317
0.31693104217943363
0.3139227327921642
0.31091442340489467
0.308176373589197
0.3054383237734993
0.3027002739578015
0.29996222414210383
0.29722417432640613
0.29448612451070844
0.29174807469501074
0.28901002487931304
0.2862719750636153
0.2835339252479177
0.28102024612403426
0.2785290040693323
0.27603776201463026
0.2735465199599283
0.2710552779052262
0.26856403585052424
0.26607279379582227
0.26358155174112025
0.2610903096864182
0.2585990676317163
0.2562947116113224
0.25403188582077474
0.25176906003022703
0.24950623423967933
0.24724340844913165
0.24498058265858394
0.24271775686803626
0.24045493107748855
0.2381921052869409
0.2359292794963932
0.2338130471236493
0.23175178728258178
0.22969052744151422
0.22762926760044666
0.22556800775937907
0.22350674791831154
0.22144548807724398
0.2193842282361764
0.21732296839510887
0.2152617085540413
0.21331928850751913
0.21144477691502298
0.2095702653225267
0.20769575373003052
0.20582124213753428
0.20394673054503804
0.2020722189525418
0.20019770736004555
0.1983231957675493
0.1964486841750531
0.19466684663332914
0.19296223746724883
0.19125762830116855
0.1895530191350882
0.18784840996900787
0.18614380080292753
0.1844391916368472
0.18273458247076688
0.18102997330468654
0.1793253641386062
0.1776929238307993
0.17614708615292057
0.17460124847504188
0.17305541079716313
0.17150957311928444
0.1699637354414057
0.16841789776352697
0.16687206008564825
0.16532622240776967
0.16378038472989095
0.16228366861943008
0.1608729152519504
0.15946216188447074
0.15805140851699112
0.15664065514951145
0.15522990178203178
0.15381914841455213
0.15240839504707246
0.15099764167959281
0.14958688831211314
0.14821095136823265
0.14692785822061658
0.14564476507300053
0.14436167192538446
0.1430785787777684
0.14179548563015232
0.14051239248253627
0.1392292993349202
0.13794620618730413
0.1366631130396881
0.13540109468612796
0.13423391290581901
0.13306673112551007
0.13189954934520115
0.1307323675648922
0.12956518578458326
0.1283980040042743
0.12723082222396537
0.12606364044365642
0.1248964586633475
0.12373904094269327
0.12267926381858621
0.12161948669447911
0.12055970957037204
0.11949993244626497
0.11844015532215788
0.1173803781980508
0.11632060107394374
0.11526082394983665
0.11420104682572958
0.1131412697016225
0.11217448557682835
0.1112077014520343
0.11024091732724016
0.10927413320244603
0.10830734907765188
0.10734056495285774
0.10637378082806359
0.10540699670326946
0.10444021257847531
0.10347342845368118
0.10258556483088525
0.10170559325828915
0.10082562168569306
0.09994565011309697
0.09906567854050086
0.09818570696790477
0.09730573539530867
0.09642576382271258
0.09554579225011647
0.09466582067752037
0.09385027476534624
0.0930490456665992
0.09224781656785223
0.09144658746910521
0.09064535837035817
0.08984412927161113
0.08904290017286409
0.08824167107411705
0.08744044197537003
0.08663921287662299
0.0858900393139982
0.08516038657741927
0.08443073384084032
0.08370108110426139
0.08297142836768245
0.0822417756311035
0.08151212289452457
0.08078247015794564
0.08005281742136669
0.07932316468478776
0.07863477366869091
0.07796996077858381
0.0773051478884767
0.07664033499836961
0.07597552210826258
0.07531070921815548
0.07464589632804838
0.0739810834379413
0.07331627054783418
0.0726514576577271
0.07201885204138775
0.07141308581985487
0.07080731959832197
0.07020155337678909
0.0695957871552562
0.0689900209337233
0.06838425471219042
0.06777848849065754
0.06717272226912464
0.06656695604759176
0.06598551983973401
0.06543327964828641
0.0648810394568388
0.0643287992653912
0.06377655907394361
0.06322431888249601
0.06267207869104846
0.06211983849960086
0.06156759830815326
0.06101535811670566
0.06048077728260986
0.0599771003238797
0.05947342336514953
0.05896974640641938
0.05846606944768922
0.05796239248895907
0.0574587155302289
0.05695503857149875
0.056451361612768584
0.05594768465403843
0.05545610684116574
0.05499679341724628
0.05453747999332683
0.05407816656940737
0.05361885314548792
0.05315953972156846
0.05270022629764901
0.05224091287372956
0.051781599449810145
0.051322286025890694
0.05087025136328012
0.05045097112655947
0.05003169088983882
0.04961241065311818
0.04919313041639753
0.04877385017967689
0.048354569942956255
0.04793528970623561
0.047516009469514967
0.047096729232794315
0.04668075960184396
0.04629789602859642
0.04591503245534889
0.04553216888210136
0.04514930530885383
0.044766441735606295
0.04438357816235876
0.04400071458911123
0.0436178510158637
0.043234987442616196
0.042852123869368666
0.04250257249165627
0.04215302111394386
0.041803469736231454
0.041453918358519054
0.04110436698080665
0.04075481560309424
0.04040526422538184
0.040055712847669435
0.03970616146995703
0.03935661009224463
0.03903450475922305
0.03871514403067054
0.03839578330211804
0.03807642257356554
0.03775706184501303
0.03743770111646054
0.03711834038790803
0.03679897965935553
0.03647961893080303
0.03616025820225052
0.0358632868296364
0.03557129086945299
0.03527929490926957
0.03498729894908617
0.03469530298890276
0.03440330702871935
0.03411131106853594
0.033819315108352524
0.033527319148169116
0.03323532318798571
0.032961630432376945
0.03269480137848369
0.03242797232459043
0.03216114327069717
0.031894314216803915
0.031627485162910654
0.03136065610901739
0.031093827055124135
0.030826998001230878
0.030560168947337617
0.030307798378131436
0.03006368980017501
0.02981958122221861
0.029575472644262187
0.029331364066305765
0.029087255488349346
0.02884314691039292
0.028599038332436495
0.028354929754480073
0.02811082117652365
0.02787802029005004
0.027654642479812107
0.02743126466957417
0.027207886859336238
0.026984509049098306
0.02676113123886037
0.026537753428622433
0.026314375618384497
0.026090997808146565
0.02586761999790863
0.025652971100183254
0.025448796897472946
0.025244622694762638
0.02504044849205235
0.024836274289342042
0.024632100086631734
0.024427925883921425
0.024223751681211117
0.024019577478500816
0.023815403275790507
0.023617377531336525
0.02343011158883112
0.023242845646325713
0.02305557970382031
0.0228683137613149
0.022681047818809495
0.02249378187630409
0.022306515933798683
0.022119249991293277
0.021931984048787875
0.02174899924829311
0.0215774308264934
0.021405862404693686
0.021234293982893976
0.021062725561094266
0.02089115713929457
0.02071958871749486
0.020548020295695146
0.020376451873895435
0.020204883452095725
0.020035915850329905
0.01987865193871659
0.01972138802710328
0.019564124115489967
0.019406860203876657
0.019249596292263346
0.019092332380650036
0.018935068469036722
0.01877780455742341
0.018620540645810098
0.018464484686731782
0.018320508253003423
0.018176531819275064
0.018032555385546704
0.01788857895181834
0.017744602518089986
0.017600626084361626
0.017456649650633278
0.01731267321690492
0.01716869678317656
0.0170247203494482
0.016892494194551994
0.016760268039655784
0.016628041884759578
0.016495815729863368
0.016363589574967162
0.016231363420070952
0.016099137265174743
0.015966911110278537
0.015834684955382327
0.01570245880048612
0.015580151328969987
0.015458835725791861
0.015337520122613735
0.01521620451943561
0.015094888916257484
0.014973573313079358
0.014852257709901232
0.014730942106723105
0.014609626503544991
0.014488310900366863
0.014375141126362114
0.014263781536618116
0.014152421946874116
0.014041062357130117
0.013929702767386119
0.01381834317764212
0.013706983587898118
0.013595623998154121
0.013484264408410121
0.013372904818666122
0.013268160844674987
0.013165897726591177
0.013063634608507367
0.012961371490423559
0.012859108372339747
0.012756845254255939
0.012654582136172127
0.012552319018088318
0.012450055900004508
0.012347792781920709
0.012250657182737008
0.01215645159435337
0.012062246005969732
0.011968040417586093
0.011873834829202456
0.01177962924081882
0.011685423652435183
0.011591218064051544
0.011497012475667907
0.011402806887284268
0.011312939329884104
0.0112266867983035
0.011140434266722891
0.011054181735142287
0.010967929203561683
0.010881676671981077
0.01079542414040047
0.010709171608819866
0.01062291907723926
0.010536666545658654
0.01045357766425137
0.010374285163052077
0.010294992661852779
0.010215700160653478
0.010136407659454179
0.01005711515825488
0.00997782265705558
0.009898530155856282
0.009819237654656983
0.009739945153457682
0.009662964324015786
0.009590028920149343
0.0095170935162829
0.00944415811241646
0.009371222708550016
0.009298287304683572
0.009225351900817132
0.009152416496950689
0.009079481093084247
0.009006545689217806
0.008935207575570219
0.008868128902506253
0.008801050229442286
0.008733971556378325
0.008666892883314362
0.008599814210250394
0.008532735537186427
0.008465656864122461
0.008398578191058496
0.00833149951799453
0.008265392497649966
0.008203657914542726
0.008141923331435486
0.008080188748328242
0.008018454165221003
0.007956719582113761
0.00789498499900652
0.007833250415899278
0.007771515832792037
0.007709781249684796
0.0076484909458147884
0.007591643434317116
0.007534795922819442
0.007477948411321769
0.007421100899824101
0.007364253388326428
0.007307405876828754
0.00725055836533108
0.0071937108538334075
0.007136863342335735
0.007080015830838061
0.0070276569789475135
0.006975298127056967
0.006922939275166419
0.006870580423275872
0.0068182215713853255
0.006765862719494777
0.006713503867604231
0.006661145015713682
0.006608786163823136
0.006556427311932588
0.006507830570893224
0.006459610040938979
0.006411389510984734
0.006363168981030488
0.006314948451076241
0.006266727921122001
0.006218507391167756
0.00617028686121351
0.006122066331259265
0.006073845801305015
0.006028716176580119
0.00598427341968397
0.0059398306627878195
0.00589538790589167
0.00585094514899552
0.00580650239209937
0.005762059635203227
0.005717616878307077
0.005673174121410927
0.005628731364514777
0.005586798518417829
0.005545806888870582
0.005504815259323335
0.005463823629776087
0.00542283200022884
0.005381840370681592
0.005340848741134345
0.005299857111587098
0.0052588654820398505
0.005217873852492604
0.005178921433223823
0.005141134276971309
0.005103347120718795
0.00506555996446628
0.0050277728082137665
0.004989985651961252
0.004952198495708738
0.004914411339456224
0.0048766241832037096
0.004838837026951196
0.004802419155911329
0.004767142355882
0.00473186555585267
0.004696588755823342
0.004661311955794013
0.004626035155764685
0.004590758355735356
0.0045554815557060264
0.004520204755676698
0.004484927955647369
0.004451079114994465
0.004418943825593269
0.004386808536192074
0.004354673246790879
0.0043225379573896845
0.004290402667988489
0.004258267378587294
0.004226132089186098
0.004193996799784903
0.004161861510383714
0.004130625501891949
0.004100963234991686
0.004071300968091423
0.004041638701191161
0.004011976434290899
0.003982314167390636
0.003952651900490374
0.003922989633590111
0.003893327366689849
0.003863665099789586
0.0038346202055117924
0.0038072216382272505
0.003779823070942709
0.003752424503658167
0.0037250259363736248
0.003697627369089083
0.003670228801804541
0.0036428302345199986
0.0036154316672354567
0.0035880330999509148
0.003561012987028115
0.0035356959187331574
0.0035103788504381992
0.003485061782143241
0.0034597447138482837
0.0034344276455533255
0.0034091105772583678
0.0033837935089634096
0.0033584764406684514
0.0033331593723734936
0.003308016302932118
0.0032846132220265708
0.0032612101411210234
0.003237807060215476
0.0032144039793099276
0.0031910008984043807
0.003167597817498833
0.003144194736593285
0.003120791655687738
0.0030973885747821906
0.0030739854938766427
0.0030523512945492457
0.0030307170952218487
0.0030090828958944547
0.0029874486965670586
0.0029658144972396607
0.0029441802979122637
0.0029225460985848667
0.0029009118992574696
0.002879277699930072
0.002857643500602675
0.002837486570313109
0.0028174773669273263
0.0027974681635415427
0.0027774589601557605
0.002757449756769977
0.002737440553384194
0.0027174313499984115
0.002697422146612628
0.0026774129432268453
0.002657403739841062
0.0026385919242553676
0.00262004619484747
0.0026015004654395724
0.002582954736031675
0.002564409006623777
0.0025458632772158794
0.0025273175478079815
0.002508771818400084
0.0024902260889921863
0.002471680359584289
0.002454163091918143
0.002437031497405153
0.0024198999028921635
0.002402768308379174
0.002385636713866185
0.0023685051193531956
0.002351373524840206
0.0023342419303272162
0.002317110335814227
0.0022999787413012377
0.0022836545480823846
0.0022677917270316097
0.002251928905980835
0.0022360660849300596
0.002220203263879285
0.002204340442828513
0.002188477621777738
0.0021726148007269633
0.0021567519796761884
0.0021408891586254136
0.00212566501934755
0.0021109731148804467
0.0020962812104133428
0.0020815893059462393
0.002066897401479136
0.0020522054970120327
0.0020375135925449293
0.002022821688077826
0.0020081297836107223
0.001993437879143619
0.0019792376412161136
0.0019656274031361275
0.0019520171650561412
0.0019384069269761548
0.0019247966888961687
0.0019111864508161824
0.001897576212736196
0.00188396597465621
0.0018703557365762236
0.0018567454984962373
0.0018434972923679883
0.0018308826421552789
0.00181826799194257
0.001805653341729861
0.0017930386915171515
0.0017804240413044426
0.0017678093910917336
0.0017551947408790242
0.001742580090666315
0.001729965440453606
0.0017175959029288323
0.001705879999238553
0.001694164095548274
0.0016824481918579948
0.0016707322881677155
0.0016590163844774361
0.001647300480787157
0.001635584577096878
0.0016238686734065988
0.0016121527697163214
0.0016005925811094677
0.0015897331103780288
0.00157887363964659
0.0015680141689151514
0.0015571546981837125
0.0015462952274522734
0.0015354357567208348
0.001524576285989396
0.0015137168152579569
0.001502857344526518
0.0014920698650155502
0.0014820022977092965
0.0014719347304030426
0.0014618671630967884
0.0014517995957905347
0.0014417320284842807
0.0014316644611780268
0.0014215968938717728
0.001411529326565519
0.001401461759259265
0.001391394191953011
