1.5625768189920768
1.5837291280645407
1.6048814371370042
1.6260337462094678
1.6471860552819313
1.668338364354395
1.6894906734268584
1.7106429824993221
1.7317952915717858
1.7529476006442495
1.7740999097167132
1.7962516305726703
1.8185032926069766
1.840754954641283
1.8630066166755892
1.885258278709896
1.9075099407442022
1.9297616027785085
1.952013264812815
1.9742649268471213
1.9965165888814276
2.014789741417061
2.032178780730767
2.0495678200444734
2.066956859358179
2.0843458986718852
2.1017349379855914
2.119123977299297
2.1365130166130033
2.1539020559267095
2.171291095240415
2.183755148226426
2.194372331339551
2.2049895144526754
2.2156066975658004
2.226223880678925
2.23684106379205
2.2474582469051745
2.258075430018299
2.268692613131424
2.2793097962445485
2.285759542672818
2.289827896709741
2.293896250746664
2.297964604783587
2.3020329588205106
2.3061013128574337
2.3101696668943568
2.31423802093128
2.318306374968203
2.322374729005126
2.323472267707782
2.322094126965215
2.320715986222648
2.3193378454800806
2.317959704737514
2.316581563994946
2.3152034232523793
2.3138252825098125
2.312447141767245
2.311069001024678
2.3078108493716294
2.3022966846260045
2.2967825198803786
2.2912683551347532
2.285754190389128
2.2802400256435025
2.2747258608978767
2.2692116961522513
2.263697531406626
2.258183366661
2.2516049901391195
2.243164243008793
2.234723495878466
2.2262827487481394
2.217842001617813
2.209401254487486
2.200960507357159
2.1925197602268325
2.1840790130965058
2.1756382659661786
2.166671104072884
2.156300169478341
2.1459292348837984
2.1355583002892558
2.1251873656947127
2.11481643110017
2.104445496505627
2.0940745619110843
2.0837036273165417
2.0733326927219986
2.0627522957951867
2.051229318373164
2.039706340951142
2.028183363529119
2.0166603861070964
2.0051374086850737
1.9936144312630513
1.9820914538410286
1.970568476419006
1.9590454989969832
1.9474707219419676
1.9353779485570173
1.9232851751720668
1.9111924017871165
1.899099628402166
1.8870068550172157
1.8749140816322654
1.862821308247315
1.8507285348623645
1.838635761477414
1.8265429880924637
1.814251320805054
1.8019596535176436
1.7896679862302332
1.7773763189428229
1.7650846516554128
1.7527929843680028
1.7405013170805925
1.7282096497931823
1.715917982505772
1.7036263152183617
1.6914975971370831
1.6793851739764185
1.6672727508157532
1.655160327655088
1.6430479044944226
1.6309354813337575
1.6188230581730925
1.6067106350124274
1.5945982118517619
1.5824857886910968
1.5706904352720656
1.5589655417956196
1.547240648319174
1.5355157548427283
1.5237908613662823
1.5120659678898365
1.5003410744133907
1.488616180936945
1.476891287460499
1.4651663939840531
1.4538029929494423
1.4425751515805192
1.4313473102115966
1.4201194688426737
1.4088916274737509
1.397663786104828
1.386435944735905
1.375208103366982
1.3639802619980594
1.3527524206291368
1.3418952971305915
1.3312500124151192
1.3206047276996473
1.3099594429841754
1.2993141582687033
1.288668873553231
1.2780235888377591
1.2673783041222868
1.2567330194068147
1.246087734691343
1.235780116985669
1.2257538884548267
1.2157276599239848
1.2057014313931427
1.1956752028623008
1.1856489743314587
1.1756227458006168
1.1655965172697746
1.1555702887389325
1.1455440602080906
1.1358190045292995
1.1264553562729689
1.1170917080166383
1.1077280597603076
1.0983644115039772
1.0890007632476468
1.0796371149913164
1.0702734667349858
1.0609098184786552
1.0515461702223248
1.0424196540959494
1.0337081191969948
1.0249965842980402
1.0162850493990858
1.0075735145001312
0.9988619796011767
0.9901504447022225
0.9814389098032681
0.9727273749043133
0.9640158400053592
0.9554786866997249
0.9474065509762779
0.9393344152528309
0.9312622795293839
0.9231901438059367
0.9151180080824897
0.9070458723590427
0.8989737366355957
0.8909016009121487
0.8828294651887019
0.8748695653671809
0.8674147271043264
0.8599598888414721
0.8525050505786178
0.8450502123157634
0.8375953740529092
0.8301405357900549
0.8226856975272006
0.8152308592643462
0.8077760210014918
0.8003747282884521
0.7935088910735545
0.7866430538586568
0.7797772166437592
0.7729113794288616
0.7660455422139639
0.7591797049990663
0.7523138677841686
0.745448030569271
0.7385821933543734
0.7317163561394757
0.7254073824879722
0.7190984088364685
0.7127894351849645
0.7064804615334608
0.7001714878819569
0.6938625142304532
0.6875535405789495
0.6812445669274456
0.6749355932759418
0.668626619624438
0.6627928606224949
0.657006623085508
0.6512203855485208
0.6454341480115336
0.6396479104745465
0.6338616729375595
0.6280754354005723
0.6222891978635852
0.616502960326598
0.6107167227896109
0.6053295783291073
0.6000311212189333
0.5947326641087596
0.5894342069985856
0.5841357498884117
0.5788372927782377
0.5735388356680637
0.5682403785578898
0.5629419214477158
0.5576434643375419
0.5526744569273139
0.5478289931545657
0.5429835293818176
0.5381380656090695
0.5332926018363213
0.5284471380635731
0.5236016742908248
0.5187562105180766
0.5139107467453284
0.5090652829725802
0.5044950636850971
0.5000821269606226
0.49566919023614814
0.4912562535116737
0.4868433167871994
0.482430380062725
0.47801744333825047
0.473604506613776
0.46919156988930155
0.4647786331648271
0.4605682768741844
0.4565267376117348
0.45248519834928524
0.4484436590868357
0.44440211982438627
0.4403605805619367
0.4363190412994872
0.4322775020370376
0.428235962774588
0.4241944235121385
0.42031766573816015
0.41663864575034737
0.41295962576253453
0.4092806057747217
0.40560158578690897
0.40192256579909624
0.3982435458112835
0.3945645258234707
0.3908855058356579
0.38720648584784506
0.38364325761911083
0.38028266496876406
0.37692207231841734
0.37356147966807063
0.37020088701772386
0.36684029436737714
0.3634797017170306
0.3601191090666839
0.3567585164163371
0.35339792376599033
0.3501188357728974
0.3470570935324811
0.3439953512920648
0.3409336090516485
0.33787186681123216
0.33481012457081594
0.3317483823303996
0.3286866400899835
0.3256248978495671
0.3225631556091509
0.3195510791583768
0.3167624987609929
0.31397391836360905
0.31118533796622516
0.3083967575688412
0.3056081771714574
0.3028195967740735
0.3000310163766896
0.29724243597930583
0.29445385558192194
0.29168795576905887
0.28914886180140364
0.2866097678337484
0.2840706738660932
0.281531579898438
0.2789924859307828
0.27645339196312757
0.2739142979954724
0.2713752040278172
0.2688361100601621
0.2662970160925069
0.2639854668603144
0.2616739176281219
0.25936236839592935
0.2570508191637369
0.2547392699315444
0.2524277206993519
0.25011617146715936
0.24780462223496685
0.24549307300277434
0.24318152377058194
0.24105847632167754
0.23895427905110195
0.23685008178052633
0.2347458845099507
0.23264168723937512
0.23053748996879952
0.22843329269822393
0.2263290954276483
0.22422489815707272
0.2221207008864972
0.22017368774198207
0.21826160440325815
0.21634952106453423
0.21443743772581028
0.21252535438708636
0.21061327104836242
0.2087011877096385
0.20678910437091458
0.20487702103219066
0.20296493769346674
0.2011752335345067
0.19943142156795804
0.19768760960140935
0.19594379763486064
0.19419998566831198
0.19245617370176327
0.1907123617352146
0.18896854976866592
0.18722473780211724
0.18548092583556855
0.183836600354262
0.18224912429309387
0.18066164823192563
0.17907417217075744
0.17748669610958923
0.175899220048421
0.17431174398725283
0.1727242679260846
0.1711367918649164
0.1695493158037482
0.1680393873618119
0.16659408193590225
0.16514877650999263
0.16370347108408295
0.1622581656581733
0.16081286023226363
0.15936755480635395
0.15792224938044427
0.1564769439545346
0.15503163852862495
0.15364703849369743
0.15233528492794854
0.15102353136219965
0.14971177779645073
0.14840002423070187
0.14708827066495295
0.14577651709920406
0.14446476353345516
0.14315300996770638
0.1418412564019575
0.14057030095117073
0.13937074220156775
0.13817118345196475
0.13697162470236177
0.13577206595275876
0.13457250720315578
0.13337294845355277
0.1321733897039498
0.13097383095434678
0.1297742722047438
0.12860387081162283
0.12751122236912063
0.12641857392661845
0.12532592548411625
0.12423327704161406
0.12314062859911187
0.12204798015660967
0.12095533171410748
0.11986268327160528
0.11877003482910309
0.11769504602226852
0.11669952557593768
0.11570400512960687
0.11470848468327605
0.1137129642369452
0.11271744379061438
0.11172192334428356
0.11072640289795274
0.10973088245162191
0.10873536200529108
0.10774806269980514
0.10684297480276794
0.10593788690573075
0.10503279900869357
0.10412771111165639
0.1032226232146192
0.102317535317582
0.10141244742054481
0.10050735952350763
0.09960227162647044
0.09869718372943326
0.09786976331307079
0.09704234289670839
0.09621492248034592
0.09538750206398346
0.09456008164762097
0.09373266123125851
0.09290524081489604
0.09207782039853356
0.09125039998217109
0.09042297956580862
0.08966192248347761
0.08890750173454973
0.08815308098562186
0.08739866023669399
0.0866442394877661
0.08588981873883823
0.08513539798991035
0.08438097724098248
0.08362655649205461
0.08287213574312673
0.08217193234730594
0.08148377725217562
0.08079562215704536
0.08010746706191504
0.07941931196678471
0.07873115687165438
0.07804300177652407
0.07735484668139375
0.07666669158626342
0.0759785364911331
0.07533427423352515
0.0747064717899881
0.07407866934645103
0.07345086690291397
0.07282306445937692
0.07219526201583987
0.0715674595723028
0.07093965712876574
0.07031185468522869
0.06968405224169164
0.06909107999652704
0.06851801072186099
0.06794494144719496
0.06737187217252891
0.06679880289786291
0.06622573362319686
0.06565266434853083
0.06507959507386478
0.06450652579919874
0.0639334565245327
0.06338762257068113
0.0628644847175083
0.06234134686433549
0.061818209011162674
0.06129507115798986
0.06077193330481703
0.060248795451644216
0.05972565759847139
0.059202519745298575
0.05867938189212575
0.05817685919286594
0.05769907467830175
0.05722129016373756
0.05674350564917337
0.05626572113460916
0.05578793662004497
0.05531015210548082
0.05483236759091663
0.054354583076352436
0.05387679856178824
0.0534139892501759
0.052977386543729334
0.05254078383728275
0.05210418113083619
0.05166757842438961
0.051230975717943036
0.05079437301149646
0.050357770305049884
0.04992116759860332
0.049484564892156746
0.04905822886602962
0.0486592706540877
0.048260312442145785
0.04786135423020385
0.04746239601826194
0.04706343780632002
0.0466644795943781
0.04626552138243617
0.045866563170494284
0.04546760495855237
0.045074864399895505
0.044710103281021416
0.044345342162147326
0.04398058104327324
0.04361581992439915
0.043251058805525065
0.042886297686650976
0.04252153656777689
0.0421567754489028
0.04179201433002871
0.04143007578671965
0.041096362999060866
0.04076265021140209
0.0404289374237433
0.04009522463608452
0.03976151184842573
0.039427799060766947
0.03909408627310817
0.03876037348544938
0.03842666069779063
0.03809294791013185
0.03778772185907411
0.03748249580801637
0.03717726975695862
0.03687204370590088
0.03656681765484314
0.03626159160378539
0.03595636555272765
0.03565113950166991
0.03534591345061217
0.035040687399554425
0.03475896506032266
0.03447959309227348
0.034200221124224314
0.033920849156175145
0.03364147718812596
0.03336210522007679
0.033082733252027624
0.032803361283978455
0.03252398931592928
0.03224461734788011
0.03198444405323688
0.031728537130461615
0.03147263020768635
0.031216723284911086
0.030960816362135817
0.03070490943936055
0.030449002516585284
0.03019309559381002
0.029937188671034756
0.02968128174825949
0.02944109362309399
0.029206800047032168
0.028972506470970338
0.028738212894908507
0.02850391931884668
0.02826962574278485
0.02803533216672302
0.027801038590661194
0.027566745014599367
0.027332451438537537
0.027110640446643137
0.026895962359987275
0.02668128427333143
0.026466606186675568
0.026251928100019705
0.02603725001336384
0.025822571926707977
0.02560789384005211
0.02539321575339625
0.025178537666740386
0.024973620034738412
0.024776836114948006
0.024580052195157603
0.0243832682753672
0.024186484355576802
0.023989700435786396
0.023792916515995997
0.023596132596205594
0.02339934867641519
0.02320256475662479
0.023013347490797215
0.022833210209725025
0.022653072928652842
0.022472935647580673
0.022292798366508486
0.022112661085436303
0.02193252380436412
0.02175238652329193
0.021572249242219746
0.021392111961147563
0.021217278094287983
0.02105172520230046
0.02088617231031294
0.020720619418325426
0.020555066526337904
0.020389513634350383
0.020223960742362865
0.020058407850375343
0.019892854958387825
0.019727302066400308
0.019565467563345654
0.01941354876411199
0.019261629964878325
0.01910971116564466
0.018957792366410993
0.018805873567177344
0.018653954767943678
0.01850203596871001
0.01835011716947635
0.018198198370242682
0.018048540657352632
0.01790905783300884
0.017769575008665058
0.01763009218432127
0.017490609359977483
0.0173511265356337
0.01721164371128991
0.017072160886946124
0.016932678062602336
0.016793195238258552
0.0166547673867024
0.016526889263022596
0.016399011139342796
0.016271133015662992
0.01614325489198319
0.016015376768303387
0.015887498644623584
0.015759620520943794
0.015631742397263993
0.01550386427358419
0.015375986149904387
0.015258335680234884
0.01514068521056538
0.015023034740895874
0.01490538427122637
0.014787733801556867
0.014670083331887362
0.014552432862217858
0.014434782392548353
0.014317131922878848
0.014199481453209345
0.014090503867377802
0.013982393569930054
0.013874283272482309
0.01376617297503456
0.013658062677586812
0.013549952380139065
0.013441842082691318
0.013333731785243571
0.013225621487795833
0.013117511190348086
0.013016548785781233
0.01291717480185458
0.012817800817927926
0.012718426834001272
0.012619052850074619
0.012519678866147965
0.012420304882221312
0.012320930898294658
0.012221556914368005
0.012122182930441351
0.012028620239724307
0.011937236783960864
0.011845853328197422
0.01175446987243398
0.011663086416670536
0.011571702960907093
0.011480319505143652
0.011388936049380209
0.011297552593616767
0.011206169137853333
0.011119262378042434
0.011034913730204416
0.010950565082366397
0.01086621643452838
0.010781867786690361
0.010697519138852342
0.010613170491014325
0.010528821843176307
0.010444473195338288
0.010360124547500271
0.010279613715074208
0.010202301062158104
0.010124988409242
0.010047675756325895
0.009970363103409792
0.009893050450493688
0.009815737797577585
0.009738425144661481
0.009661112491745378
0.009583799838829272
0.009509277679886895
0.009438104113712991
0.009366930547539079
0.009295756981365168
0.009224583415191258
0.009153409849017349
0.009082236282843438
0.009011062716669528
0.008939889150495617
0.008868715584321707
0.0087995890912395
0.008734044976067779
0.008668500860896055
0.008602956745724335
0.008537412630552611
0.00847186851538089
0.008406324400209166
0.008340780285037444
0.008275236169865722
0.008209692054694
0.008145558042723522
0.008085184305956363
0.008024810569189205
0.007964436832422052
0.007904063095654895
0.007843689358887735
0.007783315622120577
0.007722941885353418
0.00766256814858626
0.007602194411819102
0.007542682715387085
0.007487050200463206
0.007431417685539328
0.007375785170615448
0.00732015265569157
0.007264520140767691
0.007208887625843812
0.007153255110919934
0.007097622595996055
0.0070419900810721765
0.006986753033081643
0.006935470654424569
0.006884188275767495
0.006832905897110421
0.006781623518453353
0.006730341139796279
0.006679058761139205
0.006627776382482131
0.006576494003825057
0.006525211625167983
0.006473929246510909
0.006426641024994205
0.0063793528034775
0.006332064581960796
0.006284776360444092
0.006237488138927387
0.0061901999174106825
0.006142911695893978
0.006095623474377273
0.0060483352528605695
0.006001047031343865
0.005957095132417073
0.005913476865749273
0.005869858599081472
0.005826240332413671
0.005782622065745871
0.005739003799078074
0.005695385532410274
0.005651767265742473
0.005608148999074673
0.005564530732406869
0.005523669592006211
0.005483421146331585
0.00544317270065696
0.005402924254982335
0.005362675809307708
0.005322427363633083
0.005282178917958465
0.005241930472283839
0.005201682026609213
0.005161433580934588
0.005123439897426204
0.005086291749730163
0.005049143602034121
0.005011995454338079
0.004974847306642037
0.0049376991589459955
0.004900551011249954
0.004863402863553912
0.004826254715857871
0.004789106568161829
0.004753768558823805
0.004719464914261792
0.0046851612696997775
0.004650857625137764
0.0046165539805757515
0.004582250336013737
0.004547946691451724
0.00451364304688971
0.004479339402327697
0.0044450357577656835
0.004411948040584843
0.00437987359622165
0.004347799151858454
0.0043157247074952585
0.004283650263132064
0.004251575818768869
0.004219501374405674
0.004187426930042479
0.004155352485679284
0.004123278041316089
0.004092500189720479
0.004063278249445968
0.004034056309171459
0.004004834368896948
0.003975612428622439
0.003946390488347929
0.0039171685480734195
0.003887946607798909
0.0038587246675243995
0.003829502727249895
0.0038010852885171937
0.003774075727482658
0.003747066166448122
0.0037200566054135867
0.0036930470443790513
0.003666037483344515
0.0036390279223099792
0.0036120183612754434
0.003585008800240908
0.003557999239206372
0.0035315447859793746
0.003506570620239145
0.003481596454498915
0.0034566222887586853
0.0034316481230184555
0.0034066739572782257
0.003381699791537996
0.0033567256257977665
0.0033317514600575363
0.0033067772943173065
0.0032821445759623757
0.003259048370841291
0.0032359521657202056
0.0032128559605991204
0.0031897597554780355
0.0031666635503569502
0.003143567345235865
0.00312047114011478
0.003097374934993695
0.0030742787298726096
0.0030513393519213047
0.0030299682456678013
0.0030085971394142974
0.0029872260331607944
0.00296585492690729
0.0029444838206537866
0.002923112714400283
0.0029017416081467792
0.002880370501893276
0.002858999395639772
0.0028376282893862684
0.002817849666662735
0.002798071043939202
0.0027782924212156716
0.0027585137984921385
0.0027387351757686054
0.0027189565530450718
0.002699177930321538
0.002679399307598005
0.002659620684874472
0.0026398420621509384
0.002621399971440017
0.0026030915339303566
0.002584783096420696
0.002566474658911036
0.0025481662214013757
0.0025298577838917154
0.0025115493463820546
0.0024932409088723947
0.002474932471362734
0.002456624033853074
0.0024394224088669864
0.00242246674221947
0.002405511075571954
0.0023885554089244383
0.002371599742276922
0.002354644075629406
0.00233768840898189
0.002320732742334374
0.0023037770756868577
0.002286821409039342
0.0022707742279802334
0.0022550677290167774
0.002239361230053322
0.002223654731089866
0.0022079482321264105
0.002192241733162955
0.002176535234199499
0.002160828735236043
0.0021451222362725876
0.0021294157373091317
0.0021144426848205386
0.002099888744603295
0.002085334804386052
0.002070780864168809
0.0020562269239515654
0.002041672983734325
0.002027119043517082
0.0020125651032998383
0.0019980111630825952
0.001983457222865352
0.0019694828170972
0.001955991356703291
0.0019424998963093812
0.0019290084359154724
0.0019155169755215632
0.001902025515127654
0.0018885340547337448
0.0018750425943398355
0.0018615511339459263
0.001848059673552017
0.0018350148492256731
0.0018225059881804078
0.0018099971271351425
0.001797488266089877
0.001784979405044612
0.0017724705439993464
0.0017599616829540813
0.0017474528219088158
0.0017349439608635503
0.0017224350998182852
0.0017102553286998075
0.001698651464953208
0.0016870476012066085
0.0016754437374600093
0.0016638398737134096
0.0016522360099668102
0.0016406321462202108
0.0016290282824736116
0.001617424418727012
0.0016058205549804125
0.0015944456973342061
0.001583681522622381
0.0015729173479105555
0.0015621531731987303
0.0015513889984869053
0.0015406248237750798
0.0015298606490632546
0.0015190964743514294
0.0015083322996396044
0.001497568124927781
0.0014869446619463957
0.0014769544017519901
0.0014669641415575845
0.0014569738813631787
0.001446983621168773
0.0014369933609743675
0.0014270031007799619
0.001417012840585556
0.0014070225803911505
0.0013970323201967449
0.0013871071421177915
0.001377832785193362
0.0013685584282689327
0.0013592840713445029
0.0013500097144200736
0.0013407353574956438
0.0013314610005712144
0.001322186643646785
0.0013129122867223551
0.0013036379297979258
0.0012943635728734962
