0.21886876224522572
0.2513825449262099
0.28522410973380175
0.3202455615311903
0.35625198698222554
0.39310812141686446
0.4306483742755879
0.46873387204482264
0.5072483918958123
0.5460455495271378
0.585031944599679
0.6240843467605943
0.6631070229800586
0.7020152089624326
0.7407097363800743
0.7791252833031153
0.8171842729780933
0.8548226579171501
0.8919790330382353
0.9285999105988202
0.9646364766126719
1.000046682460921
1.0347923697263228
1.0688301403808418
1.1021405727606168
1.134689969119882
1.1664596521076929
1.197425235410451
1.2275730864642918
1.2568890757887556
1.2853647620040691
1.312988096312059
1.3397543903180722
1.3656634715176543
1.390710020330448
1.4148941612621453
1.438220719047288
1.4606903549108652
1.4823082010766677
1.5030827698690912
1.5230188739114185
1.5421260231212066
1.5604170916389242
1.5778938647754235
1.5945755852179286
1.6104677245747372
1.6255884213378928
1.6399506081219313
1.6535576874361402
1.6664340896309464
1.6785872327866747
1.6900391795327456
1.7007969595532515
1.7108762105567403
1.7202939653779508
1.7290639184758532
1.737204982079982
1.7447249036725876
1.7516432647657956
1.75797298652087
1.7637312358482231
1.768932445409059
1.7735869311071153
1.77771704642577
1.781327904407986
1.7844449486020673
1.7870672529816904
1.7892209864061681
1.7909183871118786
1.7921678874509408
1.792989839425433
1.7933839517342878
1.793375900570468
1.7929775650545288
1.7921955345893497
1.7910458809373013
1.7895343794077476
1.78768032563889
1.7854906185564157
1.7829819366082718
1.780154538790205
1.7770288416003963
1.773610425173986
1.7699111765952615
1.765944376017072
1.7617086830434896
1.75722621008756
1.752498488843595
1.7475379597818164
1.7423540852732642
1.7369478757805774
1.731338971423157
1.7255273177319876
1.7195236204225552
1.7133360920194902
1.7069695566786094
1.7004363056074978
1.6937398333268519
1.6868859050179976
1.6798823915240695
1.6727385049043952
1.6654568933248544
1.658046402911901
1.6505111667155377
1.6428566403119422
1.6350937140091444
1.6272177884480954
1.6192429738581784
1.611171578733286
1.603008376172766
1.5947623314969102
1.5864278311962239
1.578019741120733
1.5695386586477909
1.5609893792988154
1.5523768067843418
1.5437008669562915
1.5349708035990153
1.5261883584987581
1.5173583393215204
1.5081232582669453
1.4990425699513514
1.490077319562228
1.4810878400425265
1.4720678258057385
1.4630180705010942
1.4539442307627688
1.444845826686786
1.4357288746660706
1.4265949935538864
1.4172607533249009
1.4080170924157773
1.398841604708417
1.3896654472588694
1.3804832247029224
1.3712985542844705
1.3621144381746781
1.352931079590249
1.343752183630433
1.3345775066359646
1.3254111118322618
1.316253601675355
1.3071069628680443
1.2979743173285923
1.2888535659880818
1.279750083266496
1.2706635535324706
1.2615960592519861
1.252548135554581
1.2435222039161806
1.234518867355081
1.2255397505737833
1.2165852384424825
1.2076583175712934
1.1987587827045503
1.1898871304538992
1.1810448713325268
1.1722341688392115
1.1634545532301166
1.1547080426236391
1.1459941761001327
1.1373148610284067
1.128669614127525
1.1200608673729517
1.1114068556583536
1.1028719216218419
1.0943750712595213
1.085916565131257
1.0774641274548258
1.0690847678823336
1.0607453687364246
1.0524474295435988
1.0441900488920994
1.0359719885153407
1.0277992151020305
1.0196688068534026
1.01158127520675
1.0035369928425366
0.9955369120390887
0.9875806475147788
0.9796690312227996
0.9718019516720857
0.9639806544042058
0.956203060148678
0.9484716350773363
0.9407862301432914
0.9331464343548687
0.9255529930203049
0.918005597409307
0.9105047041713399
0.9030503252631866
0.8956425109665911
0.8882815210623777
0.8809678814996333
0.8737006996876919
0.8664807096576996
0.8593077290251335
0.8521817065288504
0.8451032845975998
0.8380718253446038
0.8310874743383367
0.8241506437566486
0.8172607776224763
0.8104179935369488
0.8036224635467093
0.7968740311940206
0.7901725242022438
0.7835181510583842
0.7769106653054769
0.7703499718624924
0.7638361066036246
0.7573685613687102
0.7509482452524341
0.7445739058443093
0.7382461245358859
0.7319646237265534
0.7257291929633654
0.7195395794674591
0.7133960063418723
0.7072981103105469
0.701245605113836
0.6952385165925035
0.6892769364052389
0.6833601824408458
0.6774887008318287
0.6716616392093692
0.6658793757944377
0.6601412917050459
0.6544474543056847
0.6487978907960443
0.6431921267859161
0.6376296038877057
0.6321104434631714
0.6266349169005754
0.6212021281730723
0.61581249381059
0.6104653648374797
0.6051606356726895
0.5998980977980962
0.5946774341950778
0.589498623743815
0.5843613731939015
0.5792652745227131
0.5742103150434257
0.5691960319903413
0.564222611384196
0.5592893078943983
0.5543965551279944
0.5495433998454949
0.5447301988793415
0.5399565020673818
0.5352219160209746
0.5305261056375074
0.5258693735274271
0.5212507748068941
0.5166707035450553
0.5121284616795568
0.5076242272124679
0.5031573682745053
0.4987279304629832
0.49433531335392944
0.48997995954683293
0.48566076809462677
0.48148223344995145
0.4772341706813715
0.47306935402654837
0.46889237216602153
0.46475384623952676
0.46064740528243286
0.4565752942772986
0.45253854210597655
0.4485359838646893
0.4445672699632371
0.4406327884962665
0.43673171777869574
0.4328642824614499
0.42902992900257475
0.42522843884484174
0.4214599965762378
0.41772375712513143
0.4140196444922296
0.4103476414443588
0.40670754158027866
0.4030986762468375
0.3995750184567047
0.3960519872463752
0.3925356162242802
0.3890515140213784
0.38559576633446524
0.38217071132182545
0.37877467914909857
0.3754089252212646
0.37207263018005654
0.3687651777429928
0.36548714289584333
0.36223712321568835
0.35901629194005885
0.355823601349091
0.35265891414555206
0.34952210351578306
0.3464125968630933
0.34333086285334824
0.3402762937343717
0.33724875705782725
0.3342475090605778
0.3312732916324636
0.3283251577545926
0.3254033394846057
0.32250730077957457
0.3196363033848167
0.3167918444092744
0.3139720622943436
0.31117756281043374
0.30840782415522794
0.30566231925469534
0.3029418738726218
0.3002452385957277
0.29757290186087637
0.29492426324111043
0.2922992784295735
0.2896976561077465
0.2871194030061783
0.28456405429046905
0.28203155489280857
0.27952203131728964
0.2770343817475899
0.2745695797791476
0.2721265418566342
0.26970549984814624
0.267306336508618
0.2649280001191874
0.26257183419358365
0.26023642431975635
0.2579220818509632
0.2556286560675315
0.2533553467688701
0.2511029329611832
0.24887061814962846
0.24665848162645532
0.24446624552740603
0.24229356109516942
0.24014053834116084
0.2380070814778924
0.23589274685526584
0.23379728078742146
0.2317208775054159
0.22966306550930599
0.2276242394411696
0.22560354865200827
0.22360082552165303
0.22161654361353395
0.21964988227980878
0.21770145990769219
0.21577030021570165
0.2138564078245452
0.21196019150214818
0.2100808826333638
0.2082434107401439
0.20639771183256894
0.20456870415058098
0.20275634771022674
0.2009705184713486
0.19919063360313882
0.19742690069132646
0.1956791945153279
0.19394705997023987
0.19223102870479808
0.19053078566546072
0.18884559011117907
0.18717561452792073
0.18552036306879788
0.18388071175326232
0.182255448058884
0.18064523685599115
0.1790494854475809
0.17746790229482196
0.1759010451368527
0.17434815514478397
0.17280952840744396
0.17128475416271857
0.16977367610859995
0.1682763384112605
0.16679274714888923
0.16532243107216027
0.16386544947102571
0.1624216894568593
0.1609908049142298
0.159573361313177
0.15816841995421066
0.1567762579020386
0.15539672393305398
0.15402948784972537
0.15267523133573882
0.15133280063039314
0.15000258187765608
0.14871966942882006
0.14741260098090342
0.14611748189427448
0.14483412533528667
0.14356226074412703
0.1423020152232326
0.14105322628188016
0.13983104727490572
0.13860439414650727
0.13738871168030745
0.13618426168480774
0.13499068042412377
0.13380872815187478
0.1326368486754606
0.13147528751429144
0.13032416858236218
0.12918371421853778
0.12805340296904716
0.1269335329148756
0.12582351664168281
0.1247237453350052
0.12363396330054616
0.12255381412671741
0.12148383609335414
0.12042328662336645
0.1193722491186362
0.11833089463597671
0.11729867571708841
0.11627598410256608
0.11526252253579394
0.11425825191226696
0.11326299552534991
0.11227674304970292
0.1112995068469638
0.11033105214229227
0.1093711966197582
0.10842015173316061
0.10747776958643514
0.10654343206320861
0.10561794436780447
0.10470075476940902
0.10379182602310383
0.10290752833271459
0.1020147121346719
0.1011298407596002
0.10025273148876473
0.09938386150708182
0.09852266823553218
0.09767636775200955
0.09683051606303991
0.09599224346998575
0.09516157185303986
0.09433874326978924
0.09352304579124614
0.09271417674574782
0.09191281903788667
0.09111896796992602
0.09033210940992092
0.08955227048649977
0.0887795672267507
0.08801376914644639
0.08725481929103288
0.08650261522670012
0.08575726971772094
0.08501861011265266
0.08428637668597175
0.08356095274166653
0.08284200668797222
0.08212932944701636
0.08142327264805405
0.08072349912526665
0.08002992503104729
0.07934257945850666
0.07866139819227148
0.07798580570869343
0.0773166440826991
0.07665368946665163
0.07599665606471435
0.07534529205033604
0.07469997213270374
0.07406035157839928
0.07342633965420199
0.07279807245436304
0.07217540989462345
0.07155830091935621
0.07094660511844282
0.07034052003516357
0.06973988540763511
0.06914445573982039
0.06855444318610011
0.06796970266252839
0.06739003715289206
0.0668156136678846
0.06624633628712329
0.06568205459722862
0.06512279585763714
0.06456858773267367
0.06401931567103848
0.06347404962014458
0.06293444441428198
0.06239970257581498
0.061869559199835535
0.061344187122713605
0.060823539087489636
0.0603074575902606
0.05979597715924585
0.05928910107162536
0.05878670985835828
0.058288665569740473
0.057795096526390366
0.05730592424840571
0.05682098210350764
0.056340390620950885
0.055864108585022304
0.055391961159923425
0.05492397390020405
0.05446021121643207
0.054000500103013084
0.053544774429834595
0.05309313195612757
0.052645487557997
0.05220171852346864
0.05176197275747913
0.051326144347304
0.05089406215559296
0.05046487026658232
0.05004046244054475
0.04961974734725281
0.049202695315452565
0.04878933922146946
0.04837963120625073
0.047973487485578385
0.04757095428654677
0.04717201401644894
0.0467764586456443
0.04638439434614135
0.04599583316244625
0.045610628852654926
0.045228788119756905
0.04485033117654079
0.04447523810083369
0.044103384706466575
0.04373480932093904
0.04336952294295199
0.04300733639318445
0.04264831078886149
0.042292491084105904
0.04193972708629999
0.04159003568801088
0.04124346395886744
0.04089989541935887
0.04055929915071409
0.040221695057603216
0.039887050851761134
0.039555293324489725
0.03922638010636594
0.038899433367511574
0.03857630783668215
0.03825598070632275
0.03793853679762507
0.03762378254065188
0.037311762442710936
0.037002471355416074
0.03669589074563917
0.03639193709692355
0.03609057735479459
0.03579190562279623
0.03549578529588246
0.03520224133936122
0.03491131144849778
0.034622843853907334
0.03433685047047655
0.03405337502082199
0.03377235869344032
0.033493755197591984
0.03321755442886706
0.032943774926011624
0.032672374365252735
0.03240328521130504
0.032136584982531004
0.03187214576607421
0.031609952146210485
0.03135006574077065
0.03109241792919836
0.030836966229782742
0.03058370193296099
0.030332672756661818
0.03008378386939102
0.02983700905711813
0.02959140580026058
0.02934889788852976
0.029108460349837637
0.028870132987999047
0.028633849560216314
0.028399592180820252
0.028167340482170088
0.027937125524568278
0.02770885203132849
0.027482509248760296
0.02725817767562338
0.0270357173941079
0.02681514210950129
0.026596485281939475
0.026379685317030683
0.026164750967253923
0.02595166021317971
0.02574040329025066
0.02553093814455537
0.025323229225146942
0.025117377725748194
0.024913250627059073
0.02471082057841368
0.024510172425459702
0.024311217479534138
0.024113969670813102
0.023918411554514584
0.023724501597494365
0.023532256288288325
0.023341609518507188
0.023152627905672053
0.022965240243810532
0.022779396919756417
0.02259860684148727
0.022415924832810165
0.02223476948422497
0.022055181568744527
0.021877119110258737
0.021700563625017624
0.021525482606968165
0.02135191382131602
0.021179812345263446
0.021009127723384254
0.020839956441911316
0.02067220012559542
0.02050582558779014
0.02034089866222153
0.020177358964898036
0.020015177890467205
0.019854359207569616
0.019694909523562707
0.01953681096142012
0.01938003245974724
0.019224614572696246
0.019070495664237127
0.018917653451772654
0.018766135346772166
0.018615891123385343
0.018466886005130755
0.01831913240798485
0.018172630701988688
0.01802737155831216
0.017883320671609772
0.017740508764459078
0.01759888346546444
0.01745804017443376
0.017318779677770207
0.01718069244468299
0.017043739010592585
0.016907935802734635
0.016773288586276365
0.016639765959858572
0.016507361781422623
0.016376095707325837
0.016245917830936166
0.016118645338925822
0.01599059690877041
0.0158636320500831
0.015737696846676807
0.01561282862303066
0.015489024709674531
0.015366232064931748
0.015244459108985378
0.015123725232048277
0.015003986835620072
0.014885218976137182
0.014767451434067993
0.014650674549191292
0.014534848711286423
0.014420016410088776
0.014306155686248889
0.014193216413299636
0.01408121256780672
0.013970140557270624
0.0138599997761395
0.013750753028941447
0.013642419649649136
0.01353499066312174
0.013428457240664927
0.013322809757813001
0.013218045718594865
0.013114123003509216
0.013011056555294892
0.012908870415736223
0.012807511796557572
0.01270697656924682
0.0126072786836419
0.012508430534530048
0.01241039428735331
0.012313169005913702
0.012216755382310776
0.01212123345458865
0.012026372236715615
0.011932315072188586
0.011839018270301545
0.011746479871155093
0.01165472146665851
0.011563721264423421
0.01147345824217199
0.011383941870105605
0.011295171573913649
0.011207108732980024
0.01111976146355322
0.011033148832426046
0.010947240771704902
0.010862044228986728
0.010774323652807465
0.0106905760833193
0.010607502299718167
0.010525112082961755
0.01044342889566161
0.010362375784253633
0.010281976679261326
0.010202248971501293
0.010123168205391983
0.010044739282838857
0.009966961036163203
0.009889805405344336
0.009813270094878278
0.009737364999430377
0.009662085695779378
0.009587405878797698
0.009513333886131629
0.009439880296162571
0.00936702783010724
0.009294763362540509
0.009223099305265135
0.009152003090044509
0.009081478551321513
0.009011529295281116
0.008942155229093219
0.008873333510101432
0.00880506097101995
0.008737367923421543
0.008670211285939101
0.008603596746193147
0.008537536221143824
0.008471996194196838
0.008406979179615724
0.008342495322187258
0.008278542158166619
0.00821509897863522
0.008152171589505184
0.008089764287511299
0.00802784892450766
0.007966428016317697
0.007905521213925872
0.00784509152931992
0.007785140346418407
0.007725676493368068
0.007666690937939675
0.007608187373233214
0.007550154744839241
0.007492593372385333
0.00743548583788845
0.007378828354013807
0.007322648653756321
0.007266913443324013
0.007211615983340687
0.007156768514568103
0.007102360814212369
0.007048399573209263
0.006994867306262777
0.006941765504581499
0.006889082186503881
0.0068368100674311896
0.006784976114716363
0.006733547323391323
0.006682519504115766
0.006631909760903285
0.006581707227885352
0.006531905835415338
0.006482502783901285
0.006433493347631833
0.0063848749926914096
0.006336636456834394
0.00628879534522671
0.006241331452868872
0.006194235520632441
0.006147533885147646
0.006101197236831654
0.006055224917861142
0.006009624041044479
0.005964383895501493
0.005919498220227137
0.0058749621620553215
0.005830786447718774
0.0057869622654065245
0.005743485647583193
0.005700361811923526
0.005657574320361011
0.0056151198444762684
0.005573015152591159
0.0055312416873503365
0.005489793022098301
0.005448667505397918
0.005407870051503294
0.00536740468845375
0.005327254645897027
0.005287427079841646
0.005247909368451693
0.005208695000619575
0.005169798228373516
0.0051312085017141155
0.005092916696028054
0.005054923687240304
0.005017236653274142
0.004979850268258483
0.00494275475071954
0.004905959904185937
0.00486945081693102
0.004833220860987104
0.004797279857771057
0.0047616247606574085
0.004726242893808974
0.004691140555198264
0.004656320369936715
0.004621769050002032
0.004587489159882885
0.004553481240180075
0.004519736598606244
0.004486249037772974
0.004453025142377516
0.004420066072910853
0.004387360258005445
0.0043549168171737275
0.0043227295348978135
0.004290790354934635
0.004259100472600678
0.0042276628799879
0.004196467374462993
0.004165508890800624
0.004130656210167538
0.004100235418164957
0.004070056068967948
0.004040110788007812
0.004010398908591927
0.003980912494499449
0.003951653520832358
0.003922628878991067
0.003893825626641489
0.003865240801827653
0.003836878192299228
0.0038087426848573604
0.003780828935105272
0.0037531304361425573
0.003725647176267756
0.003698371032811499
0.003671303433457321
0.003644453069190986
0.003617806410051436
0.003591361618082788
0.003565126268817516
0.003539095109490304
0.003513264108312682
0.003487632619417395
0.003462199737464393
0.0034369577085878586
0.0034119078058743564
0.0033870562442931467
0.003362394104648288
0.0033379242408319754
0.0033136473070579948
0.003289555574978735
0.0032656469201606895
0.003241924023722765
0.0032183843780130223
0.003195020692645979
0.003171833855816751
0.003148828079239577
0.003126000678448612
0.0031033499823365745
0.0030808734979154524
0.0030585670654624452
0.0030364280184714794
0.003014462192872114
0.0029926653338134034
0.002971030891197746
0.002949560168019738
0.002928258465980797
0.0029071242664098786
0.002886149839093381
0.002865336557469641
0.00284467944905998
0.002824177136840801
0.0028038330622788556
0.002783645996420828
0.0027636091668294866
0.0027437223928233343
0.0027239945983814334
0.00270441506330496
0.0026849843717606492
0.0026657029238628454
0.0026465650114431034
0.002627570314297781
0.0026087201454982377
0.0025900181226825064
0.002571455341301868
0.0025530352005793486
0.0025347575221878493
0.0025166150179199267
0.0024986112584371566
0.002480745681132748
0.0024630122376589243
0.0024454108786938185
0.002427942221628592
0.002410608400776585
0.0023934070177072924
0.0023763351673942376
0.0023593934052319916
0.002342576546248209
0.002325886453111928
0.0023093257124084912
0.0022928877815960908
0.0022765725291357605
0.0022603802207963727
0.0022443126876652893
0.0022283686584170584
0.002212542764213208
0.0021968364747685493
0.002181245808875218
0.0021657704879229135
0.00215041649564553
0.0021351748645785113
0.002120045279239176
0.002105030997837722
0.002090131181369462
0.0020753446819962236
0.0020606675750591214
0.0020461005088572046
0.002031640619431113
0.002017287920501096
0.002003047827583888
0.001988912007995547
0.0019748800057318625
0.001960957116587825
0.0019471366079817773
0.0019334200434511632
0.001919805851191596
0.0019062929187424328
0.001892879127242665
0.001879562986755512
0.0018663492491524682
0.0018532334328450431
0.001840216538252121
0.0018272976106092857
0.0018144731775446277
0.0018017433688985425
0.0017891107906121036
0.0017765720563559606
0.0017641249850055525
0.0017517683553379439
0.0017395047971764696
0.001727336096768761
0.0017152560437014264
0.0017032663438159192
0.0016913640409320584
0.0016795478935582968
0.0016678220962164495
0.0016561825004569486
0.0016446274572840774
0.0016331563384705157
0.0016217725787954647
0.0016104752008638697
0.0015992597648507927
0.0015881280765961527
0.001577078291845468
0.0015661079888492145
0.0015552204118407784
0.001544413552824525
0.0015336846977744125
0.0015230351696085694
0.0015124659089372086
0.0015019743753301262
0.0014915597696418576
0.001481222225647279
0.0014709595606001633
0.0014607703928502425
0.001450656716627123
0.00144061881201688
0.00143065377258188
0.0014207631334615903
0.0014109450249027117
0.001401198611442498
0.0013915247813549442
0.001381922148699717
0.0013723888381002786
0.0013629235198364099
0.0013535273834771732
0.001344201944591747
0.0013349458727705246
0.0013257568429034874
0.0013166348229747883
0.0013075780418916499
0.0012985876438064744
0.0012896639565769035
