0.45132734090723076
0.5240662708766546
0.5968052008460782
0.6695441308155021
0.7422830607849258
0.8150219907543497
0.8877609207237733
0.960499850693197
1.0332387806626206
1.1059777106320445
1.1787166406014682
1.2492714666069828
1.3196078822161061
1.3899442978252292
1.4602807134343532
1.5306171290434765
1.6009535446525998
1.671289960261723
1.7416263758708468
1.8119627914799703
1.8822992070890934
1.939286928266927
1.9933082729044733
2.0473296175420197
2.1013509621795663
2.155372306817113
2.2093936514546595
2.2634149960922056
2.3174363407297522
2.3714576853672993
2.4254790300048454
2.4659278760481476
2.5012870351186085
2.536646194189069
2.57200535325953
2.6073645123299904
2.642723671400451
2.678082830470912
2.713441989541373
2.7488011486118333
2.784160307682294
2.809192344085413
2.828323167535765
2.847453990986117
2.866584814436469
2.885715637886821
2.904846461337173
2.923977284787525
2.9431081082378774
2.962238931688229
2.9813697551385814
2.993481646364072
2.9997444274021783
3.006007208440285
3.012269989478391
3.0185327705164973
3.0247955515546034
3.0310583325927096
3.0373211136308162
3.0435838946689224
3.0498466757070286
3.052104013982657
3.0495548209433117
3.047005627903966
3.044456434864621
3.0419072418252755
3.03935804878593
3.0368088557465844
3.034259662707239
3.0317104696678934
3.0291612766285483
3.024377739374117
3.015684099743286
3.006990460112455
2.998296820481624
2.989603180850793
2.9809095412199618
2.9722159015891307
2.9635222619582997
2.9548286223274687
2.946134982696637
2.936353243512716
2.923669905520553
2.910986567528391
2.8983032295362285
2.8856198915440663
2.872936553551904
2.8602532155597418
2.847569877567579
2.834886539575417
2.8222032015832546
2.8090851919476147
2.7940111599163275
2.77893712788504
2.763863095853753
2.748789063822465
2.733715031791178
2.7186409997598906
2.7035669677286034
2.6884929356973157
2.673418903666028
2.6582310339979425
2.641904787961866
2.6255785419257895
2.609252295889713
2.5929260498536366
2.57659980381756
2.5602735577814837
2.5439473117454074
2.5276210657093308
2.5112948196732545
2.494968573637178
2.478183303397695
2.4613980331582117
2.444612762918728
2.4278274926792447
2.411042222439762
2.3942569522002786
2.377471681960795
2.3606864117213116
2.3439011414818283
2.327115871242345
2.310405810459438
2.2937032706221894
2.2770007307849403
2.2602981909476907
2.243595651110442
2.226893111273193
2.2101905714359438
2.1934880315986947
2.1767854917614455
2.1600829519241964
2.1437434798730775
2.12748468955221
2.1112258992313424
2.094967108910475
2.078708318589607
2.0624495282687394
2.046190737947872
2.0299319476270044
2.013673157306137
1.997414366985269
1.9816471237178381
1.9660642105954462
1.950481297473054
1.934898384350662
1.9193154712282703
1.9037325581058782
1.888149644983486
1.8725667318610937
1.8569838187387022
1.8414009056163099
1.8263380055739378
1.8115722558630054
1.7968065061520733
1.7820407564411418
1.7672750067302094
1.7525092570192773
1.7377435073083451
1.7229777575974132
1.7082120078864809
1.6934462581755492
1.6791681679080688
1.6652964605101312
1.651424753112194
1.6375530457142569
1.6236813383163198
1.6098096309183827
1.5959379235204452
1.582066216122508
1.5681945087245706
1.5543228013266335
1.5408720898345822
1.5279265734295941
1.5149810570246056
1.5020355406196173
1.489090024214629
1.4761445078096411
1.4631989914046528
1.4502534749996645
1.4373079585946762
1.424362442189688
1.411754091073735
1.3997357792135934
1.3877174673534518
1.3756991554933102
1.3636808436331684
1.3516625317730266
1.3396442199128853
1.3276259080527435
1.3156075961926015
1.3035892843324604
1.2918205861845564
1.2807175246026195
1.2696144630206825
1.2585114014387455
1.2474083398568085
1.2363052782748716
1.2252022166929346
1.2140991551109976
1.2029960935290607
1.1918930319471244
1.1809477553222267
1.1707125110040064
1.1604772666857865
1.1502420223675662
1.140006778049346
1.1297715337311258
1.1195362894129057
1.1093010450946856
1.0990658007764655
1.0888305564582452
1.07867011742612
1.0692577312549403
1.0598453450837604
1.0504329589125807
1.0410205727414008
1.0316081865702211
1.0221958003990412
1.0127834142278616
1.0033710280566817
0.993958641885502
0.9845462557143221
0.9759193781049085
0.9672925004954946
0.9586656228860806
0.9500387452766668
0.9414118676672527
0.9327849900578388
0.9241581124484248
0.9155312348390109
0.906904357229597
0.8982774796201829
0.8903146485623699
0.8824182221597172
0.8745217957570643
0.8666253693544113
0.8587289429517582
0.8508325165491053
0.8429360901464523
0.8350396637437992
0.8271432373411463
0.8192468109384933
0.811908346653243
0.8046938739496374
0.7974794012460323
0.790264928542427
0.7830504558388216
0.7758359831352162
0.7686215104316108
0.7614070377280053
0.7541925650243999
0.7469780923207945
0.7402217387859793
0.7336371799394604
0.7270526210929416
0.720468062246423
0.7138835033999041
0.7072989445533853
0.7007143857068664
0.6941298268603475
0.6875452680138286
0.6809607091673098
0.6747465676800095
0.6687440932551197
0.66274161883023
0.6567391444053403
0.6507366699804508
0.6447341955555611
0.6387317211306713
0.6327292467057817
0.6267267722808919
0.6207242978560022
0.6150124643131559
0.6095428315053457
0.6040731986975355
0.5986035658897253
0.5931339330819153
0.5876643002741051
0.5821946674662949
0.5767250346584847
0.5712554018506746
0.5657857690428643
0.5605391031555533
0.5555599975728416
0.5505808919901296
0.5456017864074179
0.540622680824706
0.5356435752419944
0.5306644696592825
0.5256853640765706
0.5207062584938588
0.5157271529111469
0.5109106143740544
0.5063785681667955
0.5018465219595367
0.49731447575227794
0.49278242954501916
0.4882503833377604
0.48371833713050183
0.47918629092324305
0.47465424471598416
0.4701221985087254
0.4657021140354897
0.4615805941863157
0.4574590743371417
0.45333755448796764
0.44921603463879367
0.4450945147896197
0.44097299494044573
0.43685147509127187
0.43272995524209784
0.42860843539292387
0.4245546452829052
0.42080563899908563
0.41705663271526616
0.41330762643144664
0.4095586201476271
0.40580961386380765
0.40206060757998807
0.39831160129616855
0.3945625950123492
0.3908135887285297
0.3870955346685608
0.38368700284709806
0.3802784710256354
0.37686993920417267
0.37346140738270994
0.3700528755612472
0.3666443437397845
0.36323581191832177
0.359827280096859
0.35641874827539644
0.3530102164539337
0.34991158642416303
0.3468129563943924
0.3437143263646217
0.340615696334851
0.3375170663050804
0.33441843627530965
0.33131980624553903
0.32822117621576835
0.3251225461859976
0.3220239161562271
0.3191815158425564
0.31636473850049557
0.3135479611584348
0.310731183816374
0.30791440647431323
0.3050976291322524
0.3022808517901916
0.29946407444813083
0.2966472971060701
0.2938305197640094
0.2912233322892934
0.28866272034065416
0.2861021083920149
0.28354149644337556
0.2809808844947363
0.27842027254609697
0.2758596605974577
0.2732990486488184
0.2707384367001791
0.26817782475153984
0.2657864435381467
0.26345852385047075
0.26113060416279477
0.25880268447511884
0.2564747647874429
0.2541468450997669
0.25181892541209105
0.24949100572441507
0.24716308603673914
0.2448351663490632
0.24264473126246255
0.2405328588050479
0.23842098634763317
0.23630911389021844
0.23419724143280368
0.23208536897538895
0.22997349651797422
0.22786162406055946
0.2257497516031447
0.22363787914573
0.22162755236079246
0.21970184696958592
0.21777614157837946
0.21585043618717292
0.2139247307959664
0.2119990254047599
0.21007332001355333
0.20814761462234682
0.2062219092311403
0.20429620383993374
0.20245012249967764
0.2006995900205621
0.19894905754144654
0.19719852506233096
0.19544799258321544
0.19369746010409986
0.19194692762498428
0.19019639514586872
0.18844586266675334
0.18669533018763776
0.18500193267900067
0.18340852136870092
0.18181511005840112
0.1802216987481014
0.17862828743780162
0.17703487612750185
0.17544146481720208
0.1738480535069023
0.17225464219660255
0.17066123088630278
0.1691075593222762
0.1676598604149781
0.16621216150768
0.1647644626003819
0.16331676369308382
0.16186906478578572
0.16042136587848763
0.15897366697118953
0.15752596806389146
0.15607826915659334
0.15465378013536457
0.15333373560144684
0.15201369106752913
0.15069364653361145
0.1493736019996937
0.14805355746577603
0.14673351293185832
0.14541346839794062
0.1440934238640229
0.14277337933010523
0.14146408804331878
0.1402623292278449
0.13906057041237105
0.13785881159689717
0.13665705278142332
0.13545529396594946
0.1342535351504756
0.13305177633500176
0.1318500175195279
0.13064825870405403
0.12944649988858017
0.12835219368490605
0.12725788748123204
0.12616358127755792
0.12506927507388382
0.12397496887020973
0.1228806626665356
0.1217863564628615
0.12069205025918738
0.11959774405551327
0.11850343785183914
0.11749755011301899
0.1165005042206842
0.11550345832834942
0.11450641243601464
0.11350936654367985
0.11251232065134509
0.1115152747590103
0.11051822886667552
0.10952118297434074
0.10852413708200596
0.10759936262670544
0.10669064849074587
0.10578193435478636
0.10487322021882678
0.1039645060828672
0.10305579194690762
0.10214707781094803
0.10123836367498847
0.10032964953902888
0.0994209354030693
0.09857077636719859
0.09774257549386123
0.09691437462052385
0.09608617374718648
0.09525797287384911
0.09442977200051175
0.09360157112717438
0.092773370253837
0.09194516938049964
0.09111696850716226
0.0903351940624169
0.08957994900543839
0.0888247039484599
0.08806945889148139
0.08731421383450294
0.08655896877752445
0.08580372372054594
0.08504847866356745
0.08429323360658894
0.08353798854961043
0.08281883111748321
0.08212974670606538
0.08144066229464755
0.08075157788322973
0.08006249347181191
0.07937340906039408
0.07868432464897626
0.07799524023755844
0.07730615582614062
0.07661707141472278
0.07595542194483947
0.07532669440479754
0.07469796686475563
0.07406923932471371
0.07344051178467179
0.07281178424462986
0.07218305670458801
0.0715543291645461
0.07092560162450418
0.07029687408446225
0.06968804503930139
0.06911403836018236
0.06854003168106333
0.06796602500194432
0.06739201832282529
0.06681801164370627
0.06624400496458725
0.06566999828546823
0.06509599160634921
0.06452198492723019
0.06396157433037727
0.06343741995290066
0.06291326557542404
0.06238911119794741
0.0618649568204708
0.06134080244299418
0.060816648065517565
0.060292493688040946
0.05976833931056437
0.05924418493308776
0.058728264375983635
0.05824939601055573
0.05777052764512783
0.05729165927969993
0.05681279091427202
0.05633392254884413
0.05585505418341623
0.055376185817988324
0.05489731745256043
0.054418449087132524
0.05394331730711482
0.053505551381199105
0.05306778545528338
0.05263001952936765
0.05219225360345193
0.05175448767753621
0.051316721751620484
0.050878955825704765
0.050441189899789046
0.05000342397387336
0.049565658047957636
0.049165550045971
0.04876544204398437
0.048365334041997735
0.0479652260400111
0.04756511803802446
0.04716501003603783
0.046764902034051196
0.04636479403206456
0.04596468603007793
0.045564578028091295
0.04519553220278312
0.04482959259514279
0.044463652987502475
0.04409771337986215
0.043731773772221816
0.04336583416458149
0.04299989455694117
0.04263395494930085
0.04226801534166052
0.041902075734020196
0.04156153535330173
0.04122663924523254
0.040891743137163344
0.04055684702909416
0.04022195092102496
0.03988705481295576
0.03955215870488657
0.039217262596817376
0.03888236648874818
0.03854747038067899
0.038233772059967905
0.03792802290951611
0.03762227375906431
0.03731652460861251
0.03701077545816073
0.03670502630770893
0.03639927715725713
0.036093528006805334
0.035787778856353536
0.035482029705901745
0.03519222912565936
0.034911542014108066
0.034630854902556796
0.03435016779100549
0.0340694806794542
0.0337887935679029
0.033508106456351605
0.03322741934480031
0.03294673223324902
0.03266604512169772
0.03239821423583076
0.03214109687136741
0.03188397950690407
0.03162686214244072
0.03136974477797737
0.031112627413514022
0.030855510049050676
0.030598392684587326
0.030341275320123977
0.030084157955660634
0.029836732660041946
0.029600937847036844
0.02936514303403175
0.029129348221026672
0.028893553408021574
0.02865775859501648
0.02842196378201138
0.028186168969006282
0.02795037415600118
0.027714579342996083
0.0274860131664834
0.027270097103832432
0.027054181041181468
0.02683826497853051
0.026622348915879546
0.026406432853228582
0.02619051679057762
0.025974600727926653
0.025758684665275693
0.025542768602624732
0.025331729555904372
0.025133695884998968
0.024935662214093567
0.024737628543188155
0.024539594872282754
0.02434156120137737
0.024143527530471963
0.02394549385956656
0.023747460188661154
0.02354942651775575
0.02335437288428976
0.023172729419301145
0.022991085954312526
0.022809442489323914
0.022627799024335295
0.022446155559346682
0.022264512094358063
0.022082868629369447
0.02190122516438083
0.021719581699392216
0.021539295923352894
0.021372587036806508
0.021205878150260125
0.02103916926371374
0.020872460377167355
0.020705751490620972
0.02053904260407459
0.020372333717528217
0.020205624830981834
0.020038915944435447
0.019872207057889064
0.01971918679033737
0.019566166522785686
0.019413146255233993
0.019260125987682303
0.019107105720130614
0.01895408545257892
0.018801065185027232
0.018648044917475542
0.01849502464992385
0.01834200438237216
0.01820034327717992
0.01805981808822362
0.017919292899267324
0.017778767710311026
0.01763824252135473
0.01749771733239843
0.017357192143442134
0.017216666954485836
0.01707614176552955
0.016935616576573255
0.016804429404617235
0.016675317347550164
0.016546205290483097
0.01641709323341603
0.01628798117634896
0.01615886911928189
0.016029757062214822
0.015900645005147755
0.015771532948080685
0.015642420891013618
0.015520916713777389
0.015402265491477725
0.015283614269178064
0.0151649630468784
0.015046311824578737
0.014927660602279073
0.014809009379979412
0.014690358157679748
0.014571706935380086
0.014453055713080434
0.01434033205279994
0.014230995570816113
0.014121659088832287
0.014012322606848461
0.013902986124864635
0.01379364964288081
0.013684313160896983
0.013574976678913156
0.013465640196929331
0.013356303714945506
0.013251917296153564
0.013151655930021525
0.013051394563889486
0.012951133197757448
0.01285087183162541
0.01275061046549337
0.012650349099361332
0.012550087733229293
0.012449826367097256
0.012349565000965216
0.012252946872998991
0.012160700630831748
0.012068454388664497
0.011976208146497245
0.011883961904329995
0.011791715662162744
0.011699469419995494
0.011607223177828242
0.011514976935660991
0.01142273069349374
0.011333151963946974
0.011248241381486054
0.011163330799025133
0.011078420216564216
0.010993509634103296
0.010908599051642376
0.010823688469181457
0.010738777886720537
0.010653867304259618
0.010568956721798698
0.010485887696392504
0.01040772948979891
0.010329571283205316
0.010251413076611728
0.010173254870018135
0.010095096663424539
0.010016938456830946
0.009938780250237353
0.009860622043643758
0.009782463837050163
0.009705428587747533
0.009633446646254243
0.009561464704760951
0.009489482763267661
0.009417500821774371
0.00934551888028108
0.00927353693878779
0.009201554997294498
0.009129573055801208
0.009057591114307916
0.008986121783255948
0.008919778556617193
0.008853435329978438
0.008787092103339684
0.008720748876700934
0.00865440565006218
0.008588062423423425
0.008521719196784669
0.008455375970145916
0.00838903274350716
0.008322689516868405
0.008261551530930587
0.00820041354499277
0.008139275559054951
0.008078137573117133
0.008016999587179316
0.007955861601241497
0.007894723615303679
0.00783358562936586
0.007772447643428042
0.007711309657490224
0.007654534165700462
0.007598194923325504
0.007541855680950548
0.00748551643857559
0.0074291771962006325
0.007372837953825681
0.007316498711450724
0.0072601594690757665
0.00720382022670081
0.007147480984325847
0.00709471976350134
0.007042753658576931
0.006990787553652523
0.006938821448728115
0.006886855343803707
0.0068348892388792985
0.006782923133954899
0.006730957029030491
0.0066789909241060826
0.006627024819181674
0.006577983417953723
0.006530038780611943
0.006482094143270162
0.006434149505928383
0.0063862048685866014
0.006338260231244822
0.006290315593903042
0.006242370956561261
0.006194426319219481
0.0061464816818777015
0.0061008939499341466
0.006056653021075294
0.00601241209221644
0.005968171163357587
0.005923930234498734
0.00587968930563988
0.0058354483767810265
0.005791207447922173
0.005746966519063319
0.0057027255902044665
0.005660133323503692
0.005618914941934651
0.005577696560365608
0.005536478178796566
0.005495259797227525
0.005454041415658483
0.005412823034089441
0.005371604652520399
0.005330386270951356
0.005289167889382315
0.005249560735597555
0.005211887055153935
0.005174213374710316
0.005136539694266696
0.005098866013823076
0.005061192333379456
0.005023518652935837
0.004985844972492216
0.004948171292048597
0.0049104976116049835
0.004873870026201865
0.004839073107119625
0.004804276188037386
0.0047694792689551456
0.004734682349872905
0.004699885430790666
0.004665088511708426
0.004630291592626187
0.004595494673543947
0.0045606977544617065
0.004526620706859077
0.004494463316535406
0.0044623059262117355
0.004430148535888065
0.004397991145564394
0.004365833755240724
0.004333676364917053
0.004301518974593382
0.004269361584269713
0.004237204193946042
0.0042054869853855115
0.004175750594759118
0.004146014204132722
0.004116277813506327
0.004086541422879932
0.004056805032253537
0.004027068641627142
0.003997332251000747
0.0039675958603743525
0.003937859469747957
0.003908324712389017
0.0038808062877046306
0.003853287863020245
0.0038257694383358586
0.003798251013651472
0.0037707325889670853
0.0037432141642826993
0.003715695739598313
0.0036881773149139265
0.00366065889022954
0.0036331404655451536
0.003607709904649699
0.003582279343754244
0.003556848782858794
0.0035314182219633393
0.003505987661067884
0.0034805571001724294
0.0034551265392769744
0.00342969597838152
0.003404265417486065
0.0033788348565906103
0.0033551290218220707
0.0033315956596662233
0.003308062297510375
0.0032845289353545274
0.0032609955731986795
0.0032374622110428316
0.0032139288488869837
0.003190395486731136
0.003166862124575288
0.0031433287624194404
0.0031212053923848075
0.003099395353932667
0.0030775853154805266
0.0030557752770283865
0.0030339652385762456
0.0030121552001241047
0.002990345161671964
0.002968535123219824
0.0029467250847676836
0.002924915046315543
0.00290429889825687
0.002884130459095747
0.002863962019934624
0.002843793580773501
0.0028236251416123787
0.0028034567024512553
0.002783288263290133
0.0027631198241290103
0.002742951384967887
0.0027227829458067645
0.002703560266961274
0.002684878022581859
0.0026661957782024444
0.00264751353382303
0.002628831289443615
0.002610149045064203
0.0025914668006847886
0.002572784556305374
0.002554102311925959
0.0025354200675465443
0.0025174846823770407
0.002500171679882464
0.0024828586773878868
0.00246554567489331
0.002448232672398733
0.0024309196699041557
0.002413606667409579
0.002396293664915002
0.0023789806624204247
0.002361667659925848
0.0023449244729768772
0.002328865064682636
0.0023128056563883944
0.0022967462480941525
0.0022806868397999116
0.0022646274315056697
0.002248568023211428
0.002232508614917186
0.0022164492066229446
0.0022003897983287027
0.0021847646309196916
0.002169899385059831
0.002155034139199971
0.0021401688933401115
0.0021253036474802515
0.002110438401620392
0.002095573155760532
0.002080707909900672
0.002065842664040812
0.0020509774181809524
0.0020364013524615415
0.002022596433783328
0.002008791515105115
0.001994986596426901
0.001981181677748688
0.0019673767590704747
0.0019535718403922613
0.0019397669217140479
0.0019259620030358344
0.0019121570843576236
0.0018985297304887835
0.0018857014182621246
0.0018728731060354653
0.0018600447938088064
0.001847216481582147
0.0018343881693554881
0.0018215598571288288
0.0018087315449021699
0.0017959032326755108
0.0017830749204488514
0.0017703296640746457
0.0017584149662249735
0.0017465002683753014
0.0017345855705256288
0.0017226708726759568
0.0017107561748262844
0.0016988414769766123
0.00168692677912694
0.001675012081277268
0.0016630973834275955
0.0016511826855779234
