0.3121065654796164
0.3626080404335878
0.4131095153875591
0.4636109903415305
0.5141124652955018
0.5646139402494732
0.6151154152034444
0.6656168901574159
0.7161183651113872
0.7666198400653585
0.8171213150193298
0.8679292331702911
0.9187677956409512
0.9696063581116111
1.0204449205822717
1.0712834830529316
1.1221220455235916
1.1729606079942516
1.223799170464912
1.274637732935572
1.325476295406232
1.3689234614083376
1.410728094861875
1.4525327283154128
1.4943373617689502
1.536141995222488
1.5779466286760255
1.619751262129563
1.6615558955831005
1.7033605290366383
1.7451651624901758
1.7784818269812572
1.8086155031114177
1.838749179241578
1.8688828553717385
1.8990165315018985
1.929150207632059
1.9592838837622195
1.9894175598923798
2.01955123602254
2.0496849121527005
2.072784875554714
2.0918655745406447
2.1109462735265745
2.1300269725125047
2.1491076714984345
2.1681883704843647
2.187269069470295
2.206349768456225
2.2254304674421554
2.2445111664280852
2.25853451870864
2.2683434154013824
2.2781523120941247
2.2879612087868666
2.297770105479609
2.307579002172351
2.3173878988650927
2.3271967955578345
2.337005692250577
2.346814588943319
2.35334071600585
2.3559275195121274
2.3585143230184045
2.361101126524682
2.3636879300309594
2.366274733537237
2.3688615370435144
2.371448340549792
2.374035144056069
2.3766219475623465
2.3772547611143615
2.3744680922464174
2.3716814233784733
2.3688947545105297
2.3661080856425856
2.3633214167746415
2.360534747906698
2.3577480790387533
2.3549614101708096
2.3521747413028655
2.3483442968537735
2.3417304508549535
2.335116604856134
2.3285027588573137
2.321888912858494
2.3152750668596744
2.3086612208608543
2.3020473748620347
2.2954335288632146
2.288819682864395
2.2817318027963975
2.2725107694171
2.2632897360378017
2.254068702658504
2.2448476692792063
2.2356266358999086
2.226405602520611
2.217184569141313
2.207963535762015
2.1987425023827174
2.1893719000154146
2.178505607768061
2.167639315520708
2.1567730232733546
2.1459067310260016
2.135040438778648
2.1241741465312947
2.1133078542839416
2.1024415620365886
2.091575269789235
2.0807089775418817
2.068856367461856
2.05700375738183
2.045151147301804
2.033298537221778
2.021445927141752
2.009593317061726
1.9977407069817001
1.9858880969016741
1.974035486821648
1.962182876741622
1.9498841359976806
1.937540782187348
1.9251974283770152
1.912854074566682
1.9005107207563492
1.8881673669460164
1.8758240131356836
1.8634806593253508
1.8511373055150178
1.8387939517046847
1.8263931710380081
1.813979628847699
1.8015660866573906
1.7891525444670817
1.7767390022767728
1.7643254600864642
1.7519119178961553
1.7394983757058469
1.727084833515538
1.714671291325229
1.7024196718061928
1.6902287732888837
1.678037874771575
1.665846976254266
1.6536560777369569
1.6414651792196477
1.6292742807023388
1.6170833821850297
1.604892483667721
1.5927015851504118
1.580750844444017
1.5689373367724297
1.557123829100843
1.5453103214292563
1.533496813757669
1.5216833060860822
1.509869798414495
1.498056290742908
1.4862427830713212
1.4744292753997343
1.4628900676151244
1.4515794430696616
1.440268818524199
1.4289581939787364
1.417647569433274
1.4063369448878111
1.3950263203423485
1.383715695796886
1.372405071251423
1.3610944467059607
1.3500461913410478
1.3393127789927939
1.3285793666445398
1.3178459542962861
1.3071125419480323
1.2963791295997789
1.285645717251525
1.2749123049032711
1.2641788925550173
1.2534454802067632
1.242943289624009
1.2328457371308779
1.2227481846377466
1.2126506321446158
1.2025530796514847
1.1924555271583537
1.1823579746652229
1.1722604221720916
1.1621628696789605
1.15206531718583
1.1421451731027747
1.1326981181132565
1.1232510631237378
1.113804008134219
1.1043569531447006
1.0949098981551821
1.0854628431656634
1.0760157881761447
1.0665687331866263
1.057121678197108
1.0477933050452253
1.038999000162704
1.0302046952801827
1.0214103903976615
1.0126160855151403
1.0038217806326188
0.9950274757500976
0.9862331708675763
0.977438865985055
0.9686445611025337
0.9599085842699567
0.9517558879368189
0.9436031916036809
0.935450495270543
0.9272977989374052
0.9191451026042672
0.9109924062711292
0.9028397099379912
0.8946870136048534
0.8865343172717154
0.8783816209385775
0.870849884209485
0.863318147480392
0.855786410751299
0.8482546740222061
0.8407229372931131
0.8331912005640202
0.8256594638349273
0.8181277271058343
0.8105959903767413
0.8030642536476484
0.7960724550716735
0.7891346503110105
0.7821968455503473
0.775259040789684
0.7683212360290207
0.7613834312683574
0.7544456265076942
0.7475078217470309
0.7405700169863676
0.7336322122257044
0.7271548523415176
0.7207798135409921
0.7144047747404669
0.7080297359399415
0.701654697139416
0.6952796583388905
0.688904619538365
0.6825295807378395
0.6761545419373141
0.6697795031367888
0.6637893527505374
0.6579435355196389
0.6520977182887405
0.6462519010578422
0.6404060838269439
0.6345602665960453
0.6287144493651469
0.6228686321342484
0.61702281490335
0.6111769976724514
0.6056519791618147
0.6003102742056131
0.5949685692494115
0.5896268642932101
0.5842851593370088
0.5789434543808072
0.5736017494246057
0.5682600444684042
0.5629183395122026
0.557576634556001
0.5524801547920942
0.5475880293550995
0.542695903918105
0.5378037784811103
0.5329116530441158
0.5280195276071211
0.5231274021701265
0.518235276733132
0.5133431512961373
0.5084510258591426
0.503754653930408
0.49929318621158525
0.4948317184927625
0.4903702507739397
0.485908783055117
0.4814473153362945
0.47698584761747176
0.47252437989864904
0.46806291217982626
0.46360144446100354
0.4592809615262499
0.45520720196361725
0.45113344240098463
0.447059682838352
0.44298592327571934
0.4389121637130867
0.43483840415045427
0.4307646445878216
0.426690885025189
0.42261712546255636
0.4186422220911904
0.41493093522986907
0.4112196483685477
0.40750836150722625
0.4037970746459049
0.40008578778458354
0.3963745009232622
0.392663214061941
0.3889519272006196
0.3852406403392982
0.38158954244631166
0.37820929491083166
0.37482904737535166
0.37144879983987167
0.36806855230439167
0.3646883047689117
0.36130805723343173
0.35792780969795174
0.35454756216247185
0.3511673146269919
0.34781469788494024
0.34473838907717197
0.34166208026940376
0.3385857714616355
0.3355094626538673
0.332433153846099
0.3293568450383308
0.3262805362305625
0.3232042274227943
0.32012791861502615
0.31705160980725794
0.3142535019825026
0.3114553941577473
0.30865728633299194
0.3058591785082366
0.30306107068348126
0.3002629628587259
0.2974648550339706
0.29466674720921526
0.2918686393844599
0.2890705315597047
0.2865025421360648
0.2839575645525365
0.28141258696900817
0.27886760938547983
0.2763226318019515
0.27377765421842315
0.2712326766348948
0.26868769905136647
0.26614272146783813
0.2635977438843099
0.26124192029766224
0.25892813093254374
0.25661434156742513
0.2543005522023066
0.251986762837188
0.2496729734720694
0.24735918410695085
0.2450453947418323
0.2427316053767137
0.24041781601159512
0.23825833371031307
0.23615671655796958
0.2340550994056261
0.2319534822532826
0.22985186510093913
0.22775024794859564
0.22564863079625214
0.22354701364390867
0.2214453964915652
0.2193437793392217
0.2173627510133686
0.2154506305883672
0.21353851016336572
0.21162638973836428
0.2097142693133628
0.20780214888836135
0.20589002846335985
0.2039779080383584
0.20206578761335692
0.20015366718835548
0.198336491318857
0.1965984359122777
0.19486038050569848
0.1931223250991192
0.1913842696925399
0.1896462142859606
0.1879081588793813
0.18617010347280202
0.1844320480662227
0.18269399265964342
0.18102785773058933
0.1794480273745655
0.1778681970185417
0.17628836666251788
0.17470853630649408
0.17312870595047025
0.17154887559444643
0.1699690452384226
0.16838921488239894
0.16680938452637512
0.16528270106324242
0.1638490246626692
0.16241534826209597
0.16098167186152276
0.15954799546094953
0.15811431906037632
0.15668064265980308
0.15524696625922987
0.15381328985865667
0.15237961345808343
0.150980605782906
0.14967404804211737
0.14836749030132876
0.1470609325605401
0.14575437481975148
0.14444781707896287
0.14314125933817423
0.1418347015973856
0.14052814385659695
0.13922158611580832
0.1379365583848947
0.13674841569841792
0.13556027301194115
0.1343721303254644
0.13318398763898762
0.13199584495251088
0.1308077022660341
0.12961955957955734
0.12843141689308057
0.12724327420660383
0.12606490932448455
0.12498432248594032
0.12390373564739607
0.12282314880885183
0.12174256197030761
0.12066197513176335
0.11958138829321911
0.11850080145467487
0.11742021461613061
0.11633962777758639
0.11525904093904214
0.1142771385925212
0.11329523624600034
0.1123133338994794
0.11133143155295847
0.11034952920643751
0.10936762685991656
0.10838572451339562
0.10740382216687468
0.10642191982035373
0.10544001747383278
0.1045371948517076
0.10364228020202196
0.10274736555233635
0.10185245090265073
0.10095753625296511
0.10006262160327949
0.09916770695359386
0.09827279230390826
0.09737787765422262
0.09648296300453701
0.09565367524957877
0.09483897124900437
0.09402426724843005
0.09320956324785568
0.09239485924728127
0.09158015524670689
0.0907654512461325
0.0899507472455581
0.08913604324498373
0.08832133924440932
0.08755965738208436
0.08681785882160292
0.0860760602611215
0.08533426170064005
0.08459246314015863
0.08385066457967719
0.08310886601919576
0.08236706745871433
0.08162526889823289
0.08088347033775146
0.08018368483469512
0.07950790679302452
0.07883212875135395
0.07815635070968338
0.07748057266801286
0.0768047946263423
0.07612901658467171
0.07545323854300112
0.07477746050133055
0.07410168245965998
0.07345867840064313
0.07284298599383775
0.07222729358703237
0.07161160118022697
0.07099590877342159
0.07038021636661619
0.06976452395981081
0.06914883155300541
0.06853313914620003
0.06791744673939465
0.06732651076026591
0.06676528249434914
0.06620405422843237
0.06564282596251561
0.06508159769659885
0.0645203694306821
0.06395914116476538
0.06339791289884861
0.06283668463293185
0.06227545636701508
0.06173233084108761
0.06122088511014141
0.06070943937919521
0.060197993648249015
0.05968654791730282
0.05917510218635662
0.05866365645541042
0.05815221072446422
0.057640764993518015
0.057129319262571816
0.05663002642335596
0.05616314129542099
0.05569625616748604
0.05522937103955107
0.054762485911616116
0.05429560078368115
0.05382871565574619
0.05336183052781123
0.05289494539987631
0.05242806027194134
0.051968590730319876
0.05154249132710909
0.051116391923898316
0.05069029252068754
0.05026419311747676
0.04983809371426598
0.04941199431105521
0.04898589490784443
0.04855979550463366
0.048133696101422874
0.04771095937686362
0.04732184943881957
0.046932739500775526
0.046543629562731476
0.04615451962468743
0.04576540968664339
0.045376299748599344
0.0449871898105553
0.04459807987251125
0.04420896993446724
0.0438198599964232
0.04346458861763953
0.04310931723885586
0.042754045860072185
0.042398774481288516
0.04204350310250485
0.04168823172372118
0.04133296034493751
0.040977688966153836
0.040622417587370174
0.0402671462085865
0.0399397510423174
0.03961514349729976
0.039290535952282116
0.038965928407264476
0.03864132086224683
0.03831671331722919
0.03799210577221154
0.037667498227193896
0.03734289068217626
0.03701828313715861
0.03671639663223153
0.03641955924732454
0.03612272186241755
0.03582588447751056
0.035529047092603565
0.03523220970769657
0.03493537232278958
0.03463853493788259
0.03434169755297559
0.034044860168068604
0.0337666317199167
0.03349538162304797
0.03322413152617923
0.03295288142931049
0.03268163133244176
0.03241038123557302
0.03213913113870428
0.03186788104183554
0.03159663094496681
0.031325380848098064
0.03106876652745113
0.03082051550750237
0.03057226448755363
0.030324013467604872
0.030075762447656113
0.02982751142770735
0.029579260407758587
0.02933100938780983
0.029082758367861068
0.028834507347912305
0.0285977255857144
0.028370501538308883
0.02814327749090336
0.02791605344349784
0.027688829396092317
0.027461605348686795
0.027234381301281273
0.02700715725387575
0.02677993320647023
0.02655270915906471
0.026334153559971662
0.02612600009885358
0.025917846637735505
0.02570969317661745
0.025501539715499365
0.025293386254381288
0.02508523279326321
0.02487707933214513
0.02466892587102705
0.02446077240990897
0.024259025773240944
0.02406849107936051
0.02387795638548007
0.02368742169159964
0.0234968869977192
0.023306352303838762
0.02311581760995833
0.022925282916077892
0.022734748222197454
0.02254421352831702
0.022358017036634297
0.022183389084145477
0.02200876113165666
0.021834133179167835
0.02165950522667902
0.02148487727419021
0.02131024932170139
0.021135621369212574
0.02096099341672375
0.020786365464234933
0.020614365440640298
0.020454191097069488
0.02029401675349868
0.02013384240992788
0.019973668066357073
0.019813493722786266
0.01965331937921546
0.019493145035644654
0.019332970692073848
0.01917279634850304
0.0190138359891967
0.018867015472535026
0.018720194955873355
0.018573374439211678
0.018426553922550007
0.018279733405888333
0.01813291288922666
0.017986092372565002
0.017839271855903328
0.017692451339241654
0.01754563082257998
0.017410910233911323
0.017276189645242662
0.017141469056574002
0.01700674846790534
0.01687202787923668
0.01673730729056802
0.01660258670189936
0.016467866113230704
0.016333145524562043
0.016198424935893383
0.01607370365841254
0.01594998231205048
0.01582626096568842
0.015702539619326356
0.015578818272964295
0.015455096926602236
0.015331375580240175
0.015207654233878114
0.015083932887516065
0.014960211541154005
0.014845084977429288
0.014731868365401763
0.014618651753374234
0.01450543514134671
0.014392218529319184
0.014279001917291655
0.01416578530526413
0.014052568693236601
0.013939352081209076
0.01382613546918155
0.013719331905361544
0.01361493323461936
0.013510534563877175
0.01340613589313499
0.013301737222392803
0.013197338551650619
0.013092939880908434
0.012988541210166248
0.012884142539424064
0.012779743868681886
0.01268053056472561
0.012584280327504136
0.01248803009028266
0.012391779853061186
0.012295529615839716
0.01219927937861824
0.012103029141396767
0.012006778904175293
0.011910528666953817
0.011814278429732344
0.011722452877971183
0.011634314564093619
0.01154617625021605
0.011458037936338483
0.011369899622460917
0.011281761308583351
0.011193622994705783
0.011105484680828216
0.01101734636695065
0.010929208053073083
0.010844279034667587
0.01076320117082858
0.010682123306989567
0.010601045443150554
0.010519967579311541
0.010438889715472528
0.010357811851633513
0.0102767339877945
0.010195656123955487
0.010114578260116474
0.010035841958312336
0.009961203390069234
0.009886564821826132
0.009811926253583032
0.009737287685339928
0.009662649117096828
0.009588010548853724
0.009513371980610622
0.00943873341236752
0.009364094844124418
0.009291080399927574
0.009222396953187419
0.009153713506447263
0.009085030059707113
0.00901634661296696
0.008947663166226805
0.00887897971948665
0.008810296272746494
0.008741612826006339
0.008672929379266184
0.008605232326427554
0.008541974046145793
0.008478715765864031
0.008415457485582268
0.008352199205300507
0.008288940925018747
0.008225682644736984
0.008162424364455223
0.008099166084173461
0.0080359078038917
0.007973099994041936
0.007914796888512134
0.007856493782982333
0.0077981906774525316
0.007739887571922736
0.007681584466392934
0.007623281360863132
0.007564978255333332
0.00750667514980353
0.00744837204427373
0.007390068938743928
0.007336321617514987
0.007282574296286045
0.0072288269750571035
0.007175079653828161
0.00712133233259922
0.0070675850113702775
0.007013837690141337
0.006960090368912396
0.006906343047683453
0.006852595726454512
0.006802685086209245
0.006753158114062344
0.006703631141915445
0.006654104169768544
0.006604577197621643
0.006555050225474749
0.006505523253327849
0.006455996281180949
0.006406469309034048
0.006356942336887144
0.006310556841581055
0.006264869452239591
0.006219182062898128
0.006173494673556664
0.006127807284215201
0.006082119894873736
0.0060364325055322805
0.005990745116190816
0.005945057726849353
0.005899370337507889
0.00585622625274103
0.0058140359071896484
0.0057718455616382666
0.005729655216086885
0.005687464870535503
0.005645274524984121
0.005603084179432739
0.005560893833881356
0.005518703488329974
0.005476513142778593
0.005436406917791206
0.00539749161884039
0.005358576319889573
0.005319661020938756
0.005280745721987938
0.005241830423037121
0.005202915124086304
0.0051639998251354876
0.005125084526184671
0.005086169227233854
0.005048610675509781
0.005012182746474663
0.004975754817439545
0.004939326888404426
0.004902898959369309
0.004866471030334191
0.0048300431012990724
0.004793615172263954
0.004757187243228836
0.004720759314193718
0.004685816608064719
0.004652656169423066
0.004619495730781412
0.004586335292139759
0.004553174853498106
0.004520014414856452
0.004486853976214799
0.004453693537573146
0.004420533098931492
0.004387372660289844
0.004355131210016115
0.004324497989386252
0.004293864768756391
0.004263231548126529
0.004232598327496667
0.004201965106866804
0.004171331886236942
0.00414069866560708
0.004110065444977218
0.004079432224347356
0.004049428332324973
0.004021102649922539
0.003992776967520104
0.003964451285117669
0.003936125602715234
0.003907799920312799
0.003879474237910364
0.003851148555507929
0.0038228228731054946
0.0037944971907030597
0.003766557183922678
0.0037403527174415386
0.0037141482509603996
0.0036879437844792593
0.00366173931799812
0.0036355348515169804
0.003609330385035841
0.0035831259185547014
0.003556921452073562
0.0035307169855924225
0.0035046899748947978
0.0034804375220323213
0.003456185069169845
0.003431932616307369
0.003407680163444892
0.0033834277105824154
0.003359175257719939
0.0033349228048574625
0.003310670351994986
0.0032864178991325096
0.003262165446270033
0.0032397231460097693
0.0032172808457495055
0.0031948385454892455
0.003172396245228982
0.003149953944968718
0.003127511644708454
0.0031050693444481903
0.003082627044187927
0.0030601847439276626
0.0030377424436673992
0.0030168096856859152
0.0029960278819323094
0.002975246078178703
0.0029544642744250976
0.0029336824706714913
0.002912900666917886
0.0028921188631642796
0.002871337059410674
0.002850555255657068
0.002829773451903462
0.0028101987197444844
0.0027908922257176456
0.0027715857316908074
0.0027522792376639695
0.002732972743637131
0.0027136662496102925
0.002694359755583454
0.002675053261556616
0.0026557467675297776
0.002636440273502939
0.002618203921389997
0.0026003688724947657
0.0025825338235995346
0.0025646987747043036
0.0025468637258090725
0.0025290286769138414
0.0025111936280186103
0.002493358579123379
0.0024755235302281477
0.0024576884813329166
0.002440679496692255
0.002424142548768491
0.0024076056008447266
0.0023910686529209618
0.002374531704997197
0.0023579947570734356
0.002341457809149671
0.0023249208612259064
0.002308383913302142
0.0022918469653783772
0.0022759647289684747
0.00226062808548679
0.002245291442005105
0.002229954798523421
0.0022146181550417366
0.002199281511560052
0.0021839448680783676
0.002168608224596683
0.0021532715811149986
0.002137934937633314
0.0021231031644289937
0.0021088772355575096
0.002094651306686026
0.002080425377814542
0.0020661994489430584
0.0020519735200715747
0.0020377475912000905
0.002023521662328607
0.002009295733457123
0.0019950698045856394
0.0019812152166870573
0.001968010475491053
0.0019548057342950484
0.0019416009930990443
0.00192839625190304
0.0019151915107070358
0.0019019867695110315
0.0018887820283150273
0.001875577287119023
0.001862372545923019
0.0018494158389272964
0.0018371205564656596
0.0018248252740040224
0.001812529991542385
0.001800234709080748
0.0017879394266191108
0.001775644144157474
0.0017633488616958367
0.0017510535792341995
0.0017387582967725648
0.0017266241310280267
0.001715214990510435
0.0017038058499928433
0.0016923967094752519
0.0016809875689576602
0.0016695784284400687
0.001658169287922477
0.0016467601474048855
0.0016353510068872939
0.0016239418663697022
0.001612607306393739
0.0016020185518340613
0.0015914297972743833
0.0015808410427147056
0.001570252288155028
0.00155966353359535
0.001549074779035672
0.0015384860244759943
0.0015278972699163164
0.0015173085153566386
0.0015067197607969607
