0.18737903556449362
0.1864638560447705
0.18554867652504736
0.18463349700532425
0.18371831748560108
0.182803137965878
0.18188795844615485
0.1809727789264317
0.18005759940670857
0.17914241988698545
0.1782272403672623
0.17725727446188227
0.1762818299179365
0.17530638537399074
0.17433094083004497
0.1733554962860992
0.17238005174215346
0.1714046071982077
0.17042916265426192
0.16945371811031618
0.16847827356637038
0.16745364813509575
0.166418093617748
0.1653825391004003
0.16434698458305258
0.16331143006570484
0.1622758755483571
0.16124032103100938
0.16020476651366167
0.15916921199631393
0.1581336574789662
0.15706866894369545
0.15599264265170357
0.15491661635971166
0.15384059006771977
0.1527645637757279
0.151688537483736
0.15061251119174413
0.14953648489975224
0.14846045860776033
0.14738443231576845
0.14630064984457403
0.1452124352709781
0.14412422069738218
0.14303600612378625
0.14194779155019038
0.14085957697659446
0.13977136240299853
0.1386831478294026
0.13759493325580668
0.13650671868221076
0.13542699714577247
0.13435435314029884
0.13328170913482523
0.1322090651293516
0.13113642112387797
0.13006377711840436
0.12899113311293073
0.1279184891074571
0.12684584510198346
0.12577320109650986
0.1247177706739037
0.12368299655073858
0.12264822242757342
0.12161344830440832
0.12057867418124317
0.11954390005807802
0.1185091259349129
0.11747435181174776
0.11643957768858262
0.11540480356541749
0.11438944328146013
0.1134080572161164
0.11242667115077264
0.11144528508542889
0.11046389902008516
0.1094825129547414
0.10850112688939766
0.10751974082405391
0.10653835475871017
0.10555696869336641
0.10459269027730266
0.1036740322593188
0.10275537424133495
0.10183671622335111
0.10091805820536726
0.09999940018738343
0.09908074216939958
0.09816208415141572
0.09724342613343187
0.09632476811544805
0.0954183255071841
0.09456685224265972
0.09371537897813534
0.09286390571361096
0.09201243244908658
0.09116095918456221
0.09030948592003783
0.08945801265551345
0.08860653939098907
0.08775506612646469
0.08690978680044636
0.08612644685948845
0.08534310691853052
0.08455976697757259
0.08377642703661467
0.08299308709565675
0.08220974715469882
0.08142640721374089
0.08064306727278296
0.07985972733182503
0.0790763873908671
0.07835976074096179
0.07764313409105647
0.07692650744115115
0.07620988079124583
0.0754932541413405
0.0747766274914352
0.07406000084152987
0.07334337419162455
0.07262674754171923
0.0719101208918139
0.07125149797963293
0.0705986754412244
0.06994585290281587
0.06929303036440732
0.06864020782599878
0.06798738528759024
0.06733456274918172
0.06668174021077318
0.06602891767236464
0.0653760951339561
0.06477238619114474
0.06417959138068831
0.06358679657023189
0.06299400175977546
0.06240120694931901
0.06180841213886259
0.06121561732840615
0.06062282251794973
0.0600300277074933
0.05943723289703686
0.05888502644493968
0.05834804062722722
0.05781105480951476
0.0572740689918023
0.05673708317408983
0.05620009735637736
0.05566311153866489
0.05512612572095243
0.05458913990323998
0.05405215408552751
0.05354791092395483
0.053062377851604885
0.05257684477925494
0.05209131170690501
0.051605778634555066
0.051120245562205124
0.05063471248985518
0.05014917941750524
0.049663646345155285
0.049178113272805364
0.048718281810018256
0.048279868355200165
0.047841454900382094
0.04740304144556401
0.04696462799074594
0.04652621453592787
0.04608780108110979
0.04564938762629171
0.045210974171473635
0.04477256071665555
0.0443536665007273
0.04395819537146681
0.04356272424220631
0.04316725311294582
0.04277178198368532
0.04237631085442484
0.041980839725164344
0.04158536859590385
0.04118989746664336
0.040794426337382866
0.040413129739223085
0.040056638570489536
0.03970014740175599
0.03934365623302244
0.03898716506428889
0.03863067389555534
0.0382741827268218
0.037917691558088246
0.0375612003893547
0.03720470922062116
0.03685783671298896
0.036536613968293705
0.036215391223598445
0.03589416847890319
0.03557294573420793
0.03525172298951267
0.03493050024481741
0.03460927750012216
0.0342880547554269
0.033966832010731654
0.033651397326977216
0.03336200891745644
0.03307262050793567
0.032783232098414904
0.03249384368889413
0.03220445527937336
0.031915066869852585
0.03162567846033182
0.031336290050811046
0.03104690164129027
0.03076011997764801
0.030499405772790693
0.03023869156793337
0.02997797736307605
0.029717263158218737
0.029456548953361417
0.0291958347485041
0.028935120543646782
0.02867440633878946
0.028413692133932144
0.028152977929074827
0.02791804550872469
0.027683113088374546
0.027448180668024395
0.027213248247674248
0.0269783158273241
0.026743383406973957
0.026508450986623813
0.026273518566273663
0.026038586145923515
0.025803653725573368
0.025589766013897744
0.025377982773089582
0.02516619953228141
0.024954416291473235
0.024742633050665062
0.02453084980985689
0.024319066569048718
0.024107283328240546
0.023895500087432374
0.023683716846624202
0.02348892120830168
0.023297900592753745
0.023106879977205827
0.02291585936165789
0.022724838746109956
0.022533818130562027
0.022342797515014095
0.022151776899466163
0.02196075628391823
0.0217697356683703
0.021592243508979037
0.021419824520646533
0.021247405532314027
0.021074986543981527
0.020902567555649024
0.020730148567316514
0.02055772957898401
0.0203853105906515
0.020212891602318997
0.02004047261398649
0.01987865306240701
0.01972289033182925
0.019567127601251497
0.019411364870673745
0.019255602140095994
0.019099839409518243
0.018944076678940488
0.018788313948362736
0.01863255121778498
0.018476788487207227
0.018329155729191245
0.018188297948310075
0.018047440167428905
0.017906582386547736
0.017765724605666576
0.017624866824785403
0.017484009043904236
0.017343151263023066
0.017202293482141896
0.017061435701260726
0.01692663879050915
0.016799114923913082
0.016671591057317012
0.016544067190720945
0.016416543324124875
0.016289019457528815
0.016161495590932745
0.016033971724336675
0.01590644785774061
0.015778923991144538
0.015655736211242725
0.01554013658305586
0.015424536954868994
0.01530893732668213
0.015193337698495263
0.015077738070308397
0.014962138442121535
0.014846538813934669
0.014730939185747804
0.014615339557560938
0.01450264859432243
0.014397714070946215
0.01429277954757
0.014187845024193783
0.014082910500817567
0.01397797597744135
0.013873041454065135
0.013768106930688924
0.013663172407312707
0.013558237883936492
0.013455098354095649
0.01336003629516399
0.013264974236232331
0.013169912177300673
0.013074850118369011
0.012979788059437353
0.012884726000505695
0.012789663941574035
0.012694601882642379
0.012599539823710721
0.01250521799533851
0.012418298472560783
0.012331378949783058
0.012244459427005331
0.012157539904227608
0.01207062038144988
0.011983700858672154
0.011896781335894427
0.011809861813116702
0.011722942290338979
0.011636022767561253
0.011556751210775975
0.011477479653990699
0.01139820809720542
0.011318936540420143
0.011239664983634864
0.011160393426849588
0.01108112187006431
0.011001850313279032
0.010922578756493755
0.01084330719970848
0.010770419406916346
0.010698169990523525
0.010625920574130705
0.010553671157737884
0.010481421741345063
0.010409172324952243
0.010336922908559422
0.010264673492166601
0.010192424075773782
0.010120174659380964
0.01005278601310868
0.009986477537974296
0.00992016906283991
0.009853860587705524
0.009787552112571138
0.009721243637436754
0.009654935162302366
0.009588626687167982
0.009522318212033596
0.00945600973689921
0.009393708794325516
0.009332910676462077
0.00927211255859864
0.009211314440735202
0.009150516322871765
0.009089718205008326
0.009028920087144888
0.008968121969281451
0.008907323851418012
0.008846525733554576
0.00878887613745115
0.008733025696639161
0.00867717525582717
0.008621324815015182
0.00856547437420319
0.0085096239333912
0.008453773492579208
0.008397923051767217
0.008342072610955228
0.008286222170143236
0.008232799246101812
0.008181399252702524
0.00812999925930324
0.008078599265903954
0.008027199272504667
0.007975799279105378
0.007924399285706091
0.007872999292306806
0.007821599298907517
0.00777019930550823
0.0077206199200045705
0.007673225263975665
0.00762583060794676
0.007578435951917853
0.0075310412958889475
0.007483646639860042
0.007436251983831136
0.00738885732780223
0.007341462671773329
0.007294068015744423
0.007247986448249892
0.007204202785690513
0.007160419123131135
0.007116635460571759
0.00707285179801238
0.007029068135453002
0.006985284472893625
0.0069415008103342465
0.00689771714777487
0.0068539334852154915
0.006811039176916467
0.006770516479978386
0.006729993783040305
0.006689471086102224
0.006648948389164143
0.006608425692226062
0.006567902995287981
0.0065273802983499
0.006486857601411819
0.006446334904473737
0.006406348462910044
0.00636877517053107
0.006331201878152098
0.006293628585773125
0.006256055293394152
0.006218482001015178
0.006180908708636206
0.006143335416257233
0.006105762123878261
0.006068188831499287
0.006030858693132218
0.00599596009488418
0.005961061496636143
0.0059261628983881065
0.005891264300140069
0.005856365701892031
0.005821467103643995
0.0057865685053959575
0.00575166990714792
0.005716771308899883
0.005681872710651846
0.005649401375397802
0.0056169300401437625
0.005584458704889718
0.005551987369635676
0.005519516034381632
0.005487044699127589
0.005454573363873545
0.005422102028619502
0.005389630693365459
0.005357159358111415
0.005326696987107689
0.005296435512528994
0.005266174037950299
0.005235912563371604
0.005205651088792909
0.005175389614214215
0.00514512813963552
0.005114866665056826
0.0050846051904781305
0.005054343715899435
0.005025729248283548
0.004997480782214949
0.0049692323161463535
0.004940983850077756
0.004912735384009158
0.004884486917940561
0.004856238451871962
0.004827989985803365
0.004799741519734766
0.004771493053666169
0.0047446319484895074
0.004718291103647323
0.004691950258805137
0.004665609413962953
0.004639268569120768
0.004612927724278583
0.004586586879436398
0.004560246034594213
0.004533905189752028
0.004507564344909843
0.004482249923636982
0.00445752203011802
0.004432794136599058
0.004408066243080096
0.004383338349561136
0.004358610456042174
0.004333882562523212
0.00430915466900425
0.004284426775485288
0.0042596988819663265
0.004235814122788552
0.0042126319755617665
0.004189449828334982
0.004166267681108196
0.004143085533881412
0.004119903386654626
0.0040967212394278415
0.004073539092201056
0.004050356944974271
0.004027174797747486
0.00400464167906405
0.003982887394632633
0.003961133110201217
0.0039393788257698
0.003917624541338382
0.003895870256906966
0.0038741159724755506
0.003852361688044134
0.003830607403612717
0.0038088531191813
0.0037875764709806854
0.0037671356861839747
0.003746694901387264
0.003726254116590554
0.003705813331793843
0.003685372546997132
0.003664931762200422
0.003644490977403711
0.0036240501926070004
0.0036036094078102897
0.003583499362249749
0.003564271287985661
0.003545043213721573
0.0035258151394574845
0.003506587065193397
0.0034873589909293085
0.0034681309166652205
0.0034489028424011326
0.0034296747681370468
0.0034104466938729584
0.0033914231097147613
0.0033733197310330727
0.003355216352351385
0.0033371129736696967
0.003319009594988008
0.0033009062163063202
0.0032828028376246316
0.003264699458942944
0.003246596080261255
0.003228492701579567
0.003210483830193124
0.003193420031759137
0.003176356233325151
0.003159292434891164
0.0031422286364571773
0.0031251648380231905
0.0031081010395892037
0.003091037241155217
0.00307397344272123
0.003056909644287245
0.0030398458458532583
0.003023756823205755
0.003007667800558252
0.0029915787779107492
0.002975489755263246
0.0029594007326157433
0.00294331170996824
0.002927222687320737
0.0029111336646732338
0.0028950446420257306
0.0028789556193782274
0.0028636881180668433
0.0028485027688890698
0.002833317419711297
0.0028181320705335236
0.002802946721355751
0.002787761372177978
0.0027725760230002047
0.002757390673822432
0.0027422053246446585
0.0027270199754668854
0.0027125254582855583
0.0026981844593256623
0.0026838434603657655
0.0026695024614058695
0.0026551614624459726
0.0026408204634860762
0.00262647946452618
0.0026121384655662834
0.002597797466606387
0.0025834564676464906
0.0025696894633976783
0.0025561377071655227
0.002542585950933367
0.002529034194701212
0.0025154824384690565
0.002501930682236901
0.0024883789260047454
0.00247482716977259
0.0024612754135404347
0.002447723657308279
0.002434642499019406
0.00242183025384098
0.0024090180086625557
0.0023962057634841294
0.002383393518305704
0.002370581273127278
0.0023577690279488516
0.002344956782770426
0.0023321445375920004
0.002319332292413574
0.0023068981567243604
0.002294779112276157
0.0022826600678279535
0.00227054102337975
0.0022584219789315465
0.0022463029344833426
0.002234183890035139
0.0022220648455869357
0.0022099458011387322
0.0021978267566905283
0.0021860024068288573
0.0021745316904710245
0.002163060974113192
0.0021515902577553606
0.0021401195413975277
0.0021286488250396953
0.0021171781086818625
0.00210570739232403
0.0020942366759661973
0.002082765959608365
0.0020715198674565185
0.002060666867665147
0.0020498138678737756
0.002038960868082404
0.0020281078682910327
0.0020172548684996615
0.00200640186870829
0.0019955488689169187
0.0019846958691255474
0.001973842869334176
0.00196314738220942
0.0019528719288623043
0.0019425964755151888
0.0019323210221680732
0.0019220455688209576
0.001911770115473843
0.0019014946621267277
0.001891219208779612
0.0018809437554324964
0.0018706683020853808
0.001860491919768758
0.0018507613570893516
0.0018410307944099456
0.0018313002317305398
0.0018215696690511334
0.0018118391063717274
0.0018021085436923214
0.0017923779810129152
0.0017826474183335092
0.001772916855654103
0.0017632330614118627
0.00175401695154128
0.0017448008416706968
0.0017355847318001136
0.0017263686219295311
0.0017171525120589482
0.0017079364021883653
0.0016987202923177832
0.0016895041824472002
0.0016802880725766173
0.0016710719627060344
0.001662341367560607
0.0016536107724151802
0.0016448801772697532
0.0016361495821243257
0.0016274189869788988
0.0016186883918334716
0.0016099577966880445
0.0016012272015426172
0.0015924966063971902
0.001583766011251763
0.001575452451796463
0.0015671805959101754
0.0015589087400238882
0.0015506368841376006
0.0015423650282513131
0.0015340931723650257
0.0015258213164787383
0.0015175494605924509
0.0015092776047061643
0.0015010057488198767
0.0014930894344802343
0.0014852521293731795
0.0014774148242661248
0.0014695775191590705
0.0014617402140520155
0.001453902908944961
0.0014460656038379062
0.0014382282987308514
0.0014303909936237964
0.001422553688516742
0.0014150154410946696
0.001407589340304466
0.001400163239514262
0.001392737138724058
0.0013853110379338546
0.0013778849371436507
0.001370458836353447
0.001363032735563243
0.0013556066347730391
0.001348180533982836
0.0013409985975127094
0.0013339561835111983
0.001326913769509687
0.0013198713555081757
0.0013128289415066646
0.0013057865275051535
0.0012987441135036421
0.0012917016995021308
0.0012846592855006197
0.0012776168714991084
0.0012707796358577019
0.0012641133821830492
0.0012574471285083963
0.0012507808748337436
0.0012441146211590907
0.0012374483674844378
0.001230782113809785
0.0012241158601351322
0.0012174496064604795
0.0012107833527858266
0.0012042756642546633
0.0011979582538956877
0.0011916408435367113
0.001185323433177735
0.0011790060228187588
0.0011726886124597826
0.0011663712021008064
0.0011600537917418302
0.001153736381382854
0.0011474189710238777
0.0011412222079109032
0.0011352365774784318
0.0011292509470459601
0.0011232653166134887
0.0011172796861810173
0.0011112940557485456
0.0011053084253160742
0.0010993227948836027
0.001093337164451131
0.0010873515340186597
0.001081451612171326
0.0010757802465510273
0.0010701088809307287
0.0010644375153104303
0.0010587661496901319
0.001053094784069833
0.0010474234184495344
0.0010417520528292357
0.0010360806872089369
0.0010304093215886382
0.0010247921815862992
0.0010194190568647778
0.0010140459321432566
0.0010086728074217351
0.0010032996827002139
0.0009979265579786924
0.0009925534332571712
0.00098718030853565
0.0009818071838141285
0.0009764340590926073
0.0009710866314907692
0.0009659961750857618
0.0009609057186807544
0.000955815262275747
0.0009507248058707402
0.0009456343494657328
0.0009405438930607255
0.0009354534366557182
0.0009303629802507108
0.0009252725238457035
0.0009201820674406961
0.0009153600555174389
0.0009105380435941816
0.0009057160316709243
0.000900894019747667
0.0008960720078244099
0.0008912499959011524
0.0008864279839778952
0.0008816059720546379
0.0008767839601313807
0.0008719619482081234
0.0008673712828122274
0.0008628037520690674
0.0008582362213259076
0.0008536686905827477
0.0008491011598395876
0.0008445336290964281
0.0008399660983532683
0.0008353985676101084
0.0008308310368669485
0.0008262635061237881
0.0008218933661975022
0.0008175670908971885
0.0008132408155968746
0.0008089145402965607
0.000804588264996247
0.0008002619896959331
0.0007959357143956201
0.0007916094390953062
0.0007872831637949924
0.0007829568884946786
0.0007787974005916099
0.0007747004579625083
0.0007706035153334066
0.0007665065727043049
0.0007624096300752032
0.0007583126874461015
0.0007542157448169999
0.0007501188021878982
0.0007460218595587965
0.0007419249169296949
0.0007379659576682314
0.0007340858460454185
0.0007302057344226055
0.0007263256227997925
0.0007224455111769796
0.0007185653995541667
0.0007146852879313537
0.0007108051763085408
0.0007069250646857279
0.0007030449530629148
0.0006992725825214014
0.0006955899962143039
0.0006919074099072064
0.0006882248236001091
0.0006845422372930116
0.0006808596509859143
0.0006771770646788168
0.0006734944783717195
0.000669811892064622
0.0006661293057575246
0.0006625399513348113
0.0006590624751733592
0.000655584999011907
0.0006521075228504548
0.0006486300466890028
0.0006451525705275505
0.0006416750943660985
0.0006381976182046462
0.000634720142043194
0.0006312426658817425
0.0006278324960103932
0.0006245401121467237
0.0006212477282830543
0.0006179553444193848
0.0006146629605557155
0.0006113705766920461
0.0006080781928283766
0.0006047858089647072
0.0006014934251010377
0.0005982010412373684
0.000594956466649737
0.0005918393834648737
0.0005887223002800103
0.0005856052170951471
0.0005824881339102837
0.0005793710507254204
0.0005762539675405571
0.0005731368843556938
0.0005700198011708305
0.0005669027179859671
0.0005638159127070003
0.0005608653580045678
0.0005579148033021352
0.0005549642485997025
0.00055201369389727
0.0005490631391948373
0.0005461125844924047
0.0005431620297899722
0.0005402114750875396
0.000537260920385107
0.0005343247218043731
0.0005315320844406268
0.0005287394470768805
0.0005259468097131342
0.0005231541723493879
0.0005203615349856415
0.0005175688976218953
0.000514776260258149
0.0005119836228944027
0.0005091909855306563
0.00050639834816691
0.0005037549595316472
0.0005011115708963843
0.0004984681822611217
0.0004958247936258589
0.0004931814049905959
0.0004905380163553331
0.00048789462772007015
0.0004852512390848072
0.0004826078504495443
0.0004799644618142814
0.0004774499810037652
0.0004749483909757237
0.00047244680094768205
0.00046994521091964057
0.000467443620891599
0.0004649420308635575
0.00046244044083551593
0.0004599388508074744
0.00045743726077943287
0.00045493567075139134
0.0004525436451942626
0.0004501759672973367
0.0004478082894004108
0.00044544061150348496
0.0004430729336065591
0.00044070525570963327
0.0004383375778127073
0.0004359698999157815
0.0004336022220188556
0.0004312345441219297
0.0004289595891603469
0.00042671940529951773
0.0004244792214386885
0.0004222390375778594
0.0004199988537170302
0.00041775866985620106
0.0004155184859953719
0.00041327830213454275
0.00041103811827371354
0.00040879793441288433
0.00040663392669409374
0.0004045134481993251
0.00040239296970455657
0.00040027249120978787
0.0003981520127150193
0.0003960315342202511
0.00039391105572548243
0.0003917905772307138
0.0003896700987359452
0.00038754962024117656
0.0003854916083597733
0.0003834856519895079
0.00038147969561924244
0.000379473739248977
0.00037746778287871166
0.0003754618265084462
0.00037345587013818077
0.0003714499137679153
0.0003694439573976499
0.0003674380010273845
0.0003654810249323308
0.00036358282516753135
0.00036168462540273186
0.00035978642563793236
0.0003578882258731329
0.0003559900261083334
0.0003540918263435339
0.0003521936265787344
0.000350295426813935
0.0003483972270491355
0.0003465361871666303
0.00034474017707814
0.0003429441669896497
0.0003411481569011594
0.00033935214681266913
0.0003375561367241788
0.00033576012663568853
0.00033396411654719823
0.00033216810645870793
0.00033037209637021763
0.00032860240845446816
0.00032690291299936086
0.0003252034175442536
0.00032350392208914624
0.00032180442663403894
0.00032010493117893163
0.00031840543572382433
0.000316705940268717
0.0003150064448136098
0.00031330694935850274
0.00031162409564113063
0.000310016129743567
0.0003084081638460033
0.0003068001979484397
0.00030519223205087605
0.00030358426615331236
0.00030197630025574873
0.0003003683343581851
0.0002987603684606214
0.00029715240256305783
0.0002955523061668562
0.00029403090478427563
0.000292509503401695
0.00029098810201911435
0.0002894667006365337
0.00028794529925395306
0.00028642389787137247
0.0002849024964887918
0.0002833810951062112
0.0002818596937236305
0.0002803382923410499
