0.28691552101796813
0.33438303887960646
0.3818505567412446
0.42931807460288296
0.47678559246452107
0.5242531103261594
0.5717206281877976
0.6191881460494358
0.666655663911074
0.7141231817727123
0.7615906996343506
0.8101419315408898
0.858801534851919
0.9074611381629483
0.9561207414739779
1.004780344785007
1.0534399480960361
1.1020995514070655
1.150759154718095
1.1994187580291242
1.2480783613401534
1.2901703773202136
1.3308029294489465
1.37143548157768
1.4120680337064133
1.4527005858351467
1.49333313796388
1.533965690092613
1.5745982422213465
1.6152307943500797
1.6558633464788128
1.6885650160317462
1.7182926046187552
1.748020193205764
1.7777477817927725
1.8074753703797812
1.83720295896679
1.8669305475537987
1.8966581361408075
1.9263857247278162
1.9561133133148247
1.9791011457895742
1.998237689057318
2.0173742323250616
2.0365107755928054
2.055647318860549
2.0747838621282932
2.093920405396037
2.1130569486637807
2.1321934919315244
2.1513300351992686
2.1655681310740893
2.1757241874548074
2.185880243835526
2.1960363002162446
2.2061923565969632
2.2163484129776814
2.2265044693584
2.2366605257391186
2.246816582119837
2.2569726385005553
2.2639200590373094
2.267017116561306
2.270114174085302
2.2732112316092987
2.2763082891332953
2.279405346657292
2.2825024041812885
2.285599461705285
2.288696519229281
2.2917935767532778
2.2929743612168423
2.2908016678246503
2.288628974432459
2.286456281040267
2.2842835876480754
2.282110894255884
2.279938200863692
2.2777655074715
2.2755928140793085
2.2734201206871165
2.2702196636543888
2.2642785035802304
2.258337343506072
2.252396183431914
2.246455023357756
2.2405138632835975
2.234572703209439
2.228631543135281
2.2226903830611224
2.216749222986964
2.2103393392075397
2.2018201987544157
2.1933010583012917
2.184781917848168
2.176262777395044
2.1677436369419203
2.1592244964887963
2.1507053560356724
2.1421862155825484
2.133667075129425
2.124996635697343
2.1148132064756835
2.104629777254024
2.0944463480323643
2.0842629188107047
2.074079489589045
2.0638960603673855
2.053712631145726
2.0435292019240663
2.0333457727024067
2.023162343480747
2.0119481797776495
2.000734016074552
1.9895198523714543
1.9783056886683565
1.9670915249652592
1.9558773612621616
1.9446631975590638
1.9334490338559662
1.9222348701528686
1.911020706449771
1.8994002110524866
1.8877390824857836
1.8760779539190806
1.864416825352377
1.8527556967856742
1.841094568218971
1.829433439652268
1.8177723110855648
1.8061111825188618
1.7944500539521586
1.782724339918458
1.7709842735587578
1.7592442071990582
1.7475041408393583
1.735764074479658
1.724024008119958
1.7122839417602582
1.7005438754005584
1.6888038090408584
1.6770637426811585
1.6654366495834463
1.6538519214589797
1.6422671933345134
1.6306824652100467
1.6190977370855801
1.6075130089611136
1.5959282808366468
1.5843435527121803
1.5727588245877138
1.5611740964632472
1.5498041005019525
1.5385568086338983
1.5273095167658444
1.5160622248977906
1.5048149330297367
1.4935676411616825
1.4823203492936288
1.4710730574255746
1.4598257655575204
1.448578473689467
1.4375758983687017
1.4267772535040104
1.4159786086393191
1.4051799637746278
1.3943813189099368
1.3835826740452455
1.3727840291805544
1.3619853843158631
1.3511867394511718
1.3403880945864806
1.3298393547276544
1.3195905008758657
1.3093416470240766
1.2990927931722882
1.2888439393204993
1.278595085468711
1.268346231616922
1.2580973777651334
1.2478485239133448
1.237599670061556
1.2275629766627079
1.2178975640565062
1.208232151450304
1.1985667388441024
1.1889013262379005
1.1792359136316986
1.1695705010254969
1.1599050884192952
1.150239675813093
1.1405742632068914
1.1310736708323095
1.1220125990753818
1.1129515273184536
1.1038904555615257
1.0948293838045977
1.0857683120476698
1.0767072402907416
1.0676461685338134
1.0585850967768855
1.0495240250199578
1.0405734314334265
1.0321199896136797
1.023666547793933
1.0152131059741862
1.0067596641544394
0.9983062223346928
0.989852780514946
0.9813993386951994
0.9729458968754525
0.9644924550557058
0.9560933920529862
0.9482381172205332
0.9403828423880802
0.9325275675556273
0.9246722927231744
0.9168170178907213
0.9089617430582684
0.9011064682258154
0.8932511933933625
0.8853959185609095
0.8775406437284565
0.8702652322578448
0.8629898207872327
0.8557144093166207
0.8484389978460087
0.8411635863753966
0.8338881749047846
0.8266127634341726
0.8193373519635605
0.8120619404929486
0.8047865290223364
0.7980161630197077
0.7912963015638773
0.7845764401080468
0.7778565786522162
0.7711367171963857
0.7644168557405551
0.7576969942847245
0.750977132828894
0.7442572713730634
0.7375374099172329
0.7312368019133575
0.7250293613432498
0.7188219207731427
0.712614480203035
0.7064070396329274
0.7001995990628198
0.6939921584927123
0.6877847179226048
0.6815772773524972
0.6753698367823896
0.6695294614818875
0.6638267356574877
0.6581240098330878
0.652421284008688
0.6467185581842883
0.6410158323598882
0.6353131065354883
0.6296103807110884
0.6239076548866885
0.6182049290622886
0.6128124835486384
0.607597341069702
0.6023821985907657
0.5971670561118294
0.5919519136328935
0.5867367711539571
0.5815216286750209
0.5763064861960846
0.5710913437171483
0.5658762012382121
0.5608895489118072
0.5560933050458451
0.5512970611798831
0.546500817313921
0.5417045734479591
0.536908329581997
0.532112085716035
0.527315841850073
0.5225195979841109
0.5177233541181487
0.5131134839533046
0.5087272622298018
0.504341040506299
0.49995481878279624
0.4955685970592935
0.491182375335791
0.48679615361228823
0.48240993188878545
0.47802371016528267
0.4736374884417799
0.46938278271916295
0.4653582299980961
0.46133367727702934
0.4573091245559626
0.4532845718348958
0.449260019113829
0.4452354663927624
0.4412109136716956
0.4371863609506288
0.433161808229562
0.4292343527608478
0.425565823298407
0.4218972938359662
0.4182287643735253
0.41456023491108446
0.4108917054486436
0.40722317598620283
0.40355464652376216
0.3998861170613213
0.3962175875988805
0.39260496984438653
0.38924395477565316
0.3858829397069199
0.38252192463818663
0.3791609095694533
0.37579989450072004
0.3724388794319867
0.36907786436325346
0.3657168492945203
0.362355834225787
0.35902167071093516
0.35595602273489746
0.35289037475885987
0.3498247267828222
0.3467590788067846
0.34369343083074694
0.3406277828547093
0.3375621348786716
0.334496486902634
0.33143083892659647
0.3283651909505588
0.32556179154073284
0.3227583921309069
0.31995499272108097
0.317151593311255
0.314348193901429
0.31154479449160305
0.3087413950817771
0.3059379956719511
0.30313459626212513
0.3003311968522993
0.2977501764729009
0.2951913939965452
0.29263261152018955
0.2900738290438339
0.28751504656747817
0.2849562640911225
0.28239748161476685
0.2798386991384112
0.27727991666205554
0.27472113418569993
0.2723481318764817
0.2700164140488496
0.2676846962212174
0.26535297839358524
0.26302126056595304
0.2606895427383209
0.2583578249106887
0.25602610708305656
0.2536943892554244
0.25136267142779223
0.24917711117658847
0.24704636001654523
0.24491560885650196
0.2427848576964587
0.24065410653641542
0.23852335537637218
0.2363926042163289
0.23426185305628563
0.23213110189624236
0.23000035073619912
0.22798847449962473
0.22604452679074688
0.22410057908186892
0.22215663137299102
0.22021268366411306
0.21826873595523516
0.21632478824635726
0.2143808405374793
0.21243689282860137
0.21049294511972347
0.20864200152689225
0.2068685613641
0.2050951212013078
0.20332168103851556
0.2015482408757233
0.19977480071293102
0.19800136055013873
0.19622792038734646
0.1944544802245542
0.19268104006176195
0.19098025454787415
0.18936665461267174
0.18775305467746936
0.18613945474226695
0.18452585480706457
0.18291225487186216
0.18129865493665975
0.17968505500145734
0.1780714550662551
0.17645785513105272
0.1748944642217947
0.1734189391079394
0.17194341399408403
0.17046788888022874
0.1689923637663734
0.1675168386525181
0.16604131353866275
0.16456578842480746
0.1630902633109521
0.1616147381970968
0.160174051938694
0.15882626929483115
0.15747848665096834
0.1561307040071055
0.15478292136324268
0.15343513871937986
0.15208735607551702
0.1507395734316542
0.14939179078779136
0.1480440081439285
0.14671765948903578
0.14548776378450776
0.1442578680799797
0.14302797237545165
0.1417980766709236
0.14056818096639556
0.13933828526186753
0.1381083895573395
0.13687849385281145
0.1356485981482834
0.13442866614432059
0.13330837114601013
0.13218807614769962
0.13106778114938916
0.12994748615107868
0.1288271911527682
0.12770689615445774
0.12658660115614723
0.12546630615783677
0.12434601115952629
0.1232257161612158
0.12220072912983027
0.12117574209844484
0.1201507550670593
0.11912576803567379
0.11810078100428824
0.11707579397290271
0.11605080694151718
0.11502581991013165
0.11400083287874611
0.11297584584736059
0.11203196922034438
0.11109620363376509
0.11016043804718581
0.10922467246060652
0.10828890687402723
0.10735314128744795
0.10641737570086868
0.10548161011428939
0.1045458445277101
0.1036100789411308
0.10274074271537596
0.10188616856980431
0.10103159442423273
0.1001770202786611
0.09932244613308944
0.09846787198751779
0.09761329784194614
0.09675872369637449
0.09590414955080284
0.0950495754052312
0.09424887175876188
0.09346836954945598
0.09268786734015005
0.09190736513084413
0.09112686292153821
0.09034636071223229
0.08956585850292638
0.08878535629362047
0.08800485408431455
0.08722435187500863
0.08648634628073097
0.08577262446646944
0.08505890265220795
0.08434518083794643
0.08363145902368496
0.08291773720942347
0.08220401539516195
0.08149029358090043
0.08077657176663891
0.08006284995237742
0.07938301065247391
0.07873140678120209
0.07807980290993027
0.07742819903865847
0.07677659516738665
0.07612499129611483
0.07547338742484301
0.0748217835535712
0.07417017968229939
0.07351857581102758
0.07289240038023057
0.07229673907800331
0.07170107777577607
0.07110541647354883
0.07050975517132159
0.06991409386909433
0.06931843256686715
0.06872277126463991
0.06812710996241267
0.06753144866018543
0.06695429917760888
0.06640954537942108
0.06586479158123328
0.06532003778304547
0.06477528398485766
0.06423053018666985
0.06368577638848205
0.06314102259029425
0.06259626879210643
0.06205151499391863
0.06151938830821466
0.0610209339224676
0.06052247953672053
0.060024025150973465
0.059525570765226396
0.05902711637947933
0.05852866199373226
0.05803020760798519
0.05753175322223818
0.05703329883649111
0.05654260172690932
0.05608681236007133
0.05563102299323333
0.05517523362639534
0.05471944425955734
0.05426365489271935
0.05380786552588136
0.053352076159043374
0.05289628679220537
0.05244049742536738
0.05198821095999206
0.05157095350924344
0.05115369605849482
0.050736438607746195
0.05031918115699757
0.049901923706248956
0.04948466625550034
0.04906740880475171
0.04865015135400309
0.048232893903254505
0.04781563645250589
0.04743371941300061
0.04705180237349535
0.04666988533399007
0.046287968294484796
0.04590605125497953
0.04552413421547426
0.04514221717596898
0.044760300136463704
0.044378383096958435
0.043996466057453165
0.04364378960579895
0.043294037212929834
0.04294428482006072
0.042594532427191606
0.042244780034322485
0.04189502764145338
0.041545275248584264
0.04119552285571515
0.040845770462846036
0.04049601806997693
0.04017017603424436
0.03984964741120877
0.03952911878817318
0.03920859016513759
0.038888061542102004
0.03856753291906641
0.03824700429603082
0.03792647567299523
0.03760594704995964
0.03728541842692405
0.036984454261771424
0.03669082676832491
0.0363971992748784
0.036103571781431885
0.035809944287985375
0.035516316794538864
0.03522268930109235
0.034929061807645836
0.03463543431419932
0.03434180682075281
0.034063744333648775
0.03379457613588331
0.03352540793811786
0.03325623974035239
0.03298707154258693
0.032717903344821456
0.032448735147055985
0.032179566949290514
0.03191039875152504
0.03164123055375957
0.031384240874266243
0.031137399959999697
0.030890559045733144
0.030643718131466595
0.03039687721720005
0.0301500363029335
0.029903195388666953
0.0296563544744004
0.029409513560133854
0.029162672645867305
0.028925253502912023
0.02869914048553026
0.028473027468148494
0.028246914450766752
0.028020801433384986
0.027794688416003223
0.02756857539862146
0.027342462381239694
0.02711634936385793
0.026890236346476165
0.026670784700496226
0.02646299045446949
0.02625519620844274
0.026047401962416006
0.02583960771638926
0.02563181347036252
0.025424019224335775
0.025216224978309033
0.025008430732282295
0.02480063648625555
0.024597489842763047
0.024406736806028523
0.024215983769293997
0.02402523073255947
0.023834477695824946
0.023643724659090433
0.023452971622355906
0.02326221858562138
0.023071465548886852
0.02288071251215233
0.022692792249257465
0.02251761946864109
0.022342446688024716
0.022167273907408344
0.021992101126791966
0.021816928346175594
0.02164175556555922
0.021466582784942845
0.02129141000432647
0.0211162372237101
0.020942379619215568
0.02078167377593947
0.020620967932663367
0.02046026208938727
0.02029955624611117
0.02013885040283507
0.019978144559558972
0.019817438716282887
0.019656732873006788
0.01949602702973069
0.01933532118645459
0.01918749361379895
0.019039666041143308
0.018891838468487666
0.018744010895832025
0.01859618332317639
0.01844835575052075
0.018300528177865105
0.018152700605209467
0.018004873032553825
0.017857045459898184
0.017720093644461976
0.017584229404747707
0.017448365165033446
0.01731250092531918
0.01717663668560491
0.017040772445890646
0.016904908206176385
0.016769043966462116
0.01663317972674786
0.016497315487033596
0.016370399705626544
0.016245472470509986
0.016120545235393427
0.015995618000276872
0.01587069076516031
0.01574576353004375
0.015620836294927193
0.015495909059810634
0.015370981824694076
0.015246054589577517
0.015128424190137593
0.015013530104076408
0.014898636018015223
0.014783741931954038
0.014668847845892853
0.014553953759831668
0.014439059673770484
0.014324165587709298
0.014209271501648114
0.014094377415586938
0.01398515667324356
0.013879177841596067
0.013773199009948577
0.013667220178301086
0.013561241346653596
0.013455262515006105
0.013349283683358613
0.013243304851711123
0.013137326020063633
0.01303134718841614
0.01293013733293668
0.012832901624263907
0.012735665915591134
0.012638430206918362
0.01254119449824559
0.012443958789572817
0.012346723080900044
0.012249487372227273
0.0121522516635545
0.012055015954881728
0.01196128619359741
0.011871763569179248
0.011782240944761078
0.011692718320342904
0.011603195695924733
0.011513673071506561
0.01142415044708839
0.011334627822670218
0.011245105198252048
0.011155582573833877
0.01106862910918453
0.010986171674130633
0.010903714239076736
0.010821256804022837
0.010738799368968939
0.010656341933915042
0.010573884498861144
0.010491427063807247
0.010408969628753349
0.010326512193699452
0.010245814469550567
0.010169809307815051
0.010093804146079535
0.010017798984344026
0.00994179382260851
0.009865788660872996
0.009789783499137478
0.009713778337401963
0.009637773175666447
0.009561768013930931
0.009486858561220538
0.009416879799123205
0.009346901037025868
0.009276922274928531
0.009206943512831198
0.009136964750733861
0.009066985988636526
0.008997007226539191
0.008927028464441857
0.00885704970234452
0.008787565543984343
0.008723027422995723
0.008658489302007105
0.008593951181018487
0.008529413060029876
0.008464874939041257
0.008400336818052639
0.00833579869706402
0.008271260576075402
0.008206722455086784
0.008142184334098166
0.008082683389173805
0.008023182444249443
0.007963681499325082
0.007904180554400722
0.00784467960947636
0.007785178664551999
0.007725677719627637
0.007666176774703276
0.007606675829778914
0.007547174884854553
0.007491886346500459
0.0074370190488033915
0.007382151751106326
0.007327284453409258
0.007272417155712191
0.00721754985801513
0.007162682560318063
0.007107815262620995
0.007052947964923928
0.0069980806672268565
0.00694667451237101
0.006896037500368769
0.0068454004883665275
0.006794763476364287
0.006744126464362046
0.006693489452359804
0.006642852440357572
0.006592215428355331
0.006541578416353089
0.006490941404350848
0.006443142111823985
0.006396406964100388
0.006349671816376792
0.006302936668653196
0.006256201520929599
0.006209466373206003
0.0061627312254824065
0.006115996077758809
0.006069260930035213
0.0060225257823116165
0.005978071052840999
0.0059349194195149405
0.005891767786188882
0.005848616152862823
0.005805464519536765
0.005762312886210706
0.005719161252884648
0.005676009619558589
0.005632857986232531
0.005589706352906473
0.005548140330383738
0.005507895650197105
0.005467650970010472
0.00542740628982384
0.005387161609637208
0.005346916929450575
0.005306672249263943
0.00526642756907731
0.005226182888890677
0.005185938208704045
0.005147270003178296
0.00511049356724561
0.005073717131312922
0.0050369406953802345
0.005000164259447548
0.00496338782351486
0.004926611387582173
0.004889834951649486
0.004853058515716799
0.0048162820797841175
0.004780520512219686
0.004746534964299702
0.004712549416379717
0.004678563868459733
0.004644578320539749
0.004610592772619765
0.004576607224699781
0.004542621676779796
0.0045086361288598125
0.0044746505809398285
0.004441364377386665
0.004409943092145024
0.004378521806903383
0.004347100521661742
0.004315679236420102
0.00428425795117846
0.00425283666593682
0.0042214153806951794
0.004189994095453538
0.004158572810211898
0.004127579368869859
0.00409851122507603
0.0040694430812822
0.004040374937488371
0.004011306793694542
0.003982238649900712
0.003953170506106883
0.003924102362313053
0.0038950342185192243
0.0038659660747253945
0.003837093968213767
0.0038101822345241554
0.003783270500834543
0.003756358767144931
0.0037294470334553187
0.003702535299765707
0.0036756235660760942
0.003648711832386482
0.0036218000986968702
0.003594888365007258
0.0035679766313176458
0.003543097696557406
0.003518218761797166
0.003493339827036931
0.0034684608922766914
0.003443581957516452
0.0034187030227562118
0.0033938240879959718
0.003368945153235732
0.003344066218475492
0.003319187283715252
0.0032959879282033647
0.0032729565306163126
0.0032499251330292593
0.0032268937354422073
0.003203862337855155
0.0031808309402681025
0.0031577995426810496
0.0031347681450939976
0.003111736747506945
0.0030887053499198927
0.0030670557754658026
0.0030457132728190367
0.003024370770172271
0.0030030282675255057
0.0029816857648787398
0.0029603432622319742
0.0029390007595852087
0.0029176582569384432
0.0028963157542916773
0.0028749732516449122
0.0028547854321500686
0.002835030618837196
0.0028152758055243234
0.002795520992211451
0.0027757661788985785
0.002756011365585706
0.002736256552272833
0.002716501738959961
0.0026967469256470884
0.0026769921123342157
0.0026581603677212555
0.0026398560909368157
0.0026215518141523763
0.0026032475373679365
0.0025849432605834968
0.002566638983799061
0.0025483347070146215
0.0025300304302301817
0.002511726153445742
0.0024934218766613026
0.0024758471268148184
0.0024588803160832985
0.0024419135053517773
0.002424946694620257
0.0024079798838887367
0.002391013073157216
0.002374046262425695
0.002357079451694175
0.0023401126409626537
0.0023231458302311334
0.0023067337948110846
0.0022909874897648016
0.002275241184718519
0.002259494879672236
0.002243748574625953
0.00222800226957967
0.0022122559645333874
0.002196509659487105
0.002180763354440822
0.002165017049394539
0.002149695592885387
0.0021351176213162152
0.002120539649747043
0.0021059616781778706
0.0020913837066086987
0.002076805735039527
0.0020622277634703545
0.002047649791901182
0.0020330718203320102
0.0020184938487628383
0.0020041997866530564
0.0019906628164349832
0.00197712584621691
0.0019635888759988365
0.0019500519057807633
0.00193651493556269
0.0019229779653446165
0.0019094409951265433
0.0018959040249084697
0.0018823670546903987
0.00186900269946244
0.0018564151116899968
0.0018438275239175536
0.0018312399361451103
0.0018186523483726673
0.001806064760600224
0.0017934771728277809
0.0017808895850553379
0.0017683019972828946
0.0017557144095104514
0.0017432079980289573
0.001731513349456956
0.0017198187008849548
0.0017081240523129531
0.001696429403740952
0.0016847347551689506
0.0016730401065969494
0.001661345458024948
0.0016496508094529466
0.0016379561608809456
0.0016262615123089441
