0.25261696641325027
0.27760877188535704
0.3026005773574637
0.3275923828295705
0.35258418830167715
0.3775759937737839
0.40256779924589065
0.42755960471799737
0.45255141019010414
0.47754321566221086
0.5025350211343176
0.5273688478328502
0.5521868766540252
0.5770049054752004
0.6018229342963757
0.6266409631175507
0.6514589919387258
0.6762770207599009
0.7010950495810762
0.7259130784022513
0.7507311072234264
0.7716723519335714
0.7917520890634873
0.8118318261934032
0.8319115633233192
0.8519913004532351
0.8720710375831511
0.8921507747130669
0.9122305118429829
0.9323102489728989
0.9523899861028149
0.968178497821612
0.98235780001124
0.9965371022008676
1.0107164043904955
1.0248957065801232
1.039075008769751
1.0532543109593788
1.0674336131490065
1.0816129153386345
1.095792217528262
1.1064648918480446
1.1151337788136302
1.1238026657792153
1.1324715527448006
1.1411404397103861
1.1498093266759715
1.1584782136415568
1.167147100607142
1.1758159875727274
1.1844848745383127
1.190667570469274
1.1947784405380482
1.1988893106068224
1.2030001806755966
1.2071110507443708
1.211221920813145
1.2153327908819194
1.2194436609506936
1.2235545310194678
1.227665401088242
1.2301783527350034
1.2307738022753498
1.231369251815696
1.2319647013560424
1.2325601508963886
1.2331556004367348
1.2337510499770812
1.2343464995174274
1.2349419490577735
1.2355373985981197
1.2351949694852429
1.2332112527292252
1.2312275359732077
1.2292438192171902
1.2272601024611727
1.225276385705155
1.2232926689491372
1.2213089521931197
1.2193252354371023
1.2173415186810845
1.2148642971056742
1.2110710626785495
1.2072778282514247
1.2034845938243
1.1996913593971752
1.1958981249700504
1.1921048905429257
1.188311656115801
1.1845184216886762
1.1807251872615516
1.1767123234028238
1.1717111271018832
1.1667099308009425
1.1617087345000017
1.1567075381990608
1.1517063418981202
1.1467051455971793
1.1417039492962386
1.1367027529952978
1.1317015566943571
1.1266320092488653
1.1208789503578616
1.1151258914668578
1.1093728325758543
1.1036197736848505
1.0978667147938472
1.0921136559028435
1.08636059701184
1.0806075381208362
1.0748544792298327
1.069101420338829
1.062933475219935
1.056765530101041
1.0505975849821467
1.0444296398632527
1.0382616947443586
1.0320937496254645
1.0259258045065707
1.0197578593876764
1.0135899142687825
1.0074219691498882
1.0010723226502853
0.9947045060126118
0.9883366893749381
0.9819688727372642
0.9756010560995905
0.9692332394619168
0.9628654228242431
0.9564976061865694
0.9501297895488956
0.9437619729112219
0.9374164544013769
0.9310758910310492
0.9247353276607218
0.9183947642903943
0.9120542009200667
0.9057136375497391
0.8993730741794116
0.8930325108090841
0.8866919474387566
0.8803513840684289
0.8741201492804269
0.867929912710797
0.861739676141167
0.8555494395715371
0.849359203001907
0.8431689664322772
0.8369787298626471
0.8307884932930172
0.8245982567233874
0.8184080201537572
0.8123558957057005
0.8063826924699711
0.8004094892342417
0.7944362859985123
0.788463082762783
0.7824898795270536
0.776516676291324
0.7705434730555947
0.7645702698198653
0.7585970665841361
0.7527720583505054
0.7470705459519571
0.7413690335534087
0.7356675211548603
0.7299660087563122
0.7242644963577638
0.7185629839592156
0.7128614715606671
0.7071599591621188
0.7014584467635705
0.695892854139952
0.6904903652462493
0.6850878763525464
0.6796853874588437
0.6742828985651408
0.668880409671438
0.6634779207777353
0.6580754318840323
0.6526729429903295
0.6472704540966268
0.6419878151798225
0.6369149137225908
0.631842012265359
0.6267691108081272
0.6216962093508955
0.6166233078936638
0.6115504064364322
0.6064775049792004
0.6014046035219686
0.596331702064737
0.5913486270451526
0.5866050891926275
0.5818615513401026
0.5771180134875777
0.5723744756350526
0.5676309377825277
0.5628873999300028
0.5581438620774778
0.5534003242249528
0.5486567863724281
0.5439727655145884
0.5395565711328322
0.5351403767510761
0.53072418236932
0.5263079879875637
0.5218917936058076
0.5174755992240514
0.5130594048422954
0.5086432104605392
0.5042270160787831
0.49983984292820116
0.49574288208935974
0.4916459212505183
0.48754896041167695
0.4834519995728355
0.4793550387339941
0.4752580778951527
0.47116111705631125
0.46706415621746983
0.4629671953786284
0.45887023453978704
0.4550806495795442
0.45129106461930124
0.4475014796590581
0.44371189469881517
0.43992230973857216
0.43613272477832915
0.43234313981808614
0.4285535548578431
0.4247639698976001
0.42097438493735706
0.41745110799737456
0.41395446185941825
0.4104578157214618
0.40696116958350526
0.40346452344554873
0.3999678773075922
0.3964712311696357
0.39297458503167926
0.3894779388937228
0.38598129275576626
0.38271118068911114
0.3794914095271896
0.3762716383652684
0.37305186720334693
0.3698320960414255
0.366612324879504
0.36339255371758256
0.3601727825556611
0.35695301139373964
0.3537332402318182
0.3507025721743656
0.34774281778108895
0.3447830633878123
0.34182330899453567
0.338863554601259
0.3359038002079823
0.3329440458147056
0.3299842914214289
0.32702453702815215
0.3240647826348755
0.32126576170428756
0.3185585884666645
0.3158514152290416
0.3131442419914186
0.31043706875379573
0.30772989551617275
0.3050227222785498
0.30231554904092683
0.29960837580330385
0.29690120256568087
0.29431135810325615
0.29181928762016324
0.2893272171370703
0.28683514665397747
0.2843430761708847
0.28185100568779176
0.2793589352046989
0.27686686472160604
0.27437479423851313
0.2718827237554202
0.26948813283482564
0.2672105173892289
0.26493290194363217
0.2626552864980355
0.2603776710524388
0.25810005560684224
0.2558224401612455
0.25354482471564876
0.2512672092700521
0.2489895938244554
0.24678035727595907
0.24469078379738837
0.24260121031881768
0.240511636840247
0.2384220633616763
0.23633248988310562
0.23424291640453504
0.23215334292596435
0.23006376944739365
0.22797419596882296
0.22593329000932322
0.2240221641006792
0.22211103819203523
0.2201999122833912
0.21828878637474722
0.2163776604661032
0.2144665345574592
0.2125554086488153
0.21064428274017127
0.2087331568315273
0.20685187246334394
0.20510487502723332
0.20335787759112278
0.2016108801550122
0.1998638827189016
0.198116885282791
0.1963698878466804
0.19462289041056985
0.19287589297445934
0.19112889553834875
0.18939560176593367
0.18779934463047387
0.18620308749501407
0.18460683035955427
0.18301057322409447
0.18141431608863468
0.17981805895317488
0.17822180181771508
0.1766255446822553
0.17502928754679556
0.17343303041133576
0.17197482514466567
0.17051661987799555
0.16905841461132542
0.16760020934465533
0.16614200407798524
0.16468379881131512
0.163225593544645
0.1617673882779749
0.16030918301130478
0.15885097774463475
0.15750775717526627
0.15617603507562794
0.1548443129759896
0.15351259087635127
0.15218086877671294
0.15084914667707464
0.1495174245774363
0.14818570247779797
0.14685398037815967
0.1455222582785214
0.14428523038493865
0.14306924564825715
0.14185326091157566
0.14063727617489416
0.13942129143821264
0.13820530670153117
0.13698932196484964
0.13577333722816817
0.13455735249148665
0.13334136775480518
0.1322035167754174
0.1310949659550147
0.129986415134612
0.12887786431420928
0.1277693134938066
0.12666076267340393
0.12555221185300122
0.12444366103259852
0.12333511021219581
0.12222655939179312
0.12117819449418757
0.12016422155246613
0.11915024861074464
0.11813627566902318
0.11712230272730167
0.1161083297855802
0.11509435684385871
0.11408038390213723
0.11306641096041575
0.11205243801869427
0.1110865284718543
0.11016067175408224
0.10923481503631023
0.10830895831853818
0.10738310160076613
0.10645724488299407
0.10553138816522202
0.10460553144744997
0.10367967472967793
0.10275381801190588
0.1018645411055722
0.10101915997296461
0.10017377884035703
0.09932839770774943
0.09848301657514184
0.09763763544253425
0.09679225430992666
0.09594687317731906
0.09510149204471155
0.09425611091210395
0.09343830895498981
0.09266877055498919
0.09189923215498857
0.09112969375498796
0.09036015535498734
0.08959061695498671
0.08882107855498611
0.08805154015498548
0.08728200175498486
0.08651246335498426
0.08576026281123747
0.08505429655083427
0.08434833029043105
0.08364236403002782
0.08293639776962461
0.08223043150922141
0.08152446524881818
0.08081849898841496
0.08011253272801175
0.07940656646760853
0.07871169586729926
0.07806675573741241
0.07742181560752555
0.0767768754776387
0.07613193534775184
0.07548699521786498
0.07484205508797813
0.07419711495809127
0.0735521748282044
0.07290723469831756
0.07226735802829914
0.07167811595696522
0.07108887388563126
0.07049963181429732
0.06991038974296337
0.06932114767162943
0.06873190560029549
0.06814266352896155
0.0675534214576276
0.06696417938629366
0.06637493731495972
0.06583755817409709
0.06530017903323448
0.06476279989237185
0.06422542075150921
0.06368804161064656
0.06315066246978393
0.06261328332892128
0.062075904188058646
0.061538525047196
0.06100114590633336
0.060504401705912106
0.06001172099953498
0.05951904029315787
0.05902635958678075
0.05853367888040363
0.05804099817402651
0.05754831746764939
0.05705563676127228
0.056562956054895155
0.05607027534851804
0.05561202336399285
0.05516142220654587
0.054710821049098926
0.054260219891651945
0.053809618734204964
0.05335901757675798
0.052908416419311
0.05245781526186402
0.05200721410441704
0.05155661294697006
0.05113398708350838
0.0507218519552912
0.05030971682707401
0.049897581698856816
0.049485446570639635
0.049073311442422454
0.04866117631420526
0.04824904118598808
0.04783690605777089
0.04742477092955371
0.04703485692013263
0.04665764069288074
0.04628042446562886
0.04590320823837698
0.04552599201112513
0.045148775783873246
0.04477155955662136
0.044394343329369486
0.044017127102117595
0.04363991087486572
0.04328014591727395
0.04293492368439893
0.04258970145152393
0.04224447921864892
0.04189925698577391
0.0415540347528989
0.04120881252002388
0.04086359028714887
0.04051836805427387
0.04017314582139885
0.03984115384250494
0.039525038168388316
0.0392089224942717
0.038892806820155085
0.03857669114603846
0.03826057547192185
0.03794445979780526
0.03762834412368864
0.03731222844957202
0.036996112775455406
0.03668961878122203
0.03639996272678434
0.03611030667234666
0.03582065061790897
0.03553099456347128
0.03524133850903359
0.0349516824545959
0.03466202640015821
0.03437237034572052
0.03408271429128284
0.03379968888321044
0.03353434519877882
0.03326900151434721
0.033003657829915586
0.03273831414548397
0.03247297046105235
0.032207626776620736
0.03194228309218912
0.03167693940775753
0.031411595723325914
0.03115027069838553
0.030907029641155714
0.0306637885839259
0.03042054752669609
0.030177306469466272
0.029934065412236463
0.02969082435500665
0.029447583297776837
0.029204342240547024
0.02896110118331721
0.028719685499214814
0.02849652354638657
0.028273361593558328
0.028050199640730085
0.027827037687901842
0.0276038757350736
0.027380713782245356
0.027157551829417117
0.026934389876588874
0.02671122792376065
0.02648806597093241
0.02628343817586064
0.026078810380788877
0.02587418258571711
0.025669554790645345
0.025464926995573577
0.02526029920050181
0.025055671405430045
0.024851043610358274
0.02464641581528651
0.024441788020214742
0.02425246266013222
0.024064667543548617
0.023876872426965023
0.02368907731038142
0.02350128219379782
0.023313487077214222
0.02312569196063062
0.022937896844047026
0.022750101727463425
0.022562306610879823
0.022387010213889422
0.022214491310141932
0.02204197240639444
0.021869453502646952
0.02169693459889946
0.021524415695151972
0.02135189679140448
0.02117937788765699
0.021006858983909502
0.020834340080162012
0.020672130266804034
0.020513786362342128
0.020355442457880225
0.020197098553418315
0.020038754648956412
0.019880410744494505
0.019722066840032602
0.019563722935570696
0.01940537903110879
0.019247035126646883
0.019096873744704753
0.018951388089916782
0.01880590243512882
0.01866041678034085
0.01851493112555288
0.018369445470764904
0.018223959815976933
0.018078474161188962
0.01793298850640099
0.017787502851613016
0.01764842884896024
0.01751469788975346
0.01738096693054668
0.0172472359713399
0.017113505012133122
0.01697977405292634
0.016846043093719558
0.01671231213451278
0.016578581175305997
0.01644485021609922
0.01631597806707111
0.016192936490257402
0.016069894913443697
0.015946853336630002
0.015823811759816297
0.015700770183002588
0.015577728606188883
0.015454687029375176
0.01533164545256147
0.015208603875747764
0.015089177221882502
0.014976076683177018
0.014862976144471534
0.014749875605766051
0.014636775067060567
0.014523674528355082
0.014410573989649598
0.014297473450944113
0.014184372912238629
0.014071272373533145
0.013960631747074077
0.01385655088660546
0.013752470026136844
0.013648389165668224
0.013544308305199607
0.013440227444731
0.013336146584262382
0.013232065723793764
0.013127984863325145
0.013023904002856527
0.01292131133255055
0.012825415517976448
0.012729519703402352
0.012633623888828252
0.012537728074254153
0.012441832259680055
0.012345936445105957
0.012250040630531858
0.01215414481595776
0.01205824900138366
0.01196305041192133
0.011874824073576689
0.01178659773523205
0.01169837139688741
0.011610145058542768
0.01152191872019813
0.011433692381853489
0.011345466043508855
0.011257239705164214
0.011169013366819575
0.011080787028474934
0.010999503774568539
0.010918220520662143
0.010836937266755747
0.010755654012849353
0.010674370758942956
0.01059308750503656
0.010511804251130165
0.010430520997223771
0.010349237743317374
0.010267954489410978
0.010192405258489134
0.010117429429865746
0.010042453601242361
0.009967477772618971
0.009892501943995583
0.009817526115372196
0.009742550286748808
0.009667574458125421
0.009592598629502038
0.009517622800878651
0.009447777725038626
0.00937907281648379
0.009310367907928954
0.009241662999374121
0.009172958090819286
0.009104253182264453
0.009035548273709617
0.008966843365154782
0.008898138456599947
0.008829433548045112
0.008764340285846786
0.00870060139103215
0.008636862496217515
0.008573123601402879
0.008509384706588245
0.008445645811773608
0.008381906916958972
0.008318168022144336
0.008254429127329701
0.008190690232515072
0.008129904059907052
0.008070805157131383
0.008011706254355714
0.007952607351580045
0.007893508448804376
0.007834409546028709
0.007775310643253038
0.00771621174047737
0.007657112837701702
0.007598013934926033
0.007541565983465172
0.007487327158099985
0.0074330883327347955
0.007378849507369608
0.0073246106820044204
0.007270371856639231
0.007216133031274042
0.0071618942059088544
0.007107655380543667
0.007053416555178478
0.007001066031953323
0.00695098147129621
0.006900896910639093
0.006850812349981975
0.0068007277893248575
0.00675064322866774
0.006700558668010623
0.006650474107353506
0.006600389546696389
0.006550304986039271
0.006501609722160232
0.006455345727642829
0.006409081733125426
0.006362817738608024
0.0063165537440906215
0.006270289749573219
0.006224025755055816
0.006177761760538413
0.00613149776602101
0.006085233771503608
0.006039928757935534
0.005997181026899001
0.005954433295862468
0.005911685564825938
0.005868937833789405
0.005826190102752872
0.005783442371716339
0.005740694640679805
0.005697946909643272
0.005655199178606739
0.0056130390211542236
0.0055735229448297865
0.00553400686850535
0.005494490792180913
0.005454974715856477
0.00541545863953204
0.005375942563207604
0.005336426486883167
0.00529691041055873
0.005257394334234293
0.005218148658362338
0.005181606987015187
0.005145065315668034
0.005108523644320883
0.005071981972973736
0.0050354403016265835
0.004998898630279433
0.004962356958932282
0.00492581528758513
0.004889273616237979
0.004852731944890828
0.004818931204623827
0.004785130464356826
0.004751329724089825
0.004717528983822824
0.004683728243555823
0.004649927503288822
0.004616126763021821
0.004582326022754821
0.004548525282487819
0.004514724542220819
0.004483216586232476
0.0044519379086719975
0.004420659231111521
0.004389380553551043
0.0043581018759905644
0.0043268231984300905
0.004295544520869612
0.004264265843309135
0.004232987165748657
0.004201708488188177
0.004172330969973987
0.004143375931614526
0.004114420893255067
0.004085465854895607
0.004056510816536148
0.0040275557781766875
0.003998600739817233
0.003969645701457773
0.003940690663098313
0.003911735624738854
0.003884339659418292
0.003857528346487318
0.0038307170335563434
0.003803905720625368
0.003777094407694394
0.0037502830947634194
0.003723471781832445
0.0036966604689014702
0.0036698491559704954
0.003643037843039521
0.0036174832133122384
0.0035926466882727805
0.003567810163233322
0.0035429736381938637
0.0035181371131544057
0.0034933005881149478
0.0034684640630754894
0.0034436275380360314
0.0034187910129965735
0.003393954487957115
0.003369893131118228
0.0033464777477798173
0.0033230623644414058
0.0032996469811029955
0.0032762315977645845
0.0032528162144261734
0.0032294008310877627
0.003205985447749352
0.0031825700644109414
0.0031591546810725304
0.0031367074416865843
0.0031154219750435964
0.003094136508400609
0.0030728510417576205
0.0030515655751146334
0.0030302801084716455
0.003008994641828658
0.00298770917518567
0.002966423708542682
0.0029451382418996985
0.002924414515960394
0.0029046738362525364
0.0028849331565446784
0.002865192476836821
0.002845451797128963
0.002825711117421105
0.0028059704377132472
0.0027862297580053892
0.0027664890782975312
0.0027467483985896732
0.0027273967218617266
0.002709082386413544
0.0026907680509653618
0.0026724537155171785
0.002654139380068996
0.002635825044620813
0.0026175107091726303
0.0025991963737244475
0.0025808820382762646
0.0025625677028280817
0.00254449315945455
0.0025274976804169494
0.0025105022013793485
0.0024935067223417467
0.002476511243304146
0.002459515764266545
0.002442520285228944
0.002425524806191343
0.0024085293271537416
0.00239153384811614
0.0023746490671681295
0.002358871267116019
0.0023430934670639093
0.002327315667011799
0.0023115378669596887
0.0022957600669075784
0.002279982266855468
0.002264204466803358
0.0022484266667512475
0.0022326488666991376
0.0022168710666470273
0.002202218655167022
0.002187566243687017
0.002172913832207014
0.002158261420727009
0.0021436090092470036
0.0021289565977669982
0.002114304186286993
0.0020996517748069874
0.0020849993633269824
0.002070346951846977
0.002056641358480071
0.0020430304469244744
0.0020294195353688775
0.0020158086238132814
0.002002197712257685
0.001988586800702088
0.001974975889146492
0.0019613649775908956
0.0019477540660352989
0.0019341431544797024
0.0019213196552045426
0.0019086711364361465
0.0018960226176677505
0.0018833740988993544
0.0018707255801309582
0.0018580770613625622
0.001845428542594166
0.00183278002382577
0.0018201315050573738
0.0018074829862889776
0.0017954821408177884
0.0017837241728330512
0.0017719662048483143
0.0017602082368635772
0.0017484502688788406
0.0017366923008941034
0.0017249343329093665
0.0017131763649246296
0.0017014183969398925
0.0016896604289551556
0.001678427098757043
0.001667493561579859
0.001656560024402675
0.0016456264872254907
0.0016346929500483066
0.0016237594128711245
0.0016128258756939401
0.001601892338516756
0.001590958801339572
0.0015800252641623878
0.0015695080386563247
0.001559337739542863
0.001549167440429401
0.0015389971413159393
0.0015288268422024775
0.0015186565430890156
0.0015084862439755536
0.0014983159448620918
0.00148814564574863
0.0014779753466351681
0.0014681262499566749
0.0014586625962001438
0.001449198942443613
0.0014397352886870822
0.0014302716349305514
0.0014208079811740203
0.0014113443274174895
0.0014018806736609585
0.0013924170199044277
0.0013829533661478969
0.001373727950135284
0.0013649194501745277
0.0013561109502137716
0.0013473024502530153
0.001338493950292259
0.0013296854503315031
0.0013208769503707469
0.0013120684504099906
0.0013032599504492345
0.0012944514504884782
0.0012858083900935484
0.0012776065018741552
0.001269404613654762
0.0012612027254353688
0.0012530008372159756
0.0012447989489965824
0.0012365970607771894
0.0012283951725577961
0.001220193284338403
0.0012119913961190112
0.0012038917655018183
0.0011962522940945266
0.0011886128226872347
0.001180973351279943
0.0011733338798726512
0.0011656944084653593
0.0011580549370580674
0.0011504154656507757
0.001142775994243484
0.001135136522836192
0.0011275444868084454
0.0011204268045761523
0.0011133091223438588
0.0011061914401115655
0.0010990737578792723
0.0010919560756469787
0.0010848383934146855
0.0010777207111823922
0.0010706030289500989
0.0010634853467178054
0.001056367664485512
