0.26950105944535535
0.3109726618301653
0.3543030079188569
0.39928396126854926
0.445639634193972
0.4931706641790229
0.5416344535927891
0.5908230833265079
0.6405584279185061
0.6906206437431823
0.7408633631580482
0.7910967050520727
0.8411775416704594
0.8909738854519627
0.9403350704572988
0.9891622173569407
1.0373396171565676
1.0847732165370996
1.1313746624103063
1.1770683781844329
1.2217877022930221
1.2654761182135548
1.3080862298676168
1.349561344415064
1.3898832431400432
1.429012206710285
1.4669316849076848
1.5036165608658636
1.539059947529613
1.5732514740396062
1.6061917244082815
1.6378741080019452
1.6683042628078781
1.6974932485244794
1.7254452681022843
1.7521705550222786
1.7776878875910964
1.8020079237981985
1.8251479290121304
1.8471299991113572
1.8679700990719459
1.8876903307306483
1.9063176876823382
1.9238613795509782
1.9403566794918141
1.9558178260085612
1.9702774544740742
1.9837597024143656
1.996273720337312
2.0078606153618823
2.0185330679059206
2.0283295105830876
2.0372620122968783
2.045354773680514
2.052637389899051
2.059129595489705
2.064862870462976
2.0698475120942916
2.0741143373557973
2.0776830262560573
2.0805794288090316
2.0828229830468468
2.084430254849764
2.085433978785863
2.0858396738760314
2.0856858696522695
2.0849683613516445
2.0837252121687637
2.0819744272835696
2.0797249268149516
2.077007529091325
2.073817717032517
2.0701936073301184
2.06614945245797
2.0616939238507523
2.0568480969635448
2.0516197698600664
2.04603397791472
2.0400994412714075
2.033837392088827
2.0272480630876055
2.0203579150107664
2.0131729186917
2.005708899805947
1.9979825016405028
1.989989906468378
1.9817611368409618
1.97329628218814
1.9646114389574854
1.9557185306242546
1.9466158323740599
1.9373301982472357
1.9278598378954883
1.918217919550035
1.90841514942409
1.8984549241338096
1.888352623133522
1.878113211063798
1.8677423136055347
1.8572498003348596
1.8466284462692673
1.8359146230160177
1.825102894961534
1.8141972303079559
1.803203765604652
1.7919200281722494
1.7807701811689363
1.769555455292608
1.7582785799174445
1.7469354932023298
1.7355528740318658
1.7241168300008287
1.7126425356468786
1.700734443095104
1.6891924368535967
1.67751765070308
1.6659230722069778
1.6543094871064825
1.642680527994082
1.6310396746074383
1.6193914018732034
1.6077374947855456
1.596083708029133
1.5844308371280325
1.5725871528562463
1.5609493885461787
1.5493233394934263
1.5377101683298218
1.5261144188464257
1.5145381632554868
1.502983520283696
1.491453489886048
1.4799500542950246
1.468475465887177
1.4570305882050336
1.4456189497977558
1.4342428440489012
1.422902594628896
1.4116016695295222
1.4003396527156626
1.3891200173379266
1.3779393798032866
1.3668075407971294
1.355722765023976
1.344683454273981
1.3336939261193304
1.322754333376926
1.3118657517499137
1.301028890330088
1.2902456147605028
1.2794710470113821
1.2687971362367114
1.258178804696376
1.2476185479827364
1.2371153865461761
1.2266696658780116
1.21628307690658
1.2059566726917534
1.195690603270649
1.1854855962778794
1.1753414829415947
1.1652593959762005
1.1552387927388452
1.1452817017444272
1.1353885599895266
1.1254865471903606
1.1157203537970315
1.1060182829717973
1.0963805351487284
1.0868075024095738
1.0772993686377896
1.067856475134853
1.0584783619167595
1.0491654268776136
1.0399185342857282
1.0307371631088105
1.0216210905209895
1.0125706432449437
1.0035862591985945
0.9946674463233464
0.9858143484322448
0.97702706999832
0.9683054910561866
0.9596486603587051
0.9510579159783517
0.9425327438871358
0.934072516783562
0.9256778844905316
0.9173479380639735
0.909083053668138
0.9008827090396101
0.8927471856478565
0.8846754656807385
0.8766688835620147
0.8687257363463725
0.8608463836760636
0.8530305673387509
0.8452778104103755
0.8375887112950879
0.8299620651319629
0.822397806397464
0.8148965432109712
0.8074567568701665
0.8000784039198696
0.7927620389449516
0.7855067810143674
0.778312153355579
0.7711782906068915
0.7641046568201574
0.7570908357527563
0.750136729549737
0.7432415213317214
0.7364062199756589
0.7296285164771441
0.7229096706267382
0.7162486493917877
0.7096453667650672
0.7030989626091929
0.696609803076551
0.6901772295609405
0.6838005370915826
0.6774796666603847
0.6712200219509816
0.6650096297964176
0.6588545756717354
0.6527535005725302
0.6467066956650244
0.6407134199533828
0.6347734243336469
0.6288866741945642
0.6230524296039629
0.6172698017874498
0.6115392012444678
0.6059238993905721
0.600294894419052
0.5947170586190811
0.5891894195726699
0.5837116668878685
0.5782836894679316
0.5729047598609398
0.5675747579931728
0.5622956751555034
0.5570622097146029
0.5518765306267711
0.5467380577902878
0.5416467008943836
0.5366017345800169
0.5316035689198024
0.5266506438944724
0.5217438334570061
0.5169965669247288
0.5121782050683937
0.5074043420394923
0.5027054315154589
0.498019051329801
0.4933754074792024
0.4887755277763537
0.48421822503639655
0.47970291999358255
0.47522954206348444
0.47079777932418254
0.46640769194817333
0.46205814720292077
0.4577493811389073
0.4534802711461927
0.4492516732310313
0.4450625112427089
0.4409123023954107
0.4368012959967428
0.4327280309963897
0.4286938453761446
0.42475431671696545
0.42079434039117125
0.4168719632613783
0.4129860030731861
0.40913699260209246
0.40532398026969696
0.4015469017501687
0.39780570382457864
0.39409958095715036
0.39042820793678923
0.38679169495693766
0.38318960764237453
0.379621424897681
0.3760873456620081
0.3725858801716563
0.3691182086594507
0.3656833143774441
0.3622805903563528
0.35891072691633574
0.35557184166184885
0.3522653445118754
0.34899022143588787
0.3457457329033772
0.3425325718785922
0.33934910403625207
0.33619660683445024
0.3330739059657112
0.3299807427621
0.3269170556289766
0.3238821753201825
0.3208765216093114
0.31789952200249577
0.3149508551160656
0.31202976941381116
0.3091381464918621
0.30627267547108444
0.3034347314087661
0.30062366835035587
0.29783870439783305
0.2950813467178567
0.2923496887811376
0.2896443162916295
0.2869646632324967
0.28431009364844734
0.281681462679976
0.27907749251104075
0.27651253118505664
0.27395798974341895
0.2714277982438964
0.26892165675559887
0.2664395870413338
0.2639810222732444
0.2615459195996606
0.25913435470040974
0.25674520245316007
0.2543794962456829
0.2520359953121678
0.2497149473728752
0.24741619802514675
0.24513863382997217
0.24288370791188524
0.24064987199592752
0.23843740365173147
0.23624616113481683
0.23407529269759902
0.2319256113876222
0.22979628178853936
0.22768733617528764
0.22559851413091841
0.22352939619164647
0.2215027905776139
0.21947304889508726
0.217462516105797
0.2154709469277033
0.21349855753670327
0.21154478285787753
0.2096101235969562
0.2076935374437372
0.20579495979227957
0.2039148395689666
0.2020523206065178
0.20020806096512295
0.19838096370805727
0.196571043676262
0.19477877371708502
0.1930032930303059
0.191244968204335
0.18950311371229162
0.18777779542680956
0.18606898455747378
0.18437645415841647
0.1826998913108764
0.18103932533868183
0.17939456896195988
0.17776521350416769
0.1761517399529361
0.17455322978370214
0.17297015885764294
0.17140208064876905
0.16984849521918366
0.16831023066562179
0.16678611793350856
0.16527674351871433
0.1637815548490565
0.16230026703601372
0.1608334075684412
0.159380225646958
0.15794204655576977
0.1565163227797834
0.15510396349895988
0.1537050344072715
0.15231951406831207
0.1509469158579828
0.14958731124628655
0.1482405612602099
0.1469063486304704
0.14558517483306044
0.14427617264776413
0.14297957461074778
0.14169522089742814
0.1404228139626011
0.13917710494784968
0.13792839354084355
0.1366914619094117
0.13546631834546796
0.13425259604704085
0.13305047467953657
0.13185955138874894
0.13067977177005585
0.12951118684946525
0.12835362310364964
0.12720692674545597
0.1260709908322924
0.12497552100152386
0.12386023998141307
0.1227553902987947
0.12166073813463568
0.12057674827854795
0.11950265442234974
0.11843853948055164
0.11738464535425888
0.1163404809020345
0.11530628937597645
0.11428148193944943
0.11326649355983315
0.11226104869007789
0.11126481658390083
0.11027826425909851
0.10930071414324355
0.10833221898424658
0.10737293919801721
0.10642228545399476
0.10548124489852162
0.10454848768568706
0.10362447079685333
0.10270902130531775
0.101802112948548
0.100903760610728
0.10001373207077319
0.09913186007140812
0.09825833478094635
0.09739300813251012
0.09653518606573071
0.09569247764244268
0.09485087723762756
0.09401708460732336
0.09319099321877942
0.0923727067740798
0.0915619282146491
0.09075849291192876
0.08996276765797206
0.08917430529076531
0.08839311182766402
0.0876334549085081
0.08686642607073501
0.0861065344130589
0.08535356055364998
0.08460775933181626
0.08386820230912363
0.08313587411162365
0.08241057813592503
0.08169184715824485
0.08097970909846047
0.08027425736913907
0.07957527249447922
0.07888269594863503
0.07819643617349233
0.07751659099027353
0.07684300004162997
0.07617541716673427
0.07551418992096953
0.07485902260355387
0.0742097136513079
0.07356658150431085
0.07292931465271901
0.07229782693148684
0.07167214016279229
0.07105219718446727
0.07043722209406873
0.06982848527267344
0.06922552635779186
0.06862807273740937
0.06803589673939689
0.06744933381755412
0.0668680715493817
0.06629202000043871
0.06572129610566524
0.06515577455576091
0.06459540668930101
0.06404007162477546
0.06348993491606786
0.06294484959754704
0.06240459012464368
0.061869346144856716
0.06133898527538499
0.06081332225725512
0.060292504514774095
0.05977644382645941
0.059265009846798986
0.058758224382156624
0.058256102345932904
0.05775853609585124
0.05726435300080224
0.05677571708242972
0.056291569191425056
0.05581166700204379
0.055336156986404976
0.05486500355027138
0.05439806530452081
0.05393536835259695
0.053476911014056494
0.05302257925141043
0.05257224937842771
0.052126032604760016
0.05168386129843863
0.05124558214792206
0.050811300417339736
0.0503809824731286
0.049954461267735284
0.049531762953869934
0.04911294163404515
0.048697837903625585
0.04828639223102781
0.047878687546908806
0.04747464959277901
0.04707416798503644
0.04667737734412811
0.046284172999651305
0.04589440041760632
0.045506884295078265
0.04512414651723927
0.044744786927901944
0.04436877779044448
0.043996147407548813
0.043626850284396154
0.04326082127672379
0.0428980899667301
0.042538637982238475
0.04218228018682686
0.04182910662759408
0.04147913209188237
0.04113222248940868
0.04078838098728295
0.04044762584334643
0.040109938084241424
0.03977520896242408
0.03944346712938854
0.03911472012310161
0.0387887988490672
0.03846575435022801
0.038145627854610495
0.0378282857119305
0.03751373914419681
0.03720203063067473
0.03689305644077952
0.03658678451469132
0.036283235320027536
0.03598237114441222
0.03568413378071337
0.03538848182924746
0.0350941792920243
0.034803792631871354
0.03451594794350241
0.03423071899544175
0.033947932368400754
0.033667624333556766
0.0333897936663184
0.03311442107393266
0.03284142941783607
0.03257078943197663
0.03230258328455745
0.032036690970551875
0.031773136605662014
0.031511947982052674
0.03125298875222125
0.030996270115587504
0.030741828465340154
0.030489613979824373
0.03023958343057572
0.02999172499306421
0.029746056309782866
0.029502539526507075
0.029261115655895065
0.02902184962177992
0.02878462584031364
0.028549432533705375
0.02831632040510351
0.028085232864445378
0.027856128844525877
0.0276289983309968
0.027403886465280327
0.027180706171187334
0.02695943564836114
0.026738768593438673
0.02652135389322284
0.026305805729491892
0.026092159298010786
0.025880356027562154
0.025670380330949517
0.02546221326366474
0.025255879760600695
0.02505129575775205
0.024848450927755627
0.024647417421263598
0.02444806987429783
0.024250417881379015
0.024054492306914154
0.023860237488695667
0.02366766363396542
0.023476749192725875
0.023287483500460043
0.023099829108799055
0.02291375396404289
0.022729349421248806
0.022546495000970602
0.022365166280011697
0.022185437280861465
0.02200723041889394
0.021830559610240826
0.02165540620476943
0.021481733399218064
0.02130955377360501
0.021138810053405142
0.020969713570167515
0.02080189453101437
0.020635462116118802
0.020469085634973672
0.020305547817752356
0.02014338278446729
0.019982620164858696
0.01982322168882572
0.019665177575444663
0.019508458098507417
0.019353086281984195
0.019199029124964143
0.019046251306536796
0.018894817396976803
0.018744659371631063
0.018595741292776927
0.018448111349611065
0.018301728058291576
0.018156560149299426
0.018012620266960246
0.017869898095921967
0.01772838248624968
0.017588057135309015
0.017448937604885188
0.01731098620936749
0.017174180862275606
0.01703855038827471
0.016904063112611716
0.016770687479683723
0.01663842972893267
0.01650728993748038
0.016377260318044387
0.016248313429177777
0.016120471458101138
0.015993687354994165
0.015866731773433344
0.015742076052689062
0.015618465411995935
0.015495880930064505
0.0153743172673346
0.015253787091813263
0.015134259739177624
0.015015728595752377
0.014899877575744444
0.014783314817592277
0.014667701817657107
0.014553060375700998
0.014439382694068914
0.014326633860110329
0.014214832158209092
0.014103977199565194
0.013994027559579897
0.013884988732966622
0.013776874167706732
0.013669650409718565
0.013563292846419675
0.013457825932691247
0.013353240905489137
0.013249506907212213
0.01314666095571818
0.013044673031782172
0.012943511495101562
0.012843184149250609
0.012742994923818175
0.012644340429253175
0.012546481248843649
0.012449435828036376
0.012353193677738558
0.012257752886288867
0.012163102005116552
0.012069234569539882
0.011976120095115554
0.011883766768720189
0.011792196136934665
0.011701363313731674
0.011611269059799322
0.011521916051772094
0.011433314593156545
0.011345442005670245
0.011258288698168712
0.01117185919985149
0.011086118321836078
0.011001073365552692
0.01091674337573373
0.01083264731604746
0.01074968001233488
0.010671162617097843
0.010589513865294843
0.0105085220633524
0.010428195268470112
0.010348532800270748
0.010269500404921562
0.010191105268293019
0.010113364060345027
0.010036250572168181
0.009959770824986277
0.009879218047136488
0.00980404479190817
0.009729473135031749
0.009655350100856384
0.009581997686505354
0.00950922935781955
0.009437042575972611
0.00936544909965705
0.009294438306036629
0.009224003499783726
0.009154698087423132
0.009085394638174257
0.00901664328347281
0.008948452582068788
0.008880818740663682
0.008813718291070513
0.008747158319902961
0.008681148396766045
0.008615673440001557
0.008550721895614226
0.008486304156221943
0.008422391490641154
0.008358987651701495
0.00829609537651398
0.008233714908095314
0.008171825933480103
0.008110425325781049
0.008049540131323975
0.007989132144920821
0.007929206673763617
0.007869773788098507
0.007810803861188302
0.007752299353707679
0.007694268788051301
0.007636710368280485
0.007579605779148961
0.007522959831207045
0.007466776441288483
0.007411030674593255
0.007355724915687227
0.007300876417924983
0.007246452264560516
0.007192453920856836
0.007138888940484495
0.007085749396429728
0.007033038936539747
0.0069807472169551785
0.0069288746331331265
0.006877405893419909
0.006826337495196189
0.006775694206971937
0.006725446186628726
0.006675587652507044
0.006626129431890006
0.006577062315343252
0.006528392661398322
0.006480104578873961
0.00643219935953693
0.006384666634699501
0.0063374997093695795
0.006290722725590154
0.006244306267914854
0.006198246592303737
0.006152558948469728
0.006107233463396136
0.006062265152103946
0.006017651298450492
0.005973387583906763
0.00592947202268269
0.005885894356168699
0.005842670406285054
0.005799782294171859
0.0057572215909925135
0.00571501185821522
0.005673126904793388
0.005631566330290839
0.005590336492094765
0.005549427607733153
0.005508834479553486
0.00546855255122773
0.005428591343815275
0.005388943300751274
0.005349604511008745
0.0053105798698886136
0.005271854707252358
0.0052334260102713205
0.005195308862152711
0.005157486563444189
0.00511995363488037
0.0050827085135382
0.005045755464624041
0.005009098316532502
0.004972721906320213
0.004936632768871623
0.0049008196937603155
0.004865276774141178
0.0048300169912139515
0.004795030645507424
0.004760309801868433
0.004725855267282832
0.004691673157599884
0.0046577590917035935
0.004624104184487767
0.004590717096106212
0.004557584818095505
0.004524701239521483
0.004492075345862188
0.0044597042699426786
0.0044275767418699855
0.004395698504655973
0.004364071614268655
0.004332684558086176
0.004301539522455365
0.004270636929495929
0.004239969292712371
0.004209530852672375
0.00417932763764722
0.004149360632291245
0.004119619421423505
0.004090112327032991
0.004060833605704284
0.004031776248719264
0.004002941359636673
0.00397433148434147
0.003945937818870026
0.003917755610478424
0.003884247612587052
0.003856567718910659
0.0038291028035494657
0.003801846720933131
0.003774798732171454
0.0037479517729334527
0.003721307746422572
0.0036948726008468333
0.0036686350217528425
0.0036425922701239393
0.0036167477136634365
0.0035911057696424655
0.0035656614398205757
0.0035404092587433722
0.003515349191414711
0.003490473879736726
0.003465784871933878
0.00344128964597064
0.003416976296526134
0.003392843209799464
0.0033688969478249914
0.0033451331284108763
0.0033215479180585213
0.0032981408931026367
0.003274911353584916
0.0032518521948966856
0.0032289647932993147
0.0032062545425573133
0.003183713479462353
0.003161344190024064
0.003139147160258985
0.003117115759026315
0.0030952479494006156
0.0030735461152005764
0.00305200825837378
0.0030306276294442803
0.0030094052016045036
0.002988344728902445
0.0029674435848163656
0.002946700528666787
0.002926113265895556
0.002905678180524254
0.002885392884115832
0.002865262434526311
0.002845283367486131
0.0028254495767996183
0.0028057623221063293
0.0027862264108048772
0.002766840161177975
0.00274759705990406
0.002728498261734364
0.0027095393156957954
0.0026907190872195916
0.002672040486210234
0.0026535026233219772
0.0026350993306478027
0.002616830460373541
0.002598704063246063
0.002580710407647057
0.002562850165987359
0.0025451237765428333
0.002527526013427837
0.0025100567788047656
0.0024927170781701854
0.0024755101812757602
0.0024584281851950593
0.0024414739511390278
0.0024246476932761776
0.0024079426328145574
0.002391361986037663
0.002374905468300308
0.002358567471219892
0.0023423481441902875
0.002326247945950202
0.0023102687436468666
0.0022944084177475075
0.0022786643132405456
0.0022630371971663534
0.0022475222485710137
0.0022321210796697995
0.002216836269015561
0.002201661719661116
0.002186597455783627
0.0021716437463931617
0.0021568020611190263
0.0021420713869103086
0.0021274468893278304
0.0021129300503869167
0.0020985172176536263
0.002084208034675582
0.002070008140063341
0.0020559092682585454
0.002041911234176944
0.002028017020985831
0.0020142256858923704
0.002000536362610059
0.0019869455081112817
0.001973453795041005
0.001960058649119044
0.0019467599382651667
0.0019335627334356774
0.001920459430207189
0.0019074496251051097
0.0018945381676979955
0.001881718944832314
0.0018689933934145945
0.0018563601301094354
0.0018438181847321555
0.0018313657275533279
0.0018190012794548503
0.0018067292683877894
0.001794545553026367
0.0017824509014787839
0.001770444826077818
0.0017585239948274107
0.0017466885532921776
0.0017349408624505488
0.001723277887556655
0.001711697777629474
0.0017001993099376883
0.0016887849821875201
0.0016774561983032993
0.0016662074245586535
0.0016550404505063863
0.0016439524576810892
0.0016329423256943314
0.001622013873287309
0.001611163357116387
0.001600389356749039
0.0015896912618945562
0.0015790721657546391
0.0015685311624392506
0.0015580642259126025
0.0015476731914421157
0.0015373562885620281
0.0015271112900216968
0.0015169412635347808
0.00150684428345921
0.001496817968821896
0.0014868634904988
0.001476981694620903
0.001467170366986424
0.001457428646041657
0.0014477568615476582
0.00143815300502816
0.0014286157341372695
0.001419147013736685
0.0014097469479644668
0.001400412931462333
0.0013911463973253094
0.001381945703581495
0.0013728100978898199
0.0013637402524524682
0.0013547351046608808
0.001345792968728987
0.0013369125262767648
0.0013280950076891174
0.001319341650664554
0.0013106511618763215
0.0013020216900317676
0.0012934531459505656
0.0012849439219246451
0.001276494993402775
0.0012681067331523298
