5.871911670545376
5.838273528590012
5.804635386634647
5.7709972446792825
5.737359102723918
5.703720960768553
5.670082818813189
5.636444676857824
5.602806534902459
5.569168392947096
5.53553025099173
5.5013822706292075
5.467183306425969
5.4329843422227295
5.398785378019491
5.364586413816253
5.3303874496130135
5.296188485409775
5.261989521206536
5.227790557003298
5.193591592800059
5.158887149190687
5.124070376824398
5.089253604458109
5.0544368320918185
5.019620059725529
4.984803287359238
4.949986514992949
4.915169742626659
4.880352970260369
4.84553619789408
4.810514713738727
4.775416462662475
4.7403182115862235
4.7052199605099725
4.670121709433721
4.63502345835747
4.599925207281219
4.564826956204967
4.529728705128715
4.494630454052464
4.459732358222255
4.424948636818358
4.390164915414459
4.355381194010562
4.320597472606664
4.285813751202765
4.2510300297988675
4.216246308394969
4.181462586991071
4.146678865587173
4.112412043149552
4.078575969850498
4.0447398965514445
4.01090382325239
3.977067749953335
3.9432316766542805
3.909395603355226
3.8755595300561714
3.841723456757117
3.8078873834580627
3.77471999526687
3.7423550292051138
3.709990063143356
3.6776250970816
3.6452601310198425
3.612895164958086
3.580530198896329
3.548165232834572
3.515800266772815
3.4834353007110583
3.451737330626429
3.4212066035017723
3.390675876377116
3.3601451492524603
3.329614422127804
3.299083695003148
3.2685529678784917
3.2380222407538355
3.2074915136291793
3.176960786504523
3.146987374170825
3.118500134613014
3.0900128950552044
3.0615256554973937
3.0330384159395836
3.0045511763817734
2.9760639368239628
2.9475766972661526
2.919089457708342
2.890602218150532
2.862501990689232
2.836143317662228
2.809784644635224
2.7834259716082204
2.757067298581216
2.730708625554213
2.704349952527209
2.6779912795002048
2.6516326064732008
2.6252739334461968
2.5991083752834148
2.5748739657628423
2.5506395562422703
2.526405146721698
2.5021707372011255
2.4779363276805535
2.4537019181599815
2.4294675086394095
2.405233099118837
2.380998689598265
2.3567642800776927
2.33458976798518
2.312415255892667
2.2902407438001537
2.2680662317076408
2.245891719615128
2.223717207522615
2.201542695430102
2.179368183337589
2.157193671245076
2.135019159152563
2.1146252421843146
2.094409384728493
2.074193527272671
2.053977669816849
2.0337618123610275
2.0135459549052053
1.993330097449384
1.9731142399935622
1.9528983825377404
1.9326825250819184
1.9139694873270627
1.895590409505755
1.8772113316844474
1.8588322538631399
1.840453176041832
1.8220740982205244
1.8036950203992164
1.785315942577909
1.7669368647566013
1.7485577869352935
1.7314189307415853
1.714745157658227
1.698071384574869
1.6813976114915108
1.6647238384081524
1.648050065324794
1.6313762922414359
1.6147025191580773
1.5980287460747196
1.5813549729913612
1.5656816837614358
1.5505800995906145
1.5354785154197939
1.5203769312489732
1.5052753470781521
1.490173762907331
1.4750721787365102
1.4599705945656891
1.4448690103948683
1.4297674262240476
1.4154520517145939
1.401791851922946
1.388131652131298
1.3744714523396504
1.3608112525480027
1.347151052756355
1.3334908529647072
1.3198306531730593
1.3061704533814116
1.292510253589764
1.2794483427087053
1.2671043785203542
1.2547604143320024
1.242416450143651
1.2300724859552994
1.217728521766948
1.2053845575785966
1.193040593390245
1.1806966292018934
1.168352665013542
1.1564443675024252
1.1452984866764684
1.1341526058505114
1.1230067250245546
1.1118608441985975
1.1007149633726407
1.0895690825466842
1.0784232017207271
1.06727732089477
1.0561314400688138
1.0452822209417825
1.0352240996785531
1.025165978415324
1.0151078571520946
1.0050497358888653
0.9949916146256359
0.9849334933624068
0.9748753720991774
0.964817250835948
0.9547591295727192
0.9448802352338139
0.9358078620543666
0.9267354888749195
0.9176631156954722
0.9085907425160249
0.8995183693365776
0.8904459961571304
0.8813736229776831
0.8723012497982359
0.8632288766187886
0.854237581631966
0.8460570685713854
0.8378765555108048
0.8296960424502241
0.8215155293896437
0.8133350163290629
0.8051545032684824
0.7969739902079018
0.7887934771473213
0.7806129640867406
0.77243245102616
0.7650577728344545
0.7576830946427489
0.750308416451043
0.7429337382593373
0.7355590600676314
0.7281843818759257
0.7208097036842198
0.7134350254925141
0.7060603473008082
0.6986856691091026
0.6919722281324346
0.6853249108772709
0.6786775936221068
0.6720302763669427
0.6653829591117786
0.6587356418566144
0.6520883246014504
0.6454410073462862
0.6387936900911221
0.632146372835958
0.6260357929090499
0.6200444879439765
0.6140531829789033
0.6080618780138298
0.6020705730487563
0.596079268083683
0.5900879631186094
0.5840966581535361
0.5781053531884626
0.5721140482233892
0.5665526790039498
0.5611525356891233
0.5557523923742967
0.5503522490594704
0.5449521057446439
0.5395519624298173
0.5341518191149909
0.5287516758001644
0.5233515324853377
0.5179513891705112
0.5128901066777438
0.5080224589404387
0.5031548112031337
0.4982871634658286
0.49341951572852366
0.48855186799121864
0.48368422025391355
0.4788165725166085
0.4739489247793034
0.46908127704199826
0.4644751416967416
0.4600869333448585
0.4556987249929755
0.45131051664109245
0.44692230828920965
0.4425340999373265
0.4381458915854435
0.43375768323356045
0.4293694748816774
0.4249812665297944
0.4207892089946744
0.41683253243967033
0.41287585588466613
0.40891917932966204
0.40496250277465784
0.40100582621965386
0.3970491496646497
0.39309247310964557
0.3891357965546414
0.3851791199996372
0.38136363840565746
0.37779524799347014
0.3742268575812829
0.37065846716909556
0.3670900767569083
0.36352168634472104
0.359953295932534
0.3563849055203467
0.3528165151081595
0.34924812469597216
0.3457750197776017
0.34255600950940934
0.3393369992412171
0.3361179889730247
0.3328989787048323
0.32967996843663994
0.3264609581684476
0.3232419479002554
0.3200229376320631
0.3168039273638707
0.3136438758976694
0.3107491390404278
0.30785440218318616
0.30495966532594454
0.3020649284687029
0.2991701916114613
0.2962754547542197
0.29338071789697806
0.2904859810397366
0.287591244182495
0.2847211492942194
0.2820974740956045
0.2794737988969895
0.27685012369837453
0.27422644849975963
0.27160277330114463
0.2689790981025297
0.2663554229039147
0.2637317477052997
0.2611080725066849
0.25848439730806994
0.2561154178202153
0.2537464383323607
0.2513774588445061
0.24900847935665146
0.24663949986879688
0.24427052038094224
0.2419015408930876
0.239532561405233
0.23716358191737838
0.23479460242952385
0.2326386613871266
0.23050402418927513
0.2283693869914236
0.22623474979357208
0.22410011259572057
0.22196547539786907
0.21983083820001753
0.21769620100216605
0.21556156380431454
0.21342692660646312
0.21145617946287273
0.20952185233134038
0.20758752519980803
0.20565319806827564
0.20371887093674332
0.201784543805211
0.1998502166736786
0.19791588954214626
0.19598156241061393
0.19404723527908158
0.19224799829022257
0.190499420104866
0.18875084191950944
0.18700226373415285
0.18525368554879634
0.18350510736343975
0.18175652917808321
0.18000795099272662
0.17825937280737006
0.1765107946220135
0.17486863055588067
0.17328727455787574
0.17170591855987077
0.17012456256186578
0.1685432065638608
0.16696185056585583
0.16538049456785084
0.16379913856984585
0.16221778257184089
0.1606364265738359
0.15913724925247344
0.15770655416164645
0.15627585907081948
0.15484516397999248
0.1534144688891655
0.1519837737983385
0.15055307870751147
0.14912238361668445
0.14769168852585746
0.14626099343503046
0.1448919743538258
0.143596966484168
0.14230195861451023
0.14100695074485242
0.13971194287519464
0.13841693500553684
0.13712192713587903
0.13582691926622126
0.13453191139656356
0.1332369035269058
0.13198635941108186
0.13081362686446724
0.12964089431785264
0.12846816177123804
0.1272954292246234
0.1261226966780088
0.1249499641313942
0.12377723158477957
0.12260449903816495
0.12143176649155035
0.12028909816196158
0.11922660107777507
0.11816410399358855
0.11710160690940204
0.11603910982521554
0.11497661274102902
0.1139141156568425
0.11285161857265599
0.11178912148846948
0.11072662440428296
0.10968219786624603
0.10871908878588173
0.10775597970551744
0.10679287062515316
0.10582976154478886
0.10486665246442459
0.10390354338406028
0.10294043430369601
0.10197732522333171
0.10101421614296742
0.10005926413357528
0.09918588283390474
0.09831250153423421
0.09743912023456366
0.09656573893489312
0.09569235763522257
0.09481897633555204
0.0939455950358815
0.09307221373621095
0.09219883243654042
0.09132545113686988
0.090533010214485
0.0897405692921002
0.0889481283697153
0.08815568744733043
0.08736324652494555
0.08657080560256067
0.08577836468017579
0.0849859237577909
0.08419348283540604
0.08340104191302115
0.08267506645290582
0.08195573753901741
0.08123640862512904
0.08051707971124064
0.07979775079735227
0.07907842188346387
0.07835909296957548
0.0776397640556871
0.07692043514179871
0.07620110622791032
0.0755375763140712
0.07488644617802079
0.07423531604197042
0.07358418590592002
0.07293305576986961
0.07228192563381919
0.07163079549776877
0.07097966536171836
0.07032853522566794
0.06967740508961753
0.06906793439526931
0.06847408599155941
0.0678802375878495
0.0672863891841396
0.06669254078042969
0.06609869237671978
0.06550484397300989
0.06491099556929998
0.06431714716559007
0.06372329876188017
0.0631637945353638
0.062623915552958
0.06208403657055222
0.061544157588146436
0.06100427860574068
0.0604643996233349
0.05992452064092911
0.05938464165852332
0.05884476267611753
0.05830488369371174
0.057791605628392036
0.05730049499397739
0.05680938435956276
0.05631827372514811
0.05582716309073348
0.05533605245631884
0.0548449418219042
0.05435383118748956
0.05386272055307492
0.05337160991866028
0.052900631238610274
0.05245381090379779
0.05200699056898532
0.05156017023417285
0.051113349899360366
0.050666529564547896
0.05021970922973547
0.04977288889492299
0.049326068560110514
0.04887924822529804
0.048446982992982536
0.048040189190036726
0.04763339538709092
0.047226601584145114
0.0468198077811993
0.046413013978253495
0.04600622017530768
0.04559942637236187
0.045192632569416066
0.04478583876647026
0.04438892545624818
0.044018360126622746
0.04364779479699731
0.04327722946737187
0.042906664137746436
0.042536098808121
0.04216553347849557
0.041794968148870126
0.04142440281924473
0.04105383748961929
0.04068924905941141
0.04035155667658254
0.040013864293753656
0.03967617191092479
0.03933847952809591
0.039000787145267043
0.03866309476243816
0.03832540237960929
0.03798770999678042
0.03765001761395154
0.03731502471723338
0.037007026681622424
0.03669902864601147
0.03639103061040051
0.03608303257478955
0.035775034539178595
0.03546703650356764
0.03515903846795668
0.03485104043234572
0.034543042396734794
0.03423504436112383
0.033954200562319764
0.0336733567635157
0.03339251296471162
0.033111669165907555
0.03283082536710349
0.03254998156829941
0.032269137769495346
0.03198829397069128
0.03170745017188721
0.03142660637308314
0.031168064973458604
0.03091175381375202
0.03065544265404544
0.030399131494338854
0.03014282033463227
0.02988650917492569
0.029630198015219107
0.029373886855512524
0.02911757569580594
0.028861264536099357
0.028623187904363617
0.02838916338995471
0.0281551388755458
0.027921114361136888
0.027687089846727977
0.027453065332319063
0.027219040817910153
0.026985016303501242
0.026750991789092328
0.02651696727468342
0.026297666476205846
0.02608388707120253
0.025870107666199217
0.025656328261195897
0.02544254885619258
0.025228769451189265
0.025014990046185945
0.02480121064118263
0.024587431236179312
0.024373651831175992
0.024171581207985314
0.023976201317259003
0.02378082142653271
0.023585441535806394
0.023390061645080083
0.02319468175435377
0.022999301863627454
0.022803921972901143
0.022608542082174825
0.022413162191448514
0.02222690685729274
0.022048255320279084
0.021869603783265426
0.02169095224625176
0.021512300709238107
0.021333649172224446
0.02115499763521079
0.020976346098197127
0.02079769456118347
0.020619043024169812
0.020447264629219135
0.020283734004744036
0.020120203380268945
0.019956672755793863
0.019793142131318768
0.01962961150684367
0.01946608088236857
0.01930255025789348
0.01913901963341838
0.018975489008943282
0.01881704817897684
0.018667514489400537
0.018517980799824234
0.018368447110247932
0.01821891342067163
0.018069379731095327
0.017919846041519024
0.01777031235194272
0.01762077866236642
0.017471244972790113
0.01732515083081544
0.01718822881577845
0.01705130680074146
0.016914384785704468
0.01677746277066748
0.016640540755630498
0.016503618740593508
0.016366696725556518
0.016229774710519528
0.016092852695482534
0.015958024160901103
0.015832616288369683
0.015707208415838263
0.015581800543306844
0.015456392670775424
0.015330984798244005
0.015205576925712585
0.015080169053181165
0.014954761180649746
0.014829353308118326
0.014704899646323108
0.014589988091889883
0.014475076537456659
0.014360164983023435
0.014245253428590211
0.014130341874156988
0.014015430319723764
0.01390051876529055
0.013785607210857326
0.013670695656424103
0.013555784101990879
0.013450426133993968
0.013345068165997058
0.013239710198000148
0.013134352230003237
0.013028994262006327
0.012923636294009416
0.012818278326012504
0.012712920358015594
0.012607562390018683
0.012502204422021773
0.012404769552545603
0.012308126992921508
0.012211484433297413
0.012114841873673315
0.012018199314049221
0.011921556754425125
0.011824914194801028
0.011728271635176934
0.011631629075552846
0.01153498651592875
0.011444865742483082
0.011356194254854842
0.011267522767226604
0.011178851279598365
0.011090179791970127
0.011001508304341887
0.010912836816713647
0.010824165329085408
0.01073549384145717
0.01064682235382893
0.010563439174412909
0.010482039110576474
0.010400639046740035
0.010319238982903597
0.01023783891906716
0.010156438855230723
0.010075038791394285
0.009993638727557846
0.00991223866372141
0.00983083859988498
0.009753567624600012
0.009678656128487314
0.009603744632374615
0.009528833136261915
0.009453921640149219
0.009379010144036519
0.00930409864792382
0.009229187151811123
0.009154275655698424
0.009079364159585726
0.009007875266207896
0.00893923854177579
0.008870601817343685
0.008801965092911576
0.008733328368479471
0.008664691644047366
0.008596054919615258
0.008527418195183153
0.008458781470751046
0.00839014474631894
0.008324021861325484
0.008260915583658414
0.008197809305991337
0.00813470302832426
0.008071596750657183
0.008008490472990105
0.00794538419532303
0.007882277917655953
0.007819171639988876
0.0077560653623218
0.007694810784603136
0.0076367966817941935
0.00757878257898525
0.007520768476176309
0.007462754373367366
0.0074047402705584246
0.007346726167749482
0.00728871206494054
0.007230697962131597
0.007172683859322655
0.007115936803225024
0.0070625685383575556
0.0070092002734900875
0.006955832008622624
0.0069024637437551575
0.006849095478887688
0.00679572721402022
0.0067423589491527516
0.006688990684285284
0.006635622419417816
0.006583028179153745
0.006533917049604965
0.0064848059200561855
0.006435694790507405
0.006386583660958626
0.006337472531409845
0.006288361401861065
0.006239250272312286
0.006190139142763505
0.006141028013214725
0.0060922717328867415
0.006047063944766716
0.006001856156646691
0.005956648368526666
0.005911440580406646
0.005866232792286621
0.005821025004166595
0.0057758172160465695
0.005730609427926545
0.00568540163980652
0.005640193851686495
0.0055985633484094055
0.005556932845132315
0.005515302341855226
0.005473671838578137
0.005432041335301048
0.005390410832023958
0.005348780328746868
0.00530714982546978
0.005265519322192689
0.0052238888189156
0.005185233059299559
0.005146874774049621
0.005108516488799685
0.005070158203549747
0.0050317999182998095
0.004993441633049878
0.00495508334779994
0.004916725062550003
0.004878366777300067
0.004840008492050125
0.004804110448559076
0.004768759125458889
0.004733407802358703
0.0046980564792585165
0.004662705156158331
0.004627353833058144
0.004592002509957963
0.004556651186857778
0.004521299863757591
0.004485948540657404
0.004452608806520589
0.004420023418245039
0.004387438029969487
0.004354852641693937
0.004322267253418385
0.004289681865142834
0.004257096476867284
0.004224511088591732
0.004191925700316181
0.00415934031204063
0.004128359482164314
0.004098295542801846
0.004068231603439378
0.004038167664076909
0.004008103724714442
0.003978039785351974
0.003947975845989505
0.003917911906627037
0.003887847967264569
0.003857784027902101
0.0038288562087329574
0.0038008751563915833
0.0037728941040502083
0.0037449130517088346
0.003716931999367461
0.0036889509470260863
0.0036609698946847118
0.0036329888423433376
0.0036050077900019635
0.0035770267376605894
0.0035501407524595884
0.0035245688478270356
0.0034989969431944825
0.0034734250385619293
0.003447853133929376
0.003422281229296823
0.0033967093246642702
0.0033711374200317175
0.003345565515399164
0.0033199936107666155
0.00329513400890684
0.0032715209368994274
0.0032479078648920143
0.0032242947928846017
0.003200681720877189
0.0031770686488697755
0.003153455576862363
0.00312984250485495
0.003106229432847537
0.003082616360840124
0.003059492497516749
0.0030376731906841432
0.003015853883851537
0.0029940345770189305
0.002972215270186324
0.002950395963353718
0.002928576656521112
0.002906757349688506
0.0028849380428558995
0.0028631187360232935
0.002841601648757846
0.0028214445495446158
0.0028012874503313854
0.0027811303511181542
0.002760973251904924
0.0027408161526916936
0.0027206590534784632
0.0027005019542652325
0.0026803448550520017
0.0026601877558387714
0.0026401695648777114
0.002621540456438356
0.002602911347999001
0.0025842822395596454
0.0025656531311202897
0.0025470240226809346
0.002528394914241579
0.0025097658058022233
0.0024911366973628677
0.002472507588923513
0.0024538784804841573
0.002436646823480178
0.0024194151664761986
0.002402183509472222
0.0023849518524682424
0.002367720195464263
0.0023504885384602837
0.0023332568814563043
0.0023160252244523245
0.0022987935674483448
0.0022815619104443654
0.0022655072985965415
0.002249570391264333
0.002233633483932124
0.002217696576599916
0.0022017596692677074
0.0021858227619354987
0.0021698858546032903
0.002153948947271082
0.0021380120399388733
0.002122075132606665
0.002107105773353356
0.002092351424784246
0.0020775970762151367
0.0020628427276460273
0.0020480883790769174
0.0020333340305078084
0.0020185796819386986
0.002003825333369589
0.0019890709848004798
0.00197431663623137
0.0019603664660150974
0.0019467178626811378
0.0019330692593471786
0.0019194206560132192
0.00190577205267926
0.0018921234493453007
0.0018784748460113413
0.0018648262426773819
0.0018511776393434227
0.0018375290360094633
0.0018245128995791609
0.001811858172808091
0.0017992034460370212
0.0017865487192659513
0.0017738939924948813
0.0017612392657238136
0.0017485845389527436
0.0017359298121816737
0.001723275085410604
0.001710620358639534
0.0016984815332726276
0.0016867726257425246
0.0016750637182124212
0.0016633548106823183
0.001651645903152215
0.0016399369956221121
0.0016282280880920092
0.001616519180561906
0.0016048102730318028
0.0015931013655016996
0.0015817811958065435
0.0015709275115133238
0.0015600738272201044
0.0015492201429268848
0.0015383664586336651
0.0015275127743404455
0.0015166590900472258
0.0015058054057540062
0.0014949517214607865
0.001484098037167567
0.001473533478969736
0.001463474891438835
0.0014534163039079339
0.001443357716377033
0.0014332991288461318
0.0014232405413152308
0.0014131819537843296
0.0014031233662534287
0.0013930647787225277
0.0013830061911916265
0.0013731460621461261
0.0013638151557283608
0.0013544842493105956
0.0013451533428928302
0.0013358224364750648
0.0013264915300572997
0.0013171606236395343
0.0013078297172217689
0.0012984988108040037
0.00128916790438624
0.0012799604073037239
0.0012713082522298304
0.001262656097155937
0.0012540039420820433
0.0012453517870081498
0.0012366996319342562
0.0012280474768603627
0.001219395321786469
0.0012107431667125754
0.001202091011638682
0.0011934955117254417
0.001185466563418737
0.001177437615112032
0.001169408666805327
0.0011613797184986223
0.0011533507701919172
0.0011453218218852122
0.0011372928735785073
0.0011292639252718025
0.0011212349769650976
0.0011132060286583925
