4.820793886067522
4.790252101154519
4.7597103162415175
4.729168531328516
4.698626746415513
4.668084961502512
4.63754317658951
4.607001391676508
4.576459606763506
4.545917821850503
4.515376036937502
4.4865537694592525
4.457903453724478
4.429253137989704
4.400602822254931
4.371952506520157
4.343302190785383
4.314651875050608
4.286001559315834
4.25735124358106
4.228700927846287
4.201797149366044
4.175281490275697
4.148765831185352
4.122250172095006
4.0957345130046585
4.069218853914312
4.042703194823966
4.01618753573362
3.989671876643273
3.963156217552927
3.9377403665513153
3.9127369435829795
3.887733520614643
3.8627300976463075
3.8377266746779712
3.8127232517096354
3.7877198287412996
3.762716405772964
3.737712982804627
3.7127095598362914
3.688314344116043
3.6642666753947024
3.6402190066733615
3.6161713379520206
3.5921236692306806
3.5680760005093393
3.5440283317879984
3.519980663066658
3.495932994345317
3.471885325623976
3.4482266062115374
3.424892011223184
3.401557416234831
3.378222821246477
3.354888226258123
3.3315536312697698
3.3082190362814163
3.2848844412930625
3.261549846304709
3.238215251316355
3.21519976288678
3.19256720232774
3.169934641768699
3.1473020812096593
3.1246695206506185
3.102036960091578
3.079404399532538
3.0567718389734972
3.0341392784144565
3.0115067178554167
2.989164858041037
2.967331724529816
2.945498591018594
2.9236654575073726
2.9018323239961514
2.87999919048493
2.858166056973708
2.8363329234624866
2.814499789951265
2.7926666564400433
2.7710852979674816
2.750175339598011
2.729265381228541
2.7083554228590714
2.687445464489601
2.6665355061201312
2.645625547750661
2.624715589381191
2.6038056310117206
2.582895672642251
2.5621730191631826
2.5422932376909224
2.522413456218662
2.502533674746402
2.4826538932741413
2.4627741118018815
2.4428943303296213
2.423014548857361
2.4031347673851005
2.3832549859128402
2.3634757083714613
2.3447014701388866
2.3259272319063116
2.3071529936737374
2.2883787554411628
2.269604517208588
2.250830278976014
2.2320560407434393
2.2132818025108647
2.19450756427829
2.1757333260457155
2.1581060631781877
2.14047880031066
2.1228515374431316
2.105224274575604
2.0875970117080755
2.0699697488405477
2.05234248597302
2.0347152231054917
2.0170879602379634
1.9994606973704356
1.9828787568219401
1.9664013485053482
1.9499239401887563
1.9334465318721636
1.9169691235555717
1.9004917152389793
1.8840143069223876
1.8675368986057952
1.851059490289203
1.8345820819726109
1.8190480538801939
1.8037236658375937
1.7883992777949937
1.7730748897523938
1.7577505017097934
1.7424261136671932
1.727101725624593
1.7117773375819931
1.696452949539393
1.6811285614967926
1.6666223517111833
1.6524229587719452
1.6382235658327073
1.6240241728934697
1.6098247799542316
1.5956253870149935
1.5814259940757553
1.5672266011365175
1.5530272081972796
1.5388278152580415
1.525314844227663
1.5121941142880613
1.4990733843484594
1.485952654408858
1.472831924469256
1.4597111945296541
1.4465904645900527
1.4334697346504508
1.4203490047108491
1.4072282747712475
1.3946674717688803
1.3825732745475412
1.3704790773262028
1.358384880104864
1.3462906828835255
1.3341964856621868
1.3221022884408482
1.3100080912195096
1.297913893998171
1.285819696776832
1.2741690030384902
1.2630505134797438
1.2519320239209974
1.2408135343622513
1.2296950448035049
1.2185765552447587
1.2074580656860123
1.196339576127266
1.1852210865685198
1.1741025970097734
1.1633168755036774
1.1531134980897193
1.142910120675761
1.132706743261803
1.1225033658478445
1.1122999884338864
1.1020966110199284
1.0918932336059701
1.0816898561920116
1.0714864787780538
1.0615164606271954
1.0521687338446035
1.0428210070620114
1.0334732802794195
1.0241255534968274
1.0147778267142353
1.0054300999316435
0.9960823731490513
0.9867346463664592
0.9773869195838676
0.9681839985349114
0.9596327032873162
0.9510814080397212
0.9425301127921262
0.9339788175445309
0.9254275222969359
0.9168762270493408
0.9083249318017457
0.8997736365541507
0.8912223413065555
0.8827381605523179
0.8749251247316515
0.8671120889109848
0.8592990530903184
0.8514860172696519
0.8436729814489854
0.8358599456283189
0.8280469098076524
0.8202338739869859
0.8124208381663194
0.8046078023456529
0.7974769169443015
0.7903460315429496
0.7832151461415976
0.7760842607402457
0.768953375338894
0.7618224899375421
0.7546916045361902
0.7475607191348383
0.7404298337334864
0.7332989483321346
0.7267397807188928
0.7202377848844622
0.7137357890500314
0.7072337932156005
0.7007317973811698
0.694229801546739
0.6877278057123082
0.6812258098778773
0.6747238140434466
0.6682218182090157
0.6621957726497885
0.6562754938183842
0.6503552149869803
0.6444349361555761
0.6385146573241718
0.6325943784927677
0.6266740996613634
0.6207538208299592
0.614833541998555
0.6089132631671509
0.6033767148446165
0.5979840654629086
0.5925914160812006
0.5871987666994927
0.5818061173177849
0.5764134679360767
0.5710208185543687
0.5656281691726607
0.5602355197909528
0.5548428704092447
0.5497573471590534
0.5448473245554429
0.5399373019518326
0.5350272793482223
0.5301172567446121
0.5252072341410018
0.5202972115373914
0.515387188933781
0.5104771663301706
0.5055671437265603
0.5008989329420134
0.49643223200668607
0.49196553107135876
0.48749883013603146
0.4830321292007044
0.47856542826537707
0.47409872733004976
0.46963202639472246
0.46516532545939515
0.46069862452406785
0.45641594815957326
0.45235410128007797
0.4482922544005827
0.44423040752108733
0.44016856064159204
0.4361067137620969
0.43204486688260163
0.42798302000310634
0.423921173123611
0.41985932624411576
0.41593161349840774
0.4122386354868276
0.4085456574752474
0.4048526794636673
0.4011597014520871
0.39746672344050704
0.39377374542892707
0.3900807674173469
0.38638778940576674
0.3826948113941866
0.37909348648632196
0.37573656985503234
0.37237965322374267
0.36902273659245294
0.3656658199611633
0.36230890332987364
0.35895198669858397
0.35559507006729446
0.3522381534360048
0.3488812368047151
0.3455799306366364
0.34252887155300676
0.3394778124693772
0.3364267533857477
0.33337569430211805
0.33032463521848854
0.32727357613485897
0.3242225170512294
0.32117145796759994
0.31812039888397037
0.31509470959338326
0.31232271823322055
0.30955072687305796
0.30677873551289525
0.30400674415273266
0.30123475279256995
0.29846276143240735
0.2956907700722447
0.29291877871208205
0.2901467873519195
0.28737479599175686
0.28485446234230155
0.28233412869284624
0.2798137950433909
0.27729346139393557
0.27477312774448026
0.2722527940950249
0.2697324604455696
0.2672121267961143
0.26469179314665897
0.2621714594972037
0.25985986428776287
0.25756914292232347
0.25527842155688407
0.2529877001914447
0.2506969788260052
0.24840625746056583
0.24611553609512643
0.243824814729687
0.24153409336424758
0.2392433719988083
0.2371277791124021
0.23505110366578108
0.23297442821916006
0.23089775277253904
0.228821077325918
0.226744401879297
0.22466772643267596
0.22259105098605494
0.22051437553943393
0.2184377000928129
0.21649383426156582
0.21459977203608385
0.21270570981060186
0.21081164758511986
0.2089175853596379
0.2070235231341559
0.2051294609086739
0.20323539868319193
0.20134133645770996
0.19944727423222797
0.1976626407305107
0.19594053792808766
0.1942184351256645
0.1924963323232414
0.19077422952081824
0.1890521267183951
0.18733002391597198
0.18560792111354885
0.18388581831112571
0.18216371550870258
0.1805292317981457
0.17896776399747744
0.1774062961968092
0.1758448283961409
0.17428336059547261
0.17272189279480432
0.17116042499413603
0.16959895719346774
0.16803748939279944
0.16647602159213118
0.1649764568181749
0.16355117567627311
0.16212589453437132
0.16070061339246952
0.15927533225056775
0.15785005110866596
0.15642476996676416
0.15499948882486236
0.1535742076829607
0.1521489265410589
0.1507704051935123
0.14947371348608732
0.14817702177866232
0.14688033007123735
0.14558363836381233
0.14428694665638736
0.14299025494896234
0.14169356324153737
0.14039687153411237
0.13910017982668735
0.1378353120633297
0.13665530815081814
0.13547530423830662
0.13429530032579506
0.1331152964132835
0.131935292500772
0.13075528858826044
0.12957528467574891
0.12839528076323736
0.12721527685072584
0.1260546473609102
0.1249812027732257
0.12390775818554119
0.12283431359785668
0.12176086901017215
0.12068742442248764
0.11961397983480312
0.11854053524711863
0.1174670906594341
0.11639364607174958
0.11532886597671613
0.11435073080819322
0.11337259563967028
0.11239446047114736
0.11141632530262444
0.11043819013410151
0.10946005496557859
0.10848191979705567
0.10750378462853274
0.10652564946000984
0.1055475142914869
0.10465658820311055
0.10376566211473426
0.10287473602635788
0.10198380993798155
0.10109288384960517
0.10020195776122881
0.09931103167285246
0.09842010558447609
0.09752917949609972
0.09663825340772338
0.09581933290901479
0.09500761296927299
0.09419589302953121
0.09338417308978941
0.09257245315004761
0.09176073321030581
0.09094901327056402
0.09013729333082222
0.08932557339108044
0.08851385345133864
0.08776092324495988
0.0870210574237729
0.08628119160258597
0.08554132578139902
0.08480145996021203
0.08406159413902506
0.08332172831783807
0.0825818624966511
0.08184199667546413
0.08110213085427714
0.08040980228640572
0.07973530018852763
0.07906079809064955
0.07838629599277144
0.07771179389489336
0.07703729179701527
0.07636278969913718
0.07568828760125909
0.075013785503381
0.07433928340550292
0.07370248339063096
0.07308722742319107
0.0724719714557512
0.07185671548831132
0.07124145952087149
0.07062620355343163
0.07001094758599175
0.06939569161855187
0.068780435651112
0.06816517968367213
0.06757936184491667
0.06701807578006487
0.0664567897152131
0.06589550365036131
0.06533421758550953
0.06477293152065774
0.06421164545580596
0.06365035939095418
0.0630890733261024
0.06252778726125062
0.06198877405589831
0.061476488281945345
0.06096420250799239
0.060451916734039435
0.05993963096008647
0.05942734518613352
0.0589150594121806
0.05840277363822765
0.057890487864274684
0.05737820209032173
0.05688208592450788
0.05641426657293749
0.05594644722136708
0.05547862786979668
0.05501080851822628
0.054542989166655884
0.05407516981508548
0.053607350463515085
0.05313953111194468
0.05267171176037428
0.052214963780831375
0.05178773946002847
0.05136051513922557
0.050933290818422655
0.05050606649761976
0.05007884217681685
0.04965161785601395
0.04922439353521105
0.04879716921440818
0.04836994489360527
0.04794962324024762
0.047560363590393555
0.0471711039405395
0.04678184429068544
0.046392584640831375
0.046003324990977326
0.045614065341123264
0.0452248056912692
0.044835546041415146
0.04444628639156109
0.04405995200816337
0.043702870289329065
0.04334578857049475
0.042988706851660445
0.04263162513282614
0.04227454341399183
0.041917461695157525
0.04156037997632322
0.041203298257488905
0.04084621653865463
0.040489134819820326
0.04016276058331736
0.03983638634681439
0.039510012110311424
0.039183637873808456
0.03885726363730549
0.038530889400802515
0.038204515164299555
0.03787814092779658
0.03755176669129361
0.037225392454790646
0.036924314811493816
0.0366257668275176
0.036327218843541384
0.03602867085956517
0.03573012287558895
0.035431574891612735
0.03513302690763652
0.0348344789236603
0.03453593093968409
0.03423738295570787
0.033959547175361655
0.033686314106933186
0.033413081038504724
0.033139847970076255
0.032866614901647793
0.032593381833219325
0.03232014876479086
0.032046915696362394
0.031773682627933925
0.03150044955950546
0.031244048850927807
0.030993960277294202
0.0307438717036606
0.030493783130026993
0.03024369455639339
0.029993605982759786
0.029743517409126185
0.02949342883549258
0.029243340261858975
0.028993251688225374
0.028756568118143786
0.028527544550091922
0.028298520982040082
0.028069497413988218
0.027840473845936357
0.027611450277884492
0.02738242670983263
0.027153403141780767
0.026924379573728903
0.02669535600567704
0.026476808860891595
0.026266992068828165
0.026057175276764735
0.0258473584847013
0.02563754169263787
0.02542772490057444
0.02521790810851101
0.025008091316447576
0.024798274524384146
0.024588457732320716
0.02438654235784652
0.024194108684479406
0.024001675011112295
0.0238092413377452
0.02361680766437809
0.02342437399101098
0.02323194031764387
0.023039506644276758
0.022847072970909647
0.022654639297542533
0.02246808726060398
0.022291828087415408
0.02211556891422683
0.02193930974103826
0.021763050567849683
0.02158679139466111
0.021410532221472534
0.02123427304828396
0.021058013875095385
0.020881754701906813
0.020709476455633667
0.020547814014468337
0.020386151573303007
0.020224489132137678
0.020062826690972348
0.01990116424980703
0.019739501808641702
0.019577839367476372
0.019416176926311042
0.019254514485145712
0.019095304148872817
0.01894712828461589
0.018798952420358964
0.018650776556102037
0.01850260069184511
0.01835442482758818
0.018206248963331256
0.018058073099074326
0.0179098972348174
0.017761721370560472
0.01761464052849492
0.017478509908343102
0.017342379288191285
0.017206248668039464
0.01707011804788765
0.016933987427735834
0.016797856807584013
0.01666172618743221
0.016525595567280393
0.016389464947128576
0.01625333432697676
0.016128339214965582
0.016003344102954408
0.01587834899094323
0.015753353878932053
0.015628358766920876
0.0155033636549097
0.015378368542898523
0.015253373430887347
0.015128378318876168
0.015003383206864992
0.014887648586843426
0.01477284001602082
0.014658031445198217
0.014543222874375612
0.014428414303553004
0.0143136057327304
0.014198797161907795
0.014083988591085188
0.013969180020262593
0.01385437144943999
0.01374719449085988
0.013641713446111436
0.01353623240136299
0.013430751356614548
0.013325270311866103
0.01321978926711766
0.013114308222369217
0.013008827177620773
0.012903346132872329
0.012797865088123885
0.012698585268084215
0.012601630907310337
0.01250467654653646
0.012407722185762578
0.012310767824988703
0.012213813464214823
0.012116859103440944
0.012019904742667066
0.011922950381893189
0.011825996021119318
0.01173384411662841
0.011644436472870627
0.011555028829112845
0.011465621185355063
0.01137621354159728
0.0112868058978395
0.011197398254081718
0.011107990610323935
0.011018582966566152
0.010929175322808371
0.01084383782427279
0.010761892113422373
0.010679946402571954
0.010598000691721536
0.01051605498087112
0.0104341092700207
0.010352163559170284
0.010270217848319867
0.01018827213746945
0.010106326426619032
0.010027349587985136
0.009951935396011071
0.009876521204037
0.009801107012062927
0.009725692820088856
0.009650278628114784
0.009574864436140711
0.009499450244166638
0.009424036052192566
0.009348621860218493
0.009275391022635665
0.009205981055237514
0.00913657108783936
0.00906716112044121
0.008997751153043057
0.008928341185644905
0.008858931218246754
0.008789521250848602
0.00872011128345045
0.008650701316052297
0.008582791243443003
0.008518880890270664
0.008454970537098325
0.008391060183925991
0.008327149830753652
0.008263239477581313
0.008199329124408974
0.008135418771236634
0.008071508418064295
0.008007598064891956
0.007944604464029578
0.007885736248562024
0.00782686803309447
0.007767999817626915
0.0077091316021593624
0.007650263386691808
0.007591395171224254
0.007532526955756701
0.007473658740289147
0.007414790524821592
0.007356343057089715
0.007302103066714597
0.007247863076339479
0.007193623085964362
0.007139383095589249
0.007085143105214131
0.007030903114839013
0.006976663124463895
0.006922423134088779
0.00686818314371366
0.006813943153338543
0.006763951992423365
0.006713960831508188
0.0066639696705930096
0.006613978509677832
0.0065639873487626545
0.006513996187847477
0.0064640050269322985
0.006414013866017121
0.006364022705101944
0.006314031544186766
0.006267580171224663
0.006221482777057866
0.006175385382891071
0.006129287988724275
0.006083190594557478
0.006037093200390686
0.00599099580622389
0.005944898412057094
0.005898801017890297
0.005852703623723497
0.005809535660374418
0.005767018681651496
0.0057245017029285755
0.005681984724205655
0.005639467745482733
0.005596950766759813
0.005554433788036899
0.005511916809313978
0.005469399830591057
0.005426882851868136
0.005386761317065665
0.005347538073733364
0.005308314830401062
0.005269091587068761
0.005229868343736459
0.005190645100404158
0.005151421857071856
0.005112198613739554
0.005072975370407253
0.005033752127074952
0.00499644744609359
0.004960239086455625
0.0049240307268176575
0.004887822367179692
0.0048516140075417265
0.00481540564790376
0.004779197288265794
0.0047429889286278275
0.004706780568989862
0.004670572209351896
0.00463567408148175
0.004601867813418124
0.004568061545354496
0.00453425527729087
0.004500449009227243
0.004466642741163616
0.004432836473099989
0.004399030205036362
0.004365223936972735
0.004331417668909108
0.004298966080448931
0.004268140107512894
0.0042373141345768564
0.004206488161640819
0.004175662188704782
0.004144836215768745
0.0041140102428327075
0.004083184269896669
0.004052358296960633
0.004021532324024601
0.0039915583199745825
0.003963075261475098
0.0039345922029756135
0.0039061091444761286
0.003877626085976644
0.0038491430274771596
0.0038206599689776747
0.00379217691047819
0.0037636938519787057
0.003735210793479221
0.003707315219290118
0.003680986269928701
0.003654657320567285
0.0036283283712058682
0.0036019994218444516
0.003575670472483035
0.003549341523121618
0.003523012573760202
0.0034966836243987853
0.003470354675037368
0.00344438735040568
0.0034200473370577696
0.0033957073237098592
0.003371367310361948
0.003347027297014038
0.0033226872836661274
0.003298347270318217
0.0032740072569703064
0.003249667243622396
0.0032253272302744853
0.00320115371013264
0.003178645122051447
0.003156136533970254
0.0031336279458890606
0.003111119357807867
0.0030886107697266733
0.00306610218164548
0.003043593593564287
0.0030210850054830938
0.0029985764174019006
0.002976067829320707
0.002955240423555651
0.002934413017790595
0.0029135856120255424
0.0028927582062604866
0.0028719308004954303
0.0028511033947303745
0.0028302759889653186
0.0028094485832002624
0.0027886211774352065
0.0027677937716701507
0.0027483801778648976
0.002729107965255626
0.002709835752646354
0.002690563540037082
0.00267129132742781
0.0026520191148185377
0.0026327469022092657
0.0026134746895999936
0.0025942024769907215
0.0025749302643814495
0.0025568248489746008
0.0025389787218349563
0.002521132594695312
0.0025032864675556678
0.0024854403404160237
0.0024675942132763792
0.0024497480861367348
0.0024319019589970907
0.0024140558318574467
0.002396209704717802
0.0023793276700606854
0.0023628071700845157
0.002346286670108347
0.0023297661701321775
0.0023132456701560086
0.0022967251701798393
0.00228020467020367
0.0022636841702275007
0.002247163670251332
0.0022306431702751625
0.0022148911768952863
0.0021995783301418637
0.0021842654833884407
0.002168952636635018
0.002153639789881595
0.0021383269431281752
0.0021230140963747527
0.0021077012496213297
0.002092388402867907
0.002077075556114484
0.0020623793299375734
0.0020481969542410893
0.0020340145785446052
0.002019832202848121
0.002005649827151637
0.001991467451455153
0.001977285075758669
0.001963102700062185
0.0019489203243657012
0.0019347379486692171
0.0019210258465221766
0.0019078780726344692
0.0018947302987467616
0.001881582524859054
0.0018684347509713463
0.0018552869770836387
0.001842139203195931
0.0018289914293082234
0.0018158436554205157
0.0018026958815328081
0.0017898962034341446
0.0017777056929663083
0.0017655151824984721
0.0017533246720306361
0.0017411341615627997
0.0017289436510949635
0.0017167531406271272
0.001704562630159291
0.0016923721196914548
0.0016801816092236186
0.0016682316122827309
0.0016569229847470386
0.0016456143572113465
0.0016343057296756545
0.0016229971021399622
0.0016116884746042702
0.001600379847068578
0.0015890712195328859
0.0015777625919971936
0.0015664539644615037
0.0015552940096070413
0.0015448030818181132
0.0015343121540291852
0.001523821226240257
0.0015133302984513292
0.0015028393706624011
0.001492348442873473
0.001481857515084545
0.001471366587295617
0.001460875659506689
0.0014504532578348739
0.0014407161173341885
0.0014309789768335033
0.0014212418363328176
0.0014115046958321324
0.001401767555331447
0.0013920304148307616
0.0013822932743300762
0.0013725561338293907
0.0013628189933287055
0.0013530818528280201
