0.3121224784724699
0.3626329053609096
0.41314333224934907
0.46365375913778883
0.5141641860262283
0.564674612914668
0.6151850398031076
0.6656954666915472
0.7162058935799867
0.7667163204684264
0.817226747356866
0.8680500997286336
0.918904744648734
0.9697593895688341
1.0206140344889347
1.0714686794090351
1.1223233243291353
1.1731779692492355
1.224032614169336
1.2748872590894362
1.3257419040095366
1.3692175799876232
1.411053485089706
1.4528893901917894
1.4947252952938728
1.536561200395956
1.578397105498039
1.6202330106001224
1.6620689157022053
1.7039048208042888
1.7457407259063717
1.779107997818119
1.8092995322834902
1.8394910667488613
1.8696826012142322
1.8998741356796034
1.9300656701449745
1.960257204610346
1.9904487390757168
2.020640273541088
2.050831808006459
2.073981202316759
2.0931065165384473
2.112231830760135
2.131357144981823
2.150482459203511
2.169607773425199
2.1887330876468867
2.2078584018685747
2.226983716090263
2.246109030311951
2.2601811077259977
2.2700421544670113
2.2799032012080245
2.289764247949038
2.2996252946900517
2.3094863414310645
2.319347388172078
2.3292084349130917
2.339069481654105
2.3489305283951185
2.3555107023968267
2.358153829111368
2.36079695582591
2.363440082540452
2.366083209254994
2.3687263359695354
2.3713694626840773
2.3740125893986193
2.376655716113161
2.379298842827703
2.379996652224652
2.3772901563158135
2.3745836604069748
2.3718771644981365
2.369170668589298
2.366464172680459
2.3637576767716206
2.3610511808627823
2.3583446849539436
2.355638189045105
2.3518956846097514
2.3453904907703564
2.338885296930962
2.332380103091567
2.3258749092521724
2.319369715412778
2.312864521573383
2.306359327733988
2.2998541338945935
2.293348940055199
2.2863751150445326
2.277292449763143
2.2682097844817526
2.259127119200363
2.250044453918973
2.240961788637583
2.2318791233561934
2.2227964580748036
2.2137137927934134
2.2046311275120236
2.1953989128651594
2.1846712045635486
2.1739434962619373
2.1632157879603264
2.1524880796587156
2.1417603713571047
2.131032663055494
2.120304954753883
2.109577246452272
2.098849538150661
2.08812182984905
2.0764434612603218
2.0647650926715926
2.0530867240828634
2.0414083554941347
2.029729986905406
2.0180516183166772
2.0063732497279485
1.9946948811392193
1.9830165125504906
1.9713381439617614
1.9592312688504807
1.9470815430869448
1.9349318173234087
1.9227820915598723
1.9106323657963364
1.8984826400328003
1.8863329142692646
1.8741831885057285
1.8620334627421924
1.8498837369786563
1.837691609411817
1.825490059222021
1.8132885090322255
1.80108695884243
1.788885408652634
1.7766838584628384
1.7644823082730425
1.7522807580832471
1.7400792078934515
1.7278776577036556
1.7158280071352303
1.7038353189248192
1.691842630714408
1.679849942503997
1.667857254293586
1.6558645660831748
1.6438718778727635
1.6318791896623521
1.6198865014519412
1.60789381324153
1.5961377314698506
1.5845168533774463
1.5728959752850424
1.5612750971926388
1.5496542191002345
1.5380333410078304
1.5264124629154265
1.5147915848230222
1.5031707067306181
1.4915498286382143
1.480197211253535
1.469068144458626
1.457939077663717
1.4468100108688082
1.4356809440738996
1.4245518772789905
1.4134228104840818
1.4022937436891727
1.3911646768942636
1.3800356100993547
1.3691619988143453
1.3585949341412145
1.3480278694680836
1.337460804794953
1.3268937401218222
1.3163266754486913
1.3057596107755605
1.2951925461024296
1.2846254814292988
1.274058416756168
1.2637155715101538
1.2537651102615934
1.2438146490130328
1.2338641877644725
1.223913726515912
1.2139632652673515
1.2040128040187912
1.1940623427702308
1.1841118815216702
1.17416142027311
1.16438245762938
1.155060824598531
1.1457391915676822
1.1364175585368332
1.127095925505984
1.117774292475135
1.1084526594442863
1.0991310264134373
1.0898093933825883
1.0804877603517398
1.0712806374490695
1.062588810123203
1.0538969827973366
1.04520515547147
1.0365133281456036
1.027821500819737
1.0191296734938708
1.0104378461680041
1.0017460188421379
0.9930541915162714
0.9844185670449941
0.9763449711196037
0.9682713751942134
0.960197779268823
0.9521241833434326
0.9440505874180424
0.9359769914926521
0.9279033955672616
0.9198297996418713
0.911756203716481
0.9036826077910907
0.8962070706635887
0.8887315335360866
0.8812559964085843
0.8737804592810821
0.8663049221535799
0.8588293850260778
0.8513538478985756
0.8438783107710732
0.8364027736435712
0.8289272365160689
0.8219403074343477
0.8150022391572045
0.8080641708800611
0.8011261026029177
0.7941880343257745
0.7872499660486312
0.7803118977714878
0.7733738294943444
0.766435761217201
0.7594976929400578
0.7530332390457123
0.7466740327919885
0.7403148265382651
0.7339556202845413
0.7275964140308175
0.7212372077770939
0.7148780015233701
0.7085187952696463
0.7021595890159227
0.6958003827621989
0.6897997527031611
0.6839335887171304
0.6780674247310998
0.6722012607450694
0.6663350967590387
0.660468932773008
0.6546027687869773
0.6487366048009466
0.642870440814916
0.6370042768288853
0.6314604293365484
0.6261007626977508
0.6207410960589533
0.6153814294201558
0.6100217627813584
0.604662096142561
0.5993024295037634
0.5939427628649658
0.5885830962261682
0.5832234295873707
0.5781009080583484
0.5731760074541383
0.5682511068499285
0.5633262062457187
0.5584013056415091
0.5534764050372991
0.5485515044330893
0.5436266038288795
0.5387017032246696
0.5337768026204598
0.5290380086684521
0.5245225426990869
0.5200070767297218
0.5154916107603567
0.5109761447909915
0.5064606788216266
0.5019452128522615
0.4974297468828964
0.4929142809135313
0.48839881494416615
0.48402371270623407
0.4798942469983097
0.47576478129038524
0.47163531558246097
0.4675058498745366
0.4633763841666122
0.45924691845868804
0.4551174527507637
0.4509879870428393
0.44685852133491494
0.44283012977926395
0.439071269296342
0.43531240881342004
0.4315535483304981
0.4277946878475761
0.42403582736465417
0.4202769668817322
0.4165181063988104
0.4127592459158884
0.40900038543296646
0.40529691594922534
0.40184270596179783
0.3983884959743703
0.39493428598694286
0.3914800759995153
0.38802586601208783
0.38457165602466037
0.38111744603723285
0.3776632360498055
0.374209026062378
0.3707827805623268
0.3676361799360383
0.3644895793097498
0.3613429786834612
0.35819637805717275
0.3550497774308843
0.3519031768045958
0.34875657617830724
0.3456099755520188
0.34246337492573037
0.3393167742994419
0.3364335372096009
0.33355030011975995
0.33066706302991894
0.32778382594007793
0.324900588850237
0.3220173517603959
0.31913411467055497
0.3162508775807139
0.31336764049087296
0.3104844034010321
0.3078291455064134
0.30519668553131696
0.30256422555622053
0.299931765581124
0.2972993056060276
0.29466684563093115
0.29203438565583467
0.2894019256807382
0.28676946570564177
0.28413700573054546
0.28169233676433936
0.2792893991334422
0.27688646150254514
0.274483523871648
0.2720805862407509
0.26967764860985377
0.26727471097895666
0.26487177334805956
0.2624688357171624
0.26006589808626535
0.2578167654979924
0.25562530980070336
0.25343385410341435
0.2512423984061253
0.2490509427088363
0.24685948701154728
0.24466803131425824
0.24247657561696925
0.2402851199196802
0.2380936642223912
0.2360228879346997
0.23402107130963545
0.23201925468457107
0.23001743805950675
0.22801562143444237
0.226013804809378
0.22401198818431367
0.2220101715592493
0.2200083549341849
0.21800653830912056
0.21610251961255195
0.21427999918972973
0.2124574787669076
0.2106349583440854
0.20881243792126322
0.20698991749844098
0.20516739707561876
0.2033448766527966
0.2015223562299744
0.19969983580715217
0.19794774979195656
0.19628018506591285
0.19461262033986917
0.19294505561382547
0.1912774908877818
0.18960992616173808
0.1879423614356944
0.1862747967096507
0.18460723198360718
0.18293966725756347
0.181325952139944
0.17980647383706705
0.17828699553419006
0.17676751723131312
0.1752480389284361
0.17372856062555914
0.17220908232268217
0.17068960401980518
0.1691701257169282
0.16765064741405122
0.16616648926348046
0.16477651818572628
0.16338654710797212
0.16199657603021794
0.16060660495246376
0.15921663387470958
0.15782666279695542
0.15643669171920124
0.1550467206414471
0.1536567495636929
0.15228878188255973
0.15101982948622053
0.14975087708988136
0.14848192469354218
0.14721297229720298
0.1459440199008638
0.1446750675045246
0.1434061151081854
0.1421371627118462
0.14086821031550703
0.13960930085009646
0.1384508206939721
0.13729234053784778
0.13613386038172343
0.1349753802255991
0.13381690006947478
0.13265841991335042
0.1314999397572261
0.13034145960110174
0.12918297944497742
0.12802449928885307
0.12696775252169584
0.12591100575453876
0.12485425898738153
0.12379751222022432
0.12274076545306711
0.1216840186859099
0.12062727191875268
0.11957052515159547
0.11851377838443827
0.11745703161728105
0.11648220404980697
0.11551556840230118
0.11454893275479541
0.11358229710728962
0.11261566145978384
0.11164902581227808
0.1106823901647723
0.10971575451726652
0.10874911886976074
0.10778248322225495
0.10688413952645251
0.10600097181991748
0.10511780411338251
0.10423463640684748
0.10335146870031243
0.10246830099377739
0.10158513328724236
0.10070196558070732
0.09981879787417228
0.09893563016763725
0.09810690896743511
0.09729860520710784
0.09649030144678054
0.09568199768645327
0.09487369392612599
0.0940653901657987
0.09325708640547144
0.09244878264514415
0.09164047888481687
0.0908321751244896
0.09006891202681815
0.08933138645066427
0.08859386087451043
0.08785633529835658
0.08711880972220279
0.08638128414604895
0.08564375856989509
0.08490623299374125
0.08416870741758739
0.08343118184143354
0.08272816110849324
0.08205389441156423
0.08137962771463521
0.08070536101770619
0.08003109432077718
0.07935682762384816
0.07868256092691915
0.07800829422999014
0.07733402753306112
0.07665976083613212
0.07601166445854757
0.07539497246417638
0.0747782804698052
0.07416158847543401
0.07354489648106283
0.07292820448669164
0.07231151249232051
0.07169482049794931
0.07107812850357813
0.07046143650920694
0.0698638107166512
0.06929955077727248
0.06873529083789376
0.06817103089851505
0.06760677095913632
0.06704251101975761
0.06647825108037889
0.06591399114100017
0.06534973120162145
0.06478547126224274
0.06423414536089316
0.06371731022762132
0.06320047509434949
0.06268363996107765
0.062166804827805816
0.061649969694533985
0.06113313456126215
0.060616299427990315
0.06009946429471852
0.05958262916144669
0.05907384572223044
0.05860129490626434
0.05812874409029824
0.057656193274332135
0.05718364245836604
0.056711091642399944
0.05623854082643384
0.05576599001046774
0.055293439194501644
0.05482088837853554
0.054351949004419454
0.0539191240488035
0.05348629909318754
0.05305347413757158
0.05262064918195563
0.05218782422633967
0.05175499927072372
0.05132217431510776
0.050889349359491805
0.05045652440387589
0.05002369944825993
0.04962732267434396
0.04923094590042798
0.04883456912651202
0.04843819235259604
0.04804181557868007
0.0476454388047641
0.047249062030848124
0.046852685256932154
0.04645630848301618
0.04605993170910021
0.045693734111802935
0.04533055443216752
0.044967374752532124
0.044604195072896716
0.04424101539326131
0.0438778357136259
0.04351465603399049
0.04315147635435508
0.04278829667471968
0.04242511699508427
0.042086614132553206
0.0417535950071564
0.04142057588175959
0.04108755675636278
0.040754537630965974
0.04042151850556917
0.04008849938017236
0.03975548025477555
0.03942246112937875
0.039089442003981935
0.03877663096337593
0.03847139795456647
0.038166164945757024
0.03786093193694757
0.03755569892813811
0.03725046591932866
0.0369452329105192
0.036639999901709755
0.0363347668929003
0.036029533884090845
0.03574038149103006
0.03546041802125422
0.03518045455147841
0.034900491081702574
0.03462052761192674
0.034340564142150906
0.03406060067237507
0.03378063720259923
0.033500673732823394
0.033220710263047556
0.03295333338474463
0.032696445332669126
0.03243955728059362
0.03218266922851811
0.03192578117644261
0.031668893124367097
0.031412005072291596
0.03115511702021609
0.03089822896814058
0.030641340916065074
0.0303940211956631
0.030158183473269352
0.02992234575087561
0.029686508028481894
0.029450670306088153
0.029214832583694415
0.02897899486130067
0.028743157138906926
0.028507319416513188
0.028271481694119444
0.028042696573822655
0.02782625350719553
0.027609810440568403
0.027393367373941283
0.027176924307314155
0.026960481240687027
0.026744038174059903
0.02652759510743278
0.026311152040805655
0.026094708974178527
0.025883072972568404
0.02568425581100362
0.02548543864943884
0.025286621487874056
0.025087804326309276
0.024888987164744508
0.024690170003179725
0.024491352841614945
0.02429253568005016
0.024093718518485376
0.02389782698985706
0.023715100809442842
0.02353237462902863
0.023349648448614417
0.023166922268200198
0.022984196087785985
0.02280146990737177
0.022618743726957557
0.02243601754654334
0.022253291366129125
0.022071915685802496
0.0219040450063517
0.021736174326900906
0.02156830364745011
0.02140043296799932
0.02123256228854853
0.021064691609097734
0.020896820929646957
0.020728950250196162
0.020561079570745367
0.020393208891294576
0.020238882709814898
0.020084556528335216
0.019930230346855538
0.01977590416537586
0.01962157798389618
0.0194672518024165
0.019312925620936817
0.01915859943945714
0.01900427325797746
0.01884994707649778
0.01870684214561898
0.01856485933980026
0.018422876533981548
0.01828089372816283
0.01813891092234412
0.017996928116525403
0.017854945310706687
0.01771296250488797
0.017570979699069268
0.017428996893250552
0.01729663035786054
0.017166400771454683
0.017036171185048826
0.01690594159864297
0.016775712012237112
0.016645482425831255
0.0165152528394254
0.01638502325301954
0.01625479366661368
0.016124564080207824
0.016001619969427384
0.015881407912006477
0.015761195854585568
0.015640983797164658
0.015520771739743752
0.015400559682322843
0.015280347624901935
0.015160135567481027
0.015039923510060118
0.014919711452639222
0.014805263627357717
0.014694109649013017
0.014582955670668314
0.014471801692323615
0.014360647713978915
0.014249493735634212
0.014138339757289512
0.01402718577894481
0.01391603180060011
0.013804877822255408
0.013698805085041581
0.013596966715436814
0.013495128345832044
0.013393289976227277
0.01329145160662251
0.013189613237017742
0.013087774867412975
0.012985936497808206
0.012884098128203438
0.01278225975859867
0.012684064270331516
0.012590240239669504
0.012496416209007485
0.012402592178345464
0.012308768147683443
0.012214944117021422
0.012121120086359401
0.01202729605569738
0.01193347202503536
0.01183964799437334
0.01174848756968348
0.011661988455444895
0.011575489341206311
0.011488990226967729
0.011402491112729144
0.01131599199849056
0.011229492884251978
0.011142993770013394
0.01105649465577481
0.010969995541536225
0.010885349412661872
0.010805644578092135
0.010725939743522397
0.010646234908952664
0.010566530074382928
0.010486825239813188
0.01040712040524345
0.010327415570673713
0.010247710736103973
0.010168005901534235
0.010089428265405865
0.01001592302226366
0.00994241777912145
0.009868912535979242
0.009795407292837037
0.009721902049694829
0.00964839680655262
0.009574891563410414
0.009501386320268205
0.009427881077125997
0.009354889246115357
0.009287031536420373
0.009219173826725392
0.00915131611703041
0.009083458407335432
0.00901560069764045
0.008947742987945467
0.008879885278250482
0.008812027568555501
0.008744169858860517
0.008676312149165534
0.008613710660477865
0.008551109171790196
0.008488507683102527
0.008425906194414858
0.00836330470572719
0.00830070321703952
0.00823810172835185
0.008175500239664181
0.008112898750976512
0.008050297262288843
0.007992100701388989
0.007934344633267917
0.007876588565146846
0.007818832497025772
0.0077610764289047
0.007703320360783634
0.007645564292662561
0.00758780822454149
0.007530052156420418
0.007472296088299341
0.007418146023532993
0.007364797292845474
0.007311448562157954
0.007258099831470434
0.007204751100782914
0.007151402370095394
0.007098053639407884
0.0070447049087203634
0.006991356178032844
0.006938007447345324
0.0068876213822004675
0.006838346316634111
0.006789071251067753
0.006739796185501396
0.006690521119935039
0.006641246054368681
0.006591970988802324
0.006542695923235966
0.0064934208576696096
0.006444145792103251
0.006397252528589108
0.006351720294819086
0.006306188061049063
0.006260655827279042
0.00621512359350902
0.006169591359738998
0.006124059125968976
0.0060785268921989535
0.006032994658428931
0.0059874624246589086
0.005943590741682292
0.005901102851033513
0.005858614960384733
0.005816127069735954
0.0057736391790871745
0.005731151288438395
0.0056886633977896155
0.005646175507140836
0.005603687616492057
0.005561199725843277
0.005520356390143317
0.00548148652038194
0.0054426166506205634
0.0054037467808591855
0.005364876911097809
0.005326007041336433
0.005287137171575055
0.005248267301813679
0.005209397432052301
0.005170527562290932
0.005132720252703654
0.005096772423421054
0.005060824594138452
0.005024876764855851
0.004988928935573249
0.004952981106290648
0.004917033277008046
0.004881085447725445
0.004845137618442843
0.004809189789160242
0.004773974699337636
0.004740713581408354
0.004707452463479074
0.004674191345549791
0.00464093022762051
0.004607669109691228
0.004574407991761947
0.004541146873832665
0.004507885755903383
0.0044746246379741015
0.0044418105341361225
0.004411007993709003
0.004380205453281883
0.004349402912854764
0.004318600372427645
0.004287797832000525
0.004256995291573406
0.004226192751146286
0.004195390210719166
0.0041645876702920475
0.004133989490926637
0.0041054349221783136
0.004076880353429991
0.004048325784681668
0.004019771215933344
0.0039912166471850205
0.003962662078436698
0.003934107509688374
0.003905552940940051
0.003876998372191728
0.0038484438034434047
0.0038220402036145762
0.0037956366037857473
0.0037692330039569228
0.0037428294041280943
0.003716425804299266
0.003690022204470437
0.003663618604641608
0.003637215004812779
0.0036108114049839507
0.003584407805155122
0.0035597658067185447
0.0035352999684211926
0.0035108341301238405
0.0034863682918264893
0.003461902453529137
0.003437436615231785
0.003412970776934433
0.0033885049386370813
0.0033640391003397297
0.0033395732620423776
0.0033165506583654925
0.0032938487734931548
0.003271146888620818
0.0032484450037484807
0.003225743118876144
0.003203041234003806
0.0031803393491314693
0.003157637464259132
0.0031349355793867948
0.0031122336945144575
0.0030907531671664538
0.0030697306488900746
0.003048708130613696
0.0030276856123373167
0.003006663094060938
0.0029856405757845584
0.00296461805750818
0.0029435955392318005
0.002922573020955422
0.0029015505026790426
0.0028814966459956943
0.002861996310222649
0.002842495974449604
0.0028229956386765583
0.0028034953029035126
0.002783994967130471
0.0027644946313574257
0.0027449942955843805
0.002725493959811335
0.002705993624038289
0.002687262752175474
0.002669173100237851
0.002651083448300227
0.002632993796362604
0.002614904144424981
0.0025968144924873576
0.002578724840549734
0.0025606351886121106
0.0025425455366744876
0.0025244558847368646
0.0025069568074143783
0.0024901664196300567
0.0024733760318457355
0.0024565856440614143
0.002439795256277093
0.002423004868492772
0.0024062144807084503
0.002389424092924129
0.002372633705139808
0.0023558433173554863
0.002339489618581002
0.002323900125573732
0.0023083106325664615
0.002292721139559191
0.002277131646551921
0.0022615421535446506
0.0022459526605373803
0.0022303631675301104
0.00221477367452284
0.00219918418151557
0.0021838979867350576
0.002169420587225901
0.002154943187716745
0.002140465788207588
0.0021259883886984316
0.0021115109891892752
0.0020970335896801184
0.002082556190170962
0.0020680787906618052
0.0020536013911526515
0.0020393032582489814
0.0020258118250699986
0.0020123203918910163
0.0019988289587120336
0.0019853375255330513
0.001971846092354069
0.0019583546591750867
0.0019448632259961044
0.0019313717928171222
0.0019178803596381396
0.0019044741880412893
0.00189192063226576
0.0018793670764902309
0.0018668135207147011
0.0018542599649391724
0.0018417064091636429
0.0018291528533881133
0.0018165992976125842
0.0018040457418370549
0.0017914921860615256
0.0017789386302859962
