0.1533534138657246
0.15378729828373727
0.15422118270174995
0.15465506711976265
0.1550889515377753
0.155522835955788
0.15595672037380068
0.15639060479181335
0.15682448920982603
0.1572583736278387
0.15769225804585138
0.1612486577913927
0.16511730906968686
0.16898596034798102
0.17285461162627522
0.17672326290456938
0.18059191418286352
0.1844605654611577
0.1883292167394519
0.19219786801774608
0.19606651929604021
0.20257130058602488
0.20966188854527404
0.21675247650452323
0.22384306446377236
0.23093365242302155
0.2380242403822707
0.24511482834151987
0.25220541630076904
0.2592960042600182
0.26638659221926736
0.2745305938647591
0.2830696256425918
0.29160865742042447
0.3001476891982572
0.30868672097608985
0.31722575275392256
0.3257647845317553
0.33430381630958794
0.3428428480874207
0.3513818798652533
0.35980178238657656
0.3681536110470373
0.37650543970749795
0.38485726836795864
0.39320909702841933
0.40156092568888
0.40991275434934077
0.4182645830098014
0.42661641167026215
0.4349682403307229
0.44267253974766246
0.44983723146166793
0.45700192317567323
0.4641666148896787
0.47133130660368416
0.4784959983176895
0.485660690031695
0.49282538174570045
0.49999007345970575
0.5071547651737113
0.5135805731805815
0.5191197207388893
0.5246588682971972
0.5301980158555051
0.5357371634138131
0.5412763109721209
0.5468154585304288
0.5523546060887368
0.5578937536470446
0.5634329012053525
0.568354679921088
0.5721960631623217
0.5760374464035556
0.5798788296447894
0.5837202128860232
0.5875615961272569
0.5914029793684907
0.5952443626097246
0.5990857458509583
0.6029271290921921
0.6063405223129412
0.608612608812398
0.6108846953118547
0.6131567818113116
0.6154288683107684
0.6177009548102251
0.6199730413096819
0.6222451278091388
0.6245172143085955
0.6267893008080523
0.6288157449069811
0.6297367982035346
0.630657851500088
0.6315789047966414
0.6324999580931947
0.633421011389748
0.6343420646863015
0.6352631179828548
0.6361841712794083
0.6371052245759616
0.6379255892854129
0.6377390681238426
0.6375525469622725
0.6373660258007022
0.6371795046391321
0.6369929834775618
0.6368064623159917
0.6366199411544216
0.6364334199928512
0.636246898831281
0.6360603776697109
0.6350005285587573
0.6339406794478037
0.63288083033685
0.6318209812258965
0.6307611321149429
0.6297012830039892
0.6286414338930356
0.627581584782082
0.6265217356711283
0.6254618865601748
0.623779855613611
0.6220356064834865
0.6202913573533619
0.6185471082232373
0.6168028590931127
0.6150586099629882
0.6133143608328635
0.611570111702739
0.6098258625726144
0.6080816134424897
0.605948399060672
0.6037287479562556
0.6015090968518394
0.5992894457474232
0.5970697946430068
0.5948501435385904
0.5926304924341742
0.590410841329758
0.5881911902253416
0.5859715391209253
0.583514788539149
0.5809691256533626
0.5784234627675762
0.5758777998817898
0.5733321369960034
0.570786474110217
0.5682408112244306
0.5656951483386442
0.5631494854528579
0.5606038225670714
0.5579202709238571
0.5551579257049696
0.5523955804860821
0.5496332352671948
0.5468708900483072
0.5441085448294197
0.5413461996105322
0.5385838543916448
0.5358215091727574
0.5330591639538699
0.5302306951697258
0.5273471234145344
0.524463551659343
0.5215799799041516
0.5186964081489602
0.515812836393769
0.5129292646385776
0.5100456928833862
0.5071621211281948
0.5042785493730034
0.5013719157898755
0.4984376080132236
0.49550330023657174
0.4925689924599199
0.489634684683268
0.48670037690661616
0.4837660691299642
0.4808317613533124
0.47789745357666047
0.4749631458000086
0.4720343104488789
0.4691150518424127
0.4661957932359465
0.46327653462948043
0.46035727602301424
0.4574380174165481
0.45451875881008197
0.45159950020361583
0.4486802415971496
0.44576098299068356
0.44285642868565306
0.4399910858511178
0.43712574301658247
0.43426040018204715
0.4313950573475117
0.4285297145129764
0.42566437167844107
0.4227990288439058
0.4199336860093704
0.4170683431748352
0.4142185529196356
0.41143874927144664
0.40865894562325766
0.4058791419750687
0.4030993383268797
0.40031953467869075
0.3975397310305018
0.3947599273823128
0.39198012373412383
0.38920032008593486
0.38643032668236876
0.38375843572502943
0.3810865447676901
0.3784146538103507
0.37574276285301145
0.3730708718956721
0.3703989809383328
0.36772708998099346
0.36505519902365413
0.3623833080663148
0.3597114171089755
0.3571625040263324
0.35461359094368916
0.3520646778610459
0.34951576477840274
0.34696685169575947
0.34441793861311626
0.34186902553047305
0.33932011244782984
0.3367711993651866
0.3342222862825434
0.33179365013432616
0.3293770416795517
0.3269604332247771
0.32454382477000243
0.32212721631522784
0.31971060786045324
0.3172939994056786
0.314877390950904
0.3124607824961294
0.31004417404135476
0.3077470429130821
0.3054764623018098
0.3032058816905377
0.3009353010792654
0.2986647204679932
0.2963941398567209
0.2941235592454487
0.2918529786341764
0.28958239802290414
0.2873118174116319
0.2851348251426409
0.28299292850200525
0.28085103186136967
0.27870913522073415
0.2765672385800986
0.27442534193946294
0.2722834452988273
0.27014154865819173
0.26799965201755616
0.2658577553769205
0.2638062070468079
0.2618062863227084
0.259806365598609
0.25780644487450954
0.25580652415041016
0.25380660342631073
0.25180668270221124
0.24980676197811177
0.2478068412540123
0.24580692052991288
0.24387751170839903
0.24200686280570655
0.24013621390301407
0.2382655650003216
0.2363949160976292
0.2345242671949367
0.23265361829224418
0.2307829693895517
0.22891232048685922
0.22704167158416674
0.22523003240627282
0.22348920489813712
0.22174837739000142
0.22000754988186572
0.21826672237373004
0.21652589486559443
0.21478506735745873
0.21304423984932305
0.21130341234118732
0.20956258483305165
0.20786697880629124
0.20625051037193762
0.20463404193758397
0.20301757350323033
0.20140110506887665
0.199784636634523
0.19816816820016947
0.19655169976581582
0.19493523133146218
0.19331876289710853
0.19173455478023932
0.19023637417666206
0.1887381935730848
0.1872400129695075
0.18574183236593023
0.18424365176235297
0.1827454711587757
0.1812472905551985
0.1797491099516212
0.17825092934804396
0.17677308423583907
0.17538674883480984
0.1740004134337807
0.17261407803275153
0.17122774263172233
0.16984140723069316
0.16845507182966396
0.1670687364286348
0.16568240102760567
0.1642960656265765
0.16291947792553227
0.16164036722433764
0.16036125652314298
0.15908214582194835
0.15780303512075378
0.15652392441955912
0.1552448137183645
0.15396570301716986
0.15268659231597523
0.15140748161478065
0.15012837091358602
0.14894572106677473
0.14776307121996338
0.14658042137315208
0.14539777152634076
0.14421512167952943
0.1430324718327181
0.1418498219859068
0.14066717213909546
0.13948452229228414
0.13830187244547287
0.13720294018975418
0.1361123796931447
0.13502181919653528
0.13393125869992584
0.1328406982033164
0.13175013770670696
0.13065957721009752
0.12956901671348806
0.12847845621687862
0.12738789572026923
0.1263676245271172
0.12536297317917797
0.1243583218312387
0.12335367048329943
0.12234901913536017
0.12134436778742091
0.12033971643948166
0.11933506509154239
0.11833041374360313
0.11732576239566388
0.11637885549613561
0.11545360276476141
0.1145283500333872
0.11360309730201298
0.11267784457063879
0.11175259183926459
0.11082733910789037
0.10990208637651616
0.10897683364514196
0.10805158091376776
0.10717328799257606
0.10632182924863155
0.10547037050468698
0.10461891176074245
0.10376745301679788
0.10291599427285333
0.10206453552890879
0.10121307678496423
0.10036161804101967
0.09951015929707513
0.0986959448220183
0.0979127672377012
0.09712958965338415
0.09634641206906708
0.09556323448474999
0.09478005690043291
0.09399687931611583
0.09321370173179876
0.09243052414748167
0.09164734656316458
0.09089410431508259
0.09017678447048269
0.08945946462588279
0.0887421447812829
0.08802482493668301
0.08730750509208311
0.08659018524748321
0.08587286540288332
0.08515554555828349
0.08443822571368359
0.08374083419385032
0.08307831724235867
0.08241580029086701
0.08175328333937537
0.0810907663878837
0.08042824943639204
0.07976573248490039
0.07910321553340872
0.07844069858191706
0.07777818163042541
0.07713031171485953
0.07652150056176235
0.07591268940866516
0.07530387825556799
0.07469506710247081
0.07408625594937365
0.07347744479627646
0.07286863364317929
0.07225982249008212
0.07165101133698494
0.07105118660544736
0.07049180077092765
0.06993241493640795
0.06937302910188825
0.06881364326736854
0.06825425743284882
0.06769487159832913
0.06713548576380943
0.06657609992928973
0.06601671409477003
0.06546158227952567
0.06494899065703477
0.06443639903454386
0.06392380741205295
0.06341121578956206
0.06289862416707115
0.06238603254458025
0.06187344092208935
0.061360849299598445
0.060848257677107546
0.06033566605461664
0.059863313289716474
0.05939096052481636
0.05891860775991618
0.05844625499501602
0.05797390223011585
0.057501549465215684
0.05702919670031552
0.05655684393541535
0.056084491170515186
0.05561213840561502
0.05517474849464945
0.054740854869077336
0.05430696124350523
0.05387306761793312
0.053439173992361005
0.05300528036678889
0.05257138674121678
0.052137493115644674
0.05170359949007256
0.05126970586450045
0.05086465073679298
0.050466004164166536
0.05006735759154013
0.049668711018913694
0.049270064446287246
0.04887141787366081
0.04847277130103437
0.04807412472840793
0.04767547815578149
0.04727683158315504
0.0469017845301045
0.04653558729689492
0.04616939006368534
0.04580319283047576
0.045436995597266175
0.0450707983640566
0.044704601130847024
0.04433840389763744
0.04397220666442786
0.04360600943121828
0.04325868294432038
0.04292213974102916
0.04258559653773794
0.04224905333444672
0.041912510131155524
0.041575966927864305
0.041239423724573086
0.04090288052128187
0.04056633731799064
0.040229794114699416
0.03990816352116683
0.03959896010243309
0.039289756683699356
0.03898055326496562
0.038671349846231884
0.03836214642749815
0.038052943008764405
0.03774373959003067
0.03743453617129693
0.037125332752563196
0.03682750288331493
0.036543321273449225
0.036259139663583524
0.035974958053717816
0.03569077644385211
0.03540659483398641
0.03512241322412073
0.03483823161425502
0.03455405000438932
0.03426986839452361
0.033994004679087086
0.0337326972789016
0.033471389878716125
0.03321008247853065
0.03294877507834517
0.03268746767815969
0.032426160277974216
0.03216485287778874
0.031903545477603254
0.03164223807741778
0.03138669256993236
0.0311465121096471
0.03090633164936184
0.030666151189076576
0.030425970728791323
0.03018579026850606
0.0299456098082208
0.02970542934793554
0.0294652488876503
0.029225068427365043
0.02898839797313827
0.02876752254617469
0.028546647119211108
0.028325771692247537
0.028104896265283952
0.027884020838320374
0.027663145411356796
0.027442269984393218
0.02722139455742964
0.027000519130466062
0.02678124858552404
0.026578026860797622
0.0263748051360712
0.02617158341134478
0.025968361686618358
0.02576513996189194
0.02556191823716552
0.025358696512439098
0.025155474787712677
0.024952253062986277
0.024749031338259855
0.024562110318351357
0.024375189298442856
0.024188268278534354
0.024001347258625853
0.02381442623871735
0.023627505218808853
0.02344058419890035
0.02325366317899185
0.02306674215908335
0.02287982113917485
0.02270644801049642
0.022534429670940995
0.022362411331385574
0.02219039299183015
0.022018374652274728
0.021846356312719306
0.02167433797316388
0.021502319633608456
0.02133030129405304
0.021158282954497613
0.020997378553840797
0.020838943917383654
0.020680509280926507
0.020522074644469365
0.020363640008012218
0.020205205371555075
0.020046770735097932
0.01988833609864079
0.019729901462183643
0.019571466825726497
0.019422227817252856
0.019276437169273034
0.019130646521293208
0.018984855873313382
0.018839065225333552
0.01869327457735373
0.018547483929373904
0.01840169328139408
0.018255902633414253
0.018110111985434427
0.017971650271177184
0.01783737651904714
0.017703102766917105
0.017568829014787058
0.01743455526265701
0.01730028151052696
0.01716600775839692
0.01703173400626687
0.016897460254136826
0.016763186502006776
0.016634676815344467
0.016510970516571938
0.016387264217799406
0.016263557919026873
0.016139851620254345
0.016016145321481812
0.015892439022709284
0.01576873272393675
0.015645026425164223
0.01552132012639169
0.01540198890072784
0.015287907762794397
0.015173826624860958
0.015059745486927525
0.014945664348994084
0.014831583211060644
0.014717502073127203
0.014603420935193762
0.01448933979726032
0.01437525865932688
0.014264452893692606
0.01415937902958188
0.014054305165471154
0.013949231301360429
0.013844157437249701
0.013739083573138973
0.013634009709028247
0.013528935844917522
0.013423861980806796
0.013318788116696068
0.01321594647467864
0.013119057424910006
0.013022168375141377
0.012925279325372744
0.012828390275604111
0.012731501225835488
0.012634612176066857
0.012537723126298226
0.012440834076529593
0.01234394502676096
0.012248410794647993
0.01215897324198551
0.012069535689323029
0.011980098136660547
0.011890660583998066
0.011801223031335583
0.0117117854786731
0.01162234792601062
0.011532910373348138
0.011443472820685656
0.011354671284902012
0.011272229917906738
0.011189788550911468
0.011107347183916195
0.011024905816920925
0.010942464449925651
0.01086002308293038
0.010777581715935115
0.010695140348939845
0.010612698981944571
0.0105302576149493
0.010454169381143257
0.010378081147337213
0.01030199291353117
0.010225904679725128
0.010149816445919085
0.010073728212113043
0.009997639978306999
0.009921551744500956
0.009845463510694914
0.00976937527688887
0.009698870337154521
0.00962892372682734
0.009558977116500163
0.009489030506172983
0.009419083895845802
0.009349137285518623
0.009279190675191442
0.009209244064864262
0.00913929745453709
0.009069350844209909
0.009003531377442142
0.008938629053687582
0.008873726729933019
0.008808824406178457
0.008743922082423895
0.008679019758669332
0.00861411743491477
0.008549215111160208
0.008484312787405645
0.008419410463651083
0.008358105772499487
0.008298150193574005
0.008238194614648522
0.008178239035723038
0.008118283456797555
0.008058327877872072
0.00799837229894659
0.007938416720021105
0.007878461141095623
0.007818505562170145
0.007761283279250625
0.007705622879763082
0.00764996248027554
0.0075943020807879985
0.007538641681300457
0.007482981281812914
0.007427320882325372
0.00737166048283783
0.007316000083350288
0.007260339683862746
0.0072071272244324395
0.007155954715049829
0.007104782205667218
0.007053609696284609
0.007002437186901999
0.006951264677519388
0.006900092168136778
0.006848919658754168
0.0067977471493715575
0.006746574639988947
0.006697153864545586
0.00664983516982933
0.006602516475113068
0.006555197780396807
0.006507879085680545
0.006460560390964284
0.006413241696248023
0.0063659230015317625
0.0063186043068155
0.006271285612099239
0.006225258270749926
0.006181490797792775
0.006137723324835623
0.006093955851878472
0.006050188378921321
0.006006420905964168
0.0059626534330070174
0.005918885960049866
0.005875118487092714
0.005831351014135563
0.005788476623371466
0.005747983785122183
0.0057074909468729
0.00566699810862362
0.005626505270374338
0.005586012432125054
0.005545519593875772
0.005505026755626488
0.005464533917377205
0.005424041079127922
0.005384096416819972
0.005346618546248023
0.005309140675676076
0.005271662805104127
0.00523418493453218
0.005196707063960231
0.005159229193388282
0.005121751322816334
0.005084273452244386
0.005046795581672438
0.005009570415890521
0.004974872298008921
0.0049401741801273205
0.00490547606224572
0.004870777944364123
0.004836079826482523
0.004801381708600922
0.004766683590719321
0.004731985472837721
0.004697287354956121
0.004662589237074521
0.004630456947846821
0.00459832465861912
0.0045661923693914195
0.00453406008016372
0.004501927790936019
0.004469795501708319
0.004437663212480619
0.004405530923252918
0.004373398634025218
0.004341266344797518
0.004311283818617512
0.004281516268742276
0.00425174871886704
0.004221981168991804
0.004192213619116567
0.004162446069241334
0.004132678519366098
0.004102910969490862
0.004073143419615626
0.004043375869740387
0.004015393616918517
0.003987808096775172
0.0039602225766318284
0.003932637056488483
0.00390505153634514
0.0038774660162017947
0.0038498804960584556
0.0038222949759151113
0.0037947094557717665
0.003767123935628422
0.003741004675978825
0.0037154352640143837
0.0036898658520499424
0.003664296440085501
0.0036387270281210598
0.003613157616156618
0.0035875882041921762
0.003562018792227735
0.003536449380263293
0.0035108799682988523
0.0034864940631789726
0.003462784447684557
0.0034390748321901417
0.0034153652166957265
0.0033916556012013113
0.003367945985706896
0.0033442363702124805
0.0033205267547180652
0.0032968171392236496
0.003273107523729235
0.0032501362396599146
0.0032277802317781743
0.0032054242238964336
0.003183068216014693
0.003160712208132953
0.0031383562002512124
0.0031160001923694718
0.003093644184487731
0.003071288176605991
0.0030489321687242506
0.003027483213219701
0.0030071227205677818
0.002986762227915863
0.0029664017352639435
0.002946041242612025
0.0029256807499601052
0.0029053202573081863
0.002884959764656267
0.002864599272004348
0.0028442387793524327
0.0028244095458259105
0.0028055100157688335
0.002786610485711757
0.00276771095565468
0.0027488114255976035
0.002729911895540527
0.00271101236548345
0.002692112835426373
0.0026732133053692965
0.00265431377531222
0.0026357825801837857
0.0026182336115317326
0.002600684642879679
0.0025831356742276254
0.0025655867055755727
0.002548037736923519
0.0025304887682714656
0.0025129397996194124
0.0024953908309673593
0.0024778418623153057
0.0024605202178916564
0.0024442215324958273
0.0024279228470999977
0.002411624161704168
0.002395325476308339
0.0023790267909125093
0.0023627281055166797
0.00234642942012085
0.002330130734725021
0.0023138320493291914
0.0022976384218275567
0.0022824953732678687
0.0022673523247081807
0.002252209276148493
0.0022370662275888052
0.0022219231790291173
0.0022067801304694293
0.0021916370819097418
0.002176494033350054
0.002161350984790366
0.002146207936230678
0.0021321341105320956
0.0021180602848335137
0.002103986459134934
0.002089912633436352
0.00207583880773777
0.0020617649820391876
0.0020476911563406053
0.0020336173306420235
0.002019543504943441
0.002005469679244859
0.001992296389084474
0.001979213152477909
0.0019661299158713437
0.0019530466792647785
0.0019399634426582133
0.0019268802060516481
0.0019137969694450827
0.0019007137328385176
0.0018876304962319524
0.0018745472596253872
0.0018622136767667671
0.0018500466836299124
0.0018378796904930576
0.0018257126973562031
0.0018135457042193486
0.0018013787110824938
0.0017892117179456393
0.0017770447248087846
0.00176487773167193
0.0017527107385350753
0.0017411609877762454
0.001729842702909174
0.0017185244180421032
0.0017072061331750322
0.0016958878483079613
0.0016845695634408902
0.0016732512785738193
0.0016619329937067483
0.0016506147088396774
0.0016392964239726065
0.001628478585599035
0.001617946716650321
0.001607414847701607
0.0015968829787528925
0.0015863511098041783
0.001575819240855466
0.0015652873719067518
0.0015547555029580375
0.0015442236340093233
0.0015336917650606093
0.0015235573808100055
0.001513754233807828
0.0015039510868056502
0.0014941479398034724
0.001484344792801295
0.001474541645799117
0.0014647384987969397
0.0014549353517947618
0.0014451322047925842
0.0014353290577904065
0.0014258328643121422
0.001416705015062574
0.0014075771658130058
0.0013984493165634373
0.0013893214673138692
0.001380193618064301
0.0013710657688147327
0.0013619379195651644
0.0013528100703155963
0.001343682221066028
0.0013347822239019407
0.0013262809678874447
0.0013177797118729487
0.0013092784558584529
0.0013007771998439568
0.001292275943829461
0.0012837746878149648
0.001275273431800469
0.001266772175785973
0.0012582709197714772
0.0012499280342756877
0.001242007470163115
0.0012340869060505427
0.00122616634193797
0.0012182457778253976
0.0012103252137128252
0.0012024046496002527
0.00119448408548768
0.0011865635213751077
0.0011786429572625365
0.001170820356104998
0.0011634385882451125
0.0011560568203852271
0.001148675052525342
0.0011412932846654564
0.001133911516805571
0.0011265297489456857
0.0011191479810858003
0.0011117662132259151
0.0011043844453660296
0.0010970481558535401
0.0010901666498150096
0.0010832851437764792
0.001076403637737949
0.0010695221316994186
0.0010626406256608882
0.0010557591196223577
0.0010488776135838273
0.0010419961075452968
0.0010351146015067664
0.001028233095468236
