5.47020514196408
5.3682919383609855
5.26637873475789
5.164465531154795
5.0625523275517
4.960639123948605
4.85872592034551
4.756812716742415
4.65489951313932
4.552986309536225
4.451073105933131
4.391027992244398
4.3351696875471015
4.279311382849805
4.223453078152509
4.167594773455213
4.1117364687579165
4.05587816406062
4.000019859363324
3.9441615546660276
3.888303249968731
3.8478673327774184
3.810858612809657
3.7738498928418958
3.7368411728741346
3.6998324529063735
3.6628237329386124
3.6258150129708513
3.5888062930030897
3.5517975730353286
3.5147888530675675
3.483921494040774
3.4553571453668432
3.426792796692912
3.3982284480189815
3.3696640993450506
3.3410997506711198
3.312535401997189
3.283971053323258
3.255406704649327
3.2268423559753963
3.2008259038875937
3.1762653927061506
3.1517048815247075
3.127144370343264
3.1025838591618218
3.078023347980378
3.0534628367989347
3.0289023256174916
3.0043418144360485
2.9797813032546054
2.9563858627724606
2.933961314539731
2.911536766307002
2.8891122180742728
2.866687669841543
2.8442631216088134
2.821838573376084
2.7994140251433546
2.7769894769106256
2.754564928677896
2.7327809279989
2.711765584384384
2.6907502407698676
2.6697348971553527
2.6487195535408365
2.6277042099263204
2.6066888663118046
2.585673522697289
2.5646581790827727
2.543642835468257
2.523052825230202
2.503207148400953
2.483361471571704
2.463515794742455
2.4436701179132063
2.4238244410839576
2.4039787642547084
2.3841330874254596
2.364287410596211
2.344441733766962
2.324901337363926
2.306175022097456
2.2874487068309866
2.2687223915645167
2.2499960762980473
2.2312697610315775
2.212543445765108
2.1938171304986387
2.175090815232169
2.1563644999656995
2.137843083513525
2.120243711725679
2.102644339937833
2.0850449681499876
2.067445596362141
2.0498462245742957
2.03224685278645
2.014647480998604
1.9970481092107581
1.9794487374229122
1.9619529380865388
1.9454928632648878
1.9290327884432363
1.9125727136215853
1.8961126387999343
1.8796525639782833
1.8631924891566323
1.846732414334981
1.8302723395133298
1.8138122646916788
1.7973521898700275
1.7820302355520652
1.7667082812341028
1.75138632691614
1.736064372598177
1.7207424182802147
1.7054204639622523
1.6900985096442895
1.6747765553263267
1.6594546010083642
1.6441326466904016
1.6298280011125392
1.6156250864086874
1.601422171704835
1.5872192570009824
1.5730163422971304
1.558813427593278
1.544610512889426
1.5304075981855738
1.5162046834817213
1.5020017687778693
1.488687854575057
1.4755714960391426
1.4624551375032286
1.4493387789673144
1.4362224204313998
1.4231060618954858
1.4099897033595714
1.3968733448236574
1.383756986287743
1.3706406277518286
1.3582816611121113
1.346206716433468
1.3341317717548244
1.3220568270761812
1.3099818823975378
1.2979069377188943
1.2858319930402509
1.2737570483616074
1.2616821036829642
1.249607159004321
1.2381612071863688
1.2270746798602399
1.2159881525341112
1.204901625207983
1.193815097881854
1.1827285705557253
1.1716420432295966
1.1605555159034682
1.1494689885773395
1.138382461251211
1.1278035327617755
1.1176476033029172
1.107491673844059
1.0973357443852008
1.0871798149263427
1.0770238854674847
1.0668679560086267
1.0567120265497685
1.0465560970909102
1.036400167632052
1.0266398976356106
1.0173544189940686
1.0080689403525267
0.9987834617109848
0.9894979830694428
0.9802125044279011
0.9709270257863591
0.9616415471448172
0.9523560685032751
0.9430705898617333
0.9340796975731216
0.9256043314021374
0.9171289652311531
0.9086535990601688
0.9001782328891845
0.8917028667182002
0.8832275005472161
0.8747521343762319
0.8662767682052475
0.8578014020342635
0.8495306101003179
0.8418053494651426
0.8340800888299672
0.8263548281947918
0.8186295675596162
0.8109043069244408
0.8031790462892654
0.79545378565409
0.7877285250189147
0.7800032643837396
0.7724038442243394
0.765370706205928
0.7583375681875166
0.7513044301691053
0.7442712921506938
0.7372381541322826
0.7302050161138711
0.7231718780954598
0.7161387400770485
0.709105602058637
0.7021303263769907
0.6957336740629914
0.6893370217489919
0.6829403694349925
0.6765437171209931
0.6701470648069936
0.6637504124929943
0.6573537601789947
0.6509571078649954
0.6445604555509958
0.6381638032369965
0.6323509104971462
0.6265380177572957
0.620725125017445
0.6149122322775946
0.609099339537744
0.6032864467978934
0.5974735540580429
0.5916606613181923
0.5858477685783418
0.5800348758384912
0.5747075258722129
0.5694287301832918
0.5641499344943706
0.5588711388054493
0.5535923431165282
0.5483135474276069
0.5430347517386855
0.5377559560497644
0.5324771603608431
0.5271983646719219
0.522318887147313
0.5175281469925511
0.5127374068377897
0.5079466666830279
0.5031559265282661
0.49836518637350435
0.4935744462187426
0.4887837060639808
0.48399296590921903
0.47920222575445726
0.47473457727379553
0.4703880881709214
0.4660415990680473
0.46169510996517327
0.45734862086229916
0.453002131759425
0.4486556426565508
0.4443091535536766
0.43996266445080257
0.43561617534792835
0.43152730598431666
0.42758564790028336
0.42364398981625007
0.4197023317322169
0.4157606736481838
0.41181901556415057
0.40787735748011733
0.4039356993960841
0.39999404131205085
0.3960523832280176
0.3923113171303856
0.3887374110214212
0.38516350491245677
0.3815895988034924
0.37801569269452817
0.37444178658556376
0.37086788047659935
0.367293974367635
0.3637200682586706
0.36014616214970624
0.3567241287820897
0.3534843427040906
0.3502445566260915
0.3470047705480925
0.3437649844700934
0.3405251983920945
0.33728541231409537
0.3340456262360963
0.3308058401580972
0.32756605408009815
0.32443650281394476
0.3214998624685213
0.31856322212309784
0.3156265817776744
0.31268994143225093
0.3097533010868275
0.3068166607414042
0.3038800203959807
0.30094338005055726
0.29800673970513386
0.2951450639705411
0.29248329386483
0.289821523759119
0.28715975365340796
0.28449798354769695
0.28183621344198595
0.27917444333627495
0.276512673230564
0.273850903124853
0.27118913301914194
0.2685726504189499
0.26615996159359306
0.26374727276823634
0.26133458394287956
0.2589218951175227
0.25650920629216595
0.25409651746680917
0.25168382864145233
0.2492711398160957
0.2468584509907389
0.24446626992314024
0.24227916643312347
0.2400920629431067
0.23790495945308987
0.2357178559630731
0.23353075247305627
0.2313436489830395
0.2291565454930227
0.2269694420030059
0.22478233851298918
0.2225952350229724
0.22061241713619031
0.21862959924940822
0.2166467813626261
0.21466396347584402
0.21268114558906193
0.21069832770227984
0.20871550981549775
0.20673269192871563
0.20474987404193357
0.20276705615515153
0.2009522552231591
0.1991542559866456
0.19735625675013216
0.19555825751361866
0.1937602582771052
0.19196225904059172
0.1901642598040782
0.18836626056756473
0.18656826133105125
0.18477026209453787
0.18311374938326416
0.18148867812204372
0.1798636068608233
0.1782385355996029
0.1766134643383825
0.17498839307716207
0.17336332181594163
0.17173825055472122
0.1701131792935008
0.16848810803228037
0.16696821527925604
0.1654877644668051
0.1640073136543542
0.16252686284190326
0.16104641202945236
0.15956596121700145
0.15808551040455054
0.1566050595920996
0.1551246087796487
0.1536441579671978
0.15225097179873587
0.1509076511411249
0.14956433048351386
0.14822100982590283
0.14687768916829178
0.14553436851068074
0.1441910478530697
0.14284772719545866
0.14150440653784763
0.1401610858802366
0.13888545878818148
0.13766624300075636
0.13644702721333124
0.1352278114259061
0.13400859563848094
0.1327893798510558
0.13157016406363065
0.1303509482762055
0.12913173248878035
0.1279125167013552
0.12674554820442505
0.12564127645608889
0.12453700470775275
0.1234327329594166
0.12232846121108047
0.12122418946274433
0.12011991771440816
0.11901564596607203
0.11791137421773598
0.11680710246939985
0.11573862144216072
0.1147327741768414
0.11372692691152207
0.11272107964620276
0.11171523238088343
0.11070938511556411
0.10970353785024478
0.10869769058492545
0.10769184331960613
0.1066859960542868
0.10570524465800259
0.10479141557914536
0.10387758650028814
0.10296375742143088
0.10204992834257365
0.10113609926371642
0.10022227018485919
0.09930844110600194
0.0983946120271447
0.09748078294828748
0.09658209544316786
0.09575154501986709
0.09492099459656632
0.09409044417326556
0.0932598937499648
0.09242934332666404
0.09159879290336327
0.09076824248006252
0.08993769205676176
0.08910714163346098
0.0882834538540895
0.08752839251401066
0.08677333117393181
0.08601826983385298
0.08526320849377414
0.0845081471536953
0.08375308581361646
0.08299802447353762
0.08224296313345877
0.08148790179337995
0.0807328404533011
0.08004600603220748
0.07935917161111389
0.07867233719002024
0.07798550276892662
0.07729866834783297
0.07661183392673934
0.0759249995056457
0.07523816508455206
0.07455133066345841
0.07386449624236478
0.07323392084771393
0.07260897135570735
0.07198402186370079
0.0713590723716942
0.07073412287968762
0.07010917338768105
0.06948422389567449
0.0688592744036679
0.06823432491166133
0.06760937541965475
0.06703027036230055
0.06646135295709132
0.06589243555188212
0.06532351814667291
0.06475460074146366
0.06418568333625443
0.06361676593104519
0.06304784852583596
0.062478931120626725
0.06191001371541749
0.061378086737644166
0.06086003117015931
0.06034197560267446
0.059823920035189604
0.05930586446770475
0.058787808900219896
0.05826975333273504
0.05775169776525019
0.05723364219776533
0.05671558663028048
0.056226820389675455
0.055754790907287466
0.0552827614248995
0.05481073194251152
0.054338702460123574
0.0538666729777356
0.053394643495347616
0.05292261401295964
0.05245058453057166
0.05197855504818368
0.051529352372525844
0.0510991720358098
0.05066899169909375
0.050238811362377706
0.04980863102566167
0.04937845068894562
0.048948270352229574
0.048518090015513535
0.04808790967879749
0.04765772934208144
0.04724479093166576
0.046852542832810505
0.04646029473395525
0.046068046635099995
0.04567579853624473
0.045283550437389485
0.044891302338534264
0.04449905423967901
0.044106806140823754
0.0437145580419685
0.043334811212126186
0.04297694160305651
0.042619071993986846
0.04226120238491718
0.04190333277584751
0.04154546316677783
0.041187593557708166
0.0408297239486385
0.04047185433956883
0.04011398473049916
0.039764658198721076
0.03943811320638724
0.03911156821405339
0.03878502322171954
0.038458478229385695
0.03813193323705186
0.037805388244718005
0.03747884325238416
0.03715229826005035
0.0368257532677165
0.03650437418112336
0.03620624167036338
0.03590810915960341
0.03560997664884343
0.03531184413808345
0.035013711627323474
0.0347155791165635
0.03441744660580352
0.03411931409504355
0.03382118158428357
0.03352547528489479
0.03325403109921787
0.03298258691354096
0.03271114272786405
0.032439698542187145
0.03216825435651023
0.031896810170833324
0.03162536598515642
0.0313539217994795
0.03108247761380262
0.03081103342812571
0.030562089628459112
0.030313145828792513
0.030064202029125908
0.02981525822945931
0.02956631442979271
0.029317370630126113
0.029068426830459515
0.028819483030792913
0.02857053923112631
0.028321595431459713
0.02809207557492361
0.027864498112700555
0.027636920650477508
0.027409343188254456
0.027181765726031402
0.02695418826380835
0.0267266108015853
0.026499033339362245
0.026271455877139194
0.026043878414916143
0.02583220605176632
0.025624068155077187
0.025415930258388054
0.025207792361698927
0.024999654465009794
0.02479151656832066
0.02458337867163153
0.0243752407749424
0.02416710287825327
0.023958964981564138
0.02376370310654808
0.023573269739659425
0.023382836372770763
0.023192403005882108
0.023001969638993452
0.022811536272104797
0.022621102905216135
0.02243066953832748
0.02224023617143882
0.022049802804550166
0.021869630637066092
0.02169532201209893
0.02152101338713178
0.02134670476216461
0.021172396137197447
0.02099808751223028
0.020823778887263115
0.02064947026229595
0.020475161637328782
0.020300853012361616
0.02013455421497987
0.019974930273919306
0.019815306332858742
0.019655682391798178
0.019496058450737618
0.01933643450967705
0.019176810568616486
0.019017186627555922
0.018857562686495362
0.018697938745434798
0.018544347775552736
0.018397996371084867
0.018251644966617003
0.018105293562149148
0.017958942157681287
0.01781259075321342
0.017666239348745554
0.01751988794427769
0.017373536539809824
0.01722718513534196
0.01708532706351942
0.01695133232382621
0.016817337584132994
0.016683342844439786
0.01654934810474657
0.016415353365053356
0.01628135862536014
0.01614736388566693
0.01601336914597372
0.015879374406280504
0.015748415884695204
0.015625553944731
0.015502692004766797
0.015379830064802591
0.015256968124838389
0.015134106184874195
0.015011244244909992
0.01488838230494579
0.014765520364981586
0.01464265842501738
0.014521645860408411
0.014408955484897991
0.014296265109387574
0.014183574733877158
0.014070884358366738
0.013958193982856321
0.013845503607345905
0.013732813231835488
0.013620122856325068
0.01350743248081465
0.013395586849970229
0.013292188665785772
0.013188790481601313
0.013085392297416855
0.012981994113232398
0.01287859592904794
0.012775197744863482
0.012671799560679035
0.012568401376494577
0.01246500319231012
0.012361605008125661
0.012266684555228129
0.012171764102330597
0.012076843649433065
0.011981923196535533
0.011887002743638
0.011792082290740469
0.011697161837842935
0.011602241384945403
0.011507320932047871
0.011412400479150339
0.011324530590155452
0.011237365757550827
0.011150200924946207
0.011063036092341584
0.01097587125973696
0.010888706427132338
0.010801541594527715
0.010714376761923092
0.010627211929318477
0.010540047096713854
0.010458675337893145
0.010378590928802197
0.010298506519711245
0.010218422110620299
0.010138337701529348
0.0100582532924384
0.00997816888334745
0.0098980844742565
0.00981800006516555
0.0097379156560746
0.009662543967012912
0.009588939547962196
0.00951533512891148
0.009441730709860763
0.009368126290810047
0.009294521871759331
0.009220917452708616
0.0091473130336579
0.009073708614607183
0.009000104195556474
0.008930162999424882
0.00886231507353279
0.008794467147640697
0.008726619221748604
0.008658771295856512
0.008590923369964417
0.008523075444072326
0.008455227518180234
0.00838737959228814
0.008319531666396048
0.008254758624064863
0.008192547984701103
0.008130337345337342
0.008068126705973582
0.008005916066609822
0.00794370542724606
0.0078814947878823
0.00781928414851854
0.00775707350915478
0.007694862869791019
0.007634905824585404
0.00757765309236957
0.00752040036015373
0.007463147627937889
0.007405894895722048
0.0073486421635062076
0.007291389431290367
0.007234136699074528
0.007176883966858687
0.0071196312346428455
0.007064035506917993
0.007011339537052367
0.00695864356718674
0.006905947597321115
0.006853251627455488
0.0068005556575898626
0.006747859687724235
0.00669516371785861
0.0066424677479929835
0.006589771778127358
0.006538213581160666
0.006489689445257799
0.006441165309354933
0.0063926411734520705
0.006344117037549205
0.006295592901646338
0.006247068765743472
0.006198544629840605
0.006150020493937738
0.006101496358034872
0.0060536676341253854
0.0060089682641861104
0.005964268894246834
0.005919569524307558
0.005874870154368283
0.005830170784429007
0.005785471414489731
0.005740772044550455
0.005696072674611179
0.005651373304671904
0.005606992921665836
0.005565802407991847
0.005524611894317858
0.005483421380643869
0.005442230866969885
0.005401040353295895
0.005359849839621907
0.005318659325947918
0.005277468812273929
0.00523627829859994
0.005195087784925952
0.005157118182779797
0.005119148580633641
0.005081178978487486
0.0050432093763413295
0.005005239774195175
0.0049672701720490185
0.004929300569902863
0.004891330967756707
0.004853361365610553
0.004815391763464396
0.004780107175379307
0.004745091088700323
0.00471007500202134
0.004675058915342356
0.004640042828663373
0.004605026741984392
0.004570010655305408
0.004534994568626425
0.004499978481947441
0.0044649623952684545
0.00443216610469225
0.004399863102138885
0.004367560099585521
0.004335257097032156
0.004302954094478792
0.004270651091925427
0.004238348089372068
0.0042060450868187035
0.004173742084265339
0.004141439081711974
0.004110952420033483
0.004081146886183071
0.004051341352332659
0.004021535818482247
0.003991730284631834
0.003961924750781422
0.003932119216931009
0.003902313683080597
0.003872508149230185
0.0038427026153797727
0.003814352038062556
0.0037868328644785946
0.0037593136908946325
0.003731794517310671
0.0037042753437267102
0.0036767561701427486
0.0036492369965587866
0.003621717822974825
0.003594198649390864
0.003566679475806902
0.0035401714415644876
0.003514506023440029
0.0034888406053155702
0.0034631751871911118
0.0034375097690666533
0.0034118443509421944
0.0033861789328177355
0.003360513514693277
0.0033348480965688185
0.0033091826784443596
0.0032845260662366775
0.003261080021129128
0.0032376339760215784
0.003214187930914029
0.00319074188580648
0.0031672958406989294
0.00314384979559138
0.0031204037504838304
0.003096957705376281
0.0030735116602687356
0.003050712366114507
0.0030290448861285913
0.003007377406142676
0.0029857099261567602
0.002964042446170845
0.002942374966184929
0.0029207074861990136
0.002899040006213098
0.0028773725262271825
0.002855705046241267
0.002834482581884086
0.0028144468258701994
0.002794411069856313
0.002774375313842426
0.002754339557828539
0.0027343038018146524
0.0027142680458007657
0.002694232289786879
0.002674196533772992
0.0026541607777591054
0.002634399643509672
0.0026158743072002824
0.0025973489708908926
0.002578823634581503
0.0025602982982721135
0.0025417729619627233
0.002523247625653333
0.0025047222893439434
0.0024861969530345536
0.002467671616725164
0.002449272446734124
0.00243213493992658
0.0024149974331190366
0.002397859926311493
0.002380722419503949
0.0023635849126964056
0.0023464474058888614
0.002329309899081318
0.002312172392273774
0.0022950348854662308
0.002277897378658687
0.002262035929599188
0.0022461744805396884
0.0022303130314801915
0.0022144515824206925
0.002198590133361193
0.0021827286843016935
0.002166867235242194
0.0021510057861826946
0.002135144337123195
0.0021192828880636956
0.0021044938473284
0.0020898120474255244
0.0020751302475226488
0.002060448447619773
0.0020457666477168976
0.002031084847814022
0.002016403047911147
0.002001721248008271
0.0019870394481053956
0.00197235764820252
0.0019585621481479566
0.0019449636036152403
0.001931365059082524
0.0019177665145498077
0.0019041679700170914
0.0018905694254843753
0.001876970880951659
0.0018633723364189427
0.0018497737918862266
0.0018361752473535103
0.0018233074787236717
0.0018107137510574125
0.0017981200233911532
0.0017855262957248937
0.001772932568058635
0.0017603388403923752
0.0017477451127261164
0.001735151385059857
0.0017225576573935975
0.0017099639297273382
0.0016979539598656465
0.001686277565892279
0.0016746011719189111
0.0016629247779455431
0.0016512483839721758
0.0016395719899988102
0.0016278955960254424
0.0016162192020520746
0.0016045428080787068
0.0015928664141053393
0.0015816584015569766
0.0015708407068627849
0.0015600230121685932
0.0015492053174744017
0.0015383876227802102
0.0015275699280860185
0.0015167522333918268
0.0015059345386976351
0.0014951168440034436
0.001484299149309252
0.001473838217766511
0.0014638054020055117
0.0014537725862445122
0.0014437397704835126
0.0014337069547225132
0.0014236741389615135
0.0014136413232005143
0.0014036085074395147
0.0013935756916785152
0.0013835428759175156
0.0013737749273293979
0.0013644704962938229
0.0013551660652582481
0.0013458616342226734
0.0013365572031870984
0.0013272527721515238
0.0013179483411159488
0.0013086439100803739
0.001299339479044799
0.0012900350480092243
0.0012809131827037838
0.0012722781593453676
0.0012636431359869518
0.0012550081126285354
0.0012463730892701193
0.0012377380659117031
0.0012291030425532873
0.0012204680191948711
0.001211832995836455
0.0012031979724780404
0.0011946759999511732
0.0011866627561662754
0.0011786495123813775
0.0011706362685964798
0.0011626230248115823
0.0011546097810266843
0.0011465965372417866
0.0011385832934568889
0.0011305700496719911
0.0011225568058870934
0.001114595674226414
0.0011071556638079176
0.001099715653389421
0.0010922756429709245
0.0010848356325524281
0.0010773956221339317
0.001069955611715435
0.0010625156012969387
0.001055075590878442
0.0010476355804599456
0.0010401955700414492
