2.9122902870830583
2.9110584680282674
2.9098266489734765
2.9085948299186857
2.907363010863895
2.906131191809104
2.904899372754313
2.903667553699522
2.9024357346447314
2.9012039155899405
2.899972096535149
2.898576618281154
2.897164774107238
2.8957529299333213
2.8943410857594056
2.8929292415854895
2.8915173974115733
2.890105553237657
2.888693709063741
2.8872818648898253
2.8858700207159087
2.8820832728626296
2.8777687686361584
2.873454264409687
2.8691397601832156
2.864825255956744
2.860510751730273
2.8561962475038016
2.85188174327733
2.847567239050859
2.8432527348243877
2.8363520712066985
2.8284815978173024
2.820611124427906
2.81274065103851
2.8048701776491143
2.7969997042597186
2.789129230870323
2.781258757480926
2.773388284091531
2.7655178107021348
2.755654513910624
2.744652460889334
2.7336504078680433
2.7226483548467533
2.7116463018254633
2.7006442488041724
2.689642195782882
2.6786401427615916
2.6676380897403016
2.656636036719011
2.644375808691879
2.6310671014932123
2.6177583942945457
2.6044496870958787
2.5911409798972116
2.5778322726985454
2.5645235654998784
2.5512148583012113
2.5379061511025447
2.524597443903878
2.510629706678348
2.4958711334205828
2.4811125601628174
2.4663539869050526
2.4515954136472873
2.436836840389522
2.4220782671317567
2.4073196938739914
2.392561120616226
2.377802547358461
2.3627827878311565
2.3473059523321576
2.3318291168331586
2.3163522813341597
2.3008754458351612
2.2853986103361623
2.2699217748371634
2.2544449393381645
2.2389681038391656
2.2234912683401666
2.207972469960045
2.1923417705635955
2.1767110711671465
2.161080371770697
2.145449672374248
2.129818972977799
2.114188273581349
2.0985575741849
2.0829268747884506
2.067296175392001
2.0517114018109273
2.0363332943990438
2.0209551869871603
2.0055770795752768
1.990198972163393
1.9748208647515098
1.9594427573396263
1.9440646499277423
1.9286865425158588
1.913308435103975
1.8979784763935452
1.8831300046976467
1.8682815330017482
1.8534330613058496
1.8385845896099515
1.8237361179140532
1.808887646218155
1.7940391745222564
1.7791907028263578
1.7643422311304595
1.749493759434561
1.7353169013874647
1.7211400433403683
1.7069631852932714
1.6927863272461752
1.6786094691990785
1.664432611151982
1.6502557531048856
1.6360788950577891
1.6219020370106925
1.607725178963596
1.5943015498776232
1.580953243687763
1.5676049374979024
1.554256631308042
1.5409083251181814
1.527560018928321
1.5142117127384607
1.5008634065486002
1.4875151003587397
1.4741667941688792
1.4615409196898743
1.4490755855910593
1.4366102514922447
1.42414491739343
1.411679583294615
1.3992142491958002
1.3867489150969854
1.3742835809981706
1.3618182468993558
1.349352912800541
1.3375271299084157
1.3259411787187994
1.3143552275291828
1.3027692763395662
1.2911833251499494
1.2795973739603328
1.2680114227707164
1.2564254715810996
1.2448395203914835
1.2332535692018667
1.2222205015202134
1.2115033672716817
1.2007862330231505
1.1900690987746192
1.1793519645260875
1.168634830277556
1.1579176960290245
1.147200561780493
1.1364834275319615
1.1257662932834303
1.1155039965250317
1.1056207310084112
1.0957374654917906
1.0858541999751699
1.0759709344585493
1.0660876689419287
1.0562044034253082
1.0463211379086874
1.0364378723920669
1.026554606875446
1.017032044488101
1.0079423258558857
0.9988526072236702
0.989762888591455
0.9806731699592397
0.9715834513270245
0.9624937326948092
0.9534040140625939
0.9443142954303786
0.9352245767981633
0.9264150176756395
0.9180957376950751
0.9097764577145109
0.9014571777339468
0.8931378977533824
0.8848186177728181
0.8764993377922541
0.8681800578116898
0.8598607778311255
0.8515414978505615
0.843417948553495
0.8358163477457554
0.8282147469380159
0.8206131461302764
0.8130115453225367
0.8054099445147972
0.7978083437070577
0.7902067428993181
0.7826051420915785
0.7750035412838393
0.7675237167476906
0.7605918854337003
0.75366005411971
0.7467282228057198
0.7397963914917294
0.7328645601777392
0.7259327288637489
0.7190008975497586
0.7120690662357684
0.705137234921778
0.6982612695599023
0.6919439637191683
0.6856266578784342
0.6793093520377004
0.6729920461969665
0.6666747403562324
0.6603574345154986
0.6540401286747646
0.6477228228340306
0.6414055169932966
0.6350882111525626
0.6293376867347852
0.6235871623170074
0.6178366378992295
0.6120861134814518
0.606335589063674
0.6005850646458962
0.5948345402281184
0.5890840158103406
0.5833334913925629
0.5775829669747851
0.5723060659797891
0.5670765273270715
0.5618469886743536
0.5566174500216357
0.5513879113689177
0.5461583727161999
0.540928834063482
0.5356992954107642
0.5304697567580463
0.5252402181053285
0.5204013137481072
0.5156492170121073
0.5108971202761078
0.5061450235401079
0.5013929268041082
0.49664083006810833
0.4918887333321085
0.4871366365961087
0.4823845398601089
0.477632443124109
0.4731978699267764
0.4688823680564439
0.4645668661861114
0.46025136431577907
0.4559358624454466
0.4516203605751141
0.44730485870478165
0.44298935683444907
0.4386738549641166
0.4343583530937841
0.4303062411947362
0.42640463785070803
0.4225030345066798
0.4186014311626517
0.4146998278186236
0.41079822447459546
0.4068966211305673
0.4029950177865391
0.3990934144425109
0.3951918110984827
0.3914785805086839
0.38792232721407616
0.3843660739194684
0.3808098206248608
0.3772535673302532
0.3736973140356455
0.3701410607410378
0.3665848074464301
0.36302855415182234
0.35947230085721465
0.35606988394213057
0.35285207068247487
0.3496342574228192
0.3464164441631634
0.3431986309035078
0.3399808176438522
0.3367630043841965
0.33354519112454073
0.3303273778648851
0.32710956460522933
0.3239976512287881
0.3210710626479723
0.31814447406715657
0.3152178854863408
0.312291296905525
0.3093647083247092
0.30643811974389357
0.30351153116307783
0.30058494258226204
0.29765835400144625
0.2948061331013184
0.2921522260163586
0.28949831893139866
0.2868444118464388
0.2841905047614789
0.28153659767651906
0.2788826905915591
0.27622878350659935
0.27357487642163947
0.2709209693366796
0.2683120368617104
0.26590549013169934
0.2634989434016883
0.2610923966716772
0.2586858499416661
0.25627930321165504
0.253872756481644
0.2514662097516329
0.2490596630216219
0.24665311629161082
0.24426711950099217
0.24208662210429763
0.2399061247076031
0.23772562731090857
0.2355451299142141
0.23336463251751954
0.23118413512082503
0.22900363772413052
0.22682314032743597
0.22464264293074154
0.22246214553404703
0.22048281706151826
0.21850348858898946
0.21652416011646067
0.2145448316439319
0.21256550317140313
0.21058617469887433
0.20860684622634557
0.20662751775381677
0.204648189281288
0.2026688608087593
0.2008568710557342
0.19906161517465942
0.19726635929358471
0.19547110341250995
0.19367584753143519
0.19188059165036042
0.19008533576928566
0.18829007988821095
0.18649482400713618
0.18469956812606153
0.18304255499304123
0.18141626247069972
0.17978996994835825
0.17816367742601674
0.17653738490367524
0.17491109238133373
0.17328479985899223
0.17165850733665072
0.17003221481430922
0.1684059222919677
0.16688758120350694
0.1654097219027514
0.16393186260199583
0.16245400330124027
0.1609761440004847
0.15949828469972915
0.15802042539897357
0.156542566098218
0.15506470679746245
0.15358684749670687
0.15219585382626802
0.15085449765886733
0.14951314149146655
0.14817178532406583
0.14683042915666505
0.1454890729892643
0.14414771682186356
0.1428063606544628
0.14146500448706206
0.1401236483196613
0.13884973891954194
0.13763203515882375
0.13641433139810555
0.13519662763738738
0.13397892387666915
0.13276122011595093
0.13154351635523276
0.13032581259451453
0.1291081088337963
0.1278904050730781
0.12672487181053416
0.12562194314579933
0.12451901448106453
0.12341608581632971
0.12231315715159488
0.12121022848686007
0.12010729982212524
0.11900437115739043
0.11790144249265572
0.11679851382792089
0.1157311872156502
0.11472616419519177
0.11372114117473334
0.1127161181542749
0.11171109513381647
0.11070607211335803
0.1097010490928996
0.10869602607244117
0.10769100305198273
0.1066859800315243
0.10570585716703905
0.10479213471848228
0.10387841226992553
0.10296468982136875
0.10205096737281198
0.10113724492425522
0.10022352247569843
0.09930980002714168
0.09839607757858491
0.09748235513002815
0.09658383824235339
0.09575374637864728
0.0949236545149412
0.0940935626512351
0.09326347078752899
0.09243337892382289
0.0916032870601168
0.0907731951964107
0.0899431033327046
0.0891130114689985
0.08828989512159345
0.0875365339371989
0.08678317275280437
0.08602981156840983
0.0852764503840153
0.08452308919962076
0.08376972801522621
0.08301636683083168
0.08226300564643713
0.08150964446204259
0.08075628327764806
0.08006923226880958
0.07938218125997118
0.0786951302511327
0.07800807924229423
0.07732102823345575
0.07663397722461729
0.07594692621577881
0.07525987520694033
0.07457282419810186
0.07388577318926338
0.07325514556468812
0.07263016027853916
0.07200517499239022
0.07138018970624127
0.07075520442009231
0.07013021913394335
0.0695052338477944
0.06888024856164546
0.0682552632754965
0.06763027798934755
0.06705111424146007
0.06648213305763069
0.06591315187380137
0.065344170689972
0.06477518950614261
0.06420620832231325
0.06363722713848387
0.06306824595465449
0.06249926477082512
0.061930283586995746
0.06139827936640799
0.06088014150703585
0.06036200364766371
0.05984386578829157
0.05932572792891943
0.058807590069547284
0.05828945221017515
0.057771314350803
0.057253176491430864
0.056735038632058726
0.05624618200317748
0.055774057506005295
0.055301933008833126
0.05482980851166096
0.054357684014488816
0.05388555951731665
0.05341343502014448
0.0529413105229723
0.052469186025800134
0.05199706152862795
0.05154776027823963
0.05111747840017118
0.05068719652210274
0.050256914644034284
0.04982663276596584
0.04939635088789739
0.048966069009828944
0.0485357871317605
0.04810550525369205
0.047675223375623604
0.0472621819104437
0.046869828940730045
0.04647747597101638
0.04608512300130273
0.04569277003158907
0.04530041706187542
0.044908064092161804
0.04451571112244814
0.04412335815273449
0.04373100518302083
0.04335115312977469
0.04299317768034669
0.04263520223091869
0.04227722678149069
0.041919251332062694
0.041561275882634696
0.0412033004332067
0.0408453249837787
0.0404873495343507
0.0401293740849227
0.039779942249724115
0.03945329338580395
0.039126644521883795
0.038799995657963625
0.03847334679404347
0.038146697930123305
0.03782004906620314
0.03749340020228298
0.03716675133836285
0.03684010247444268
0.03651862003903566
0.03622038653193774
0.03592215302483982
0.03562391951774191
0.035325686010643995
0.035027452503546073
0.03472921899644816
0.034430985489350245
0.034132751982252324
0.03383451847515441
0.033538626739311676
0.03326615271602074
0.0329936786927298
0.03272120466943887
0.032448730646147936
0.032176256622857
0.03190378259956607
0.031631308576275136
0.0313588345529842
0.03108636052969329
0.030813886506402356
0.030564960651755714
0.03031603479710907
0.030067108942462423
0.02981818308781578
0.02956925723316914
0.029320331378522493
0.029071405523875847
0.028822479669229205
0.028573553814582563
0.028324627959935917
0.028095122245996675
0.027867558546128164
0.02763999484625966
0.027412431146391154
0.027184867446522647
0.026957303746654143
0.02672974004678564
0.026502176346917133
0.026274612647048626
0.02604704894718012
0.025835333225766827
0.025627139277343558
0.025418945328920285
0.02521075138049702
0.025002557432073746
0.02479436348365048
0.024586169535227208
0.024377975586803935
0.02416978163838067
0.0239615876899574
0.023766317536153103
0.023575893805330927
0.02338547007450875
0.02319504634368657
0.023004622612864394
0.02281419888204221
0.022623775151220035
0.022433351420397856
0.022242927689575677
0.022052503958753498
0.021872340359872317
0.02169803969352885
0.021523739027185403
0.021349438360841935
0.02117513769449847
0.021000837028155004
0.02082653636181154
0.02065223569546807
0.020477935029124605
0.02030363436278114
0.020137301001114622
0.019977607060012226
0.01981791311890983
0.019658219177807437
0.01949852523670504
0.019338831295602644
0.019179137354500247
0.019019443413397855
0.018859749472295458
0.018700055531193062
0.018546641767656344
0.01840076421719843
0.018254886666740522
0.018109009116282625
0.017963131565824714
0.017817254015366803
0.01767137646490889
0.01752549891445098
0.01737962136399307
0.017233743813535162
0.017092166819644445
0.016958115799746334
0.01682406477984822
0.016690013759950106
0.016555962740051992
0.01642191172015388
0.016287860700255764
0.01615380968035765
0.016019758660459536
0.015885707640561422
0.015754694017423514
0.015631780118979477
0.015508866220535444
0.015385952322091404
0.01526303842364737
0.015140124525203344
0.015017210626759309
0.014894296728315274
0.014771382829871239
0.0146484689314272
0.014527405100944251
0.014414666576286188
0.014301928051628127
0.014189189526970063
0.014076451002312
0.013963712477653939
0.013850973952995876
0.013738235428337815
0.01362549690367975
0.013512758379021687
0.013400864990548867
0.013297422963928478
0.01319398093730809
0.013090538910687698
0.012987096884067307
0.012883654857446917
0.012780212830826528
0.012676770804206147
0.012573328777585758
0.012469886750965367
0.012366444724344977
0.012271484081241926
0.012176523438138876
0.012081562795035822
0.011986602151932771
0.01189164150882972
0.01179668086572667
0.011701720222623616
0.011606759579520566
0.011511798936417515
0.011416838293314463
0.011328920234153609
0.011241706433386973
0.011154492632620338
0.011067278831853704
0.010980065031087068
0.010892851230320431
0.010805637429553797
0.010718423628787162
0.010631209828020533
0.010543996027253899
0.010462598358073779
0.010382493162579555
0.01030238796708533
0.010222282771591106
0.01014217757609688
0.010062072380602655
0.00998196718510843
0.009901861989614206
0.00982175679411998
0.009741651598625755
0.009666251599760102
0.009592616049630161
0.00951898049950022
0.00944534494937028
0.009371709399240341
0.0092980738491104
0.00922443829898046
0.00915080274885052
0.009077167198720579
0.009003531648590645
0.008933560331064834
0.008865682860741382
0.00879780539041793
0.008729927920094476
0.008662050449771024
0.008594172979447572
0.00852629550912412
0.008458418038800666
0.008390540568477213
0.00832266309815376
0.008257862458797338
0.008195625845246772
0.008133389231696205
0.008071152618145639
0.008008916004595072
0.007946679391044506
0.00788444277749394
0.007822206163943373
0.007759969550392806
0.00769773293684224
0.007637750927951286
0.007580474444651869
0.00752319796135245
0.007465921478053028
0.0074086449947536066
0.007351368511454185
0.007294092028154765
0.007236815544855344
0.007179539061555923
0.007122262578256502
0.007066643893526136
0.007013926356291616
0.006961208819057096
0.0069084912818225775
0.006855773744588059
0.006803056207353539
0.006750338670119019
0.0066976211328845
0.0066449035956499805
0.006592186058415462
0.006540606776151336
0.006492062840474928
0.0064435189047985205
0.006394974969122117
0.006346431033445709
0.006297887097769302
0.006249343162092894
0.006200799226416486
0.006152255290740078
0.006103711355063671
0.006055863125993776
0.006011145576653191
0.005966428027312606
0.0059217104779720215
0.005876992928631438
0.0058322753792908535
0.005787557829950269
0.005742840280609684
0.005698122731269099
0.005653405181928515
0.005609006759547983
0.005567799606767974
0.005526592453987966
0.0054853853012079585
0.005444178148427955
0.005402970995647946
0.005361763842867937
0.005320556690087929
0.005279349537307921
0.005238142384527913
0.005196935231747905
0.005158950432939175
0.005120965634130445
0.0050829808353217145
0.005044996036512984
0.005007011237704254
0.004969026438895524
0.004931041640086793
0.0048930568412780635
0.004855072042469333
0.004817087243660603
0.004781788691987336
0.004746758765027614
0.004711728838067894
0.004676698911108173
0.004641668984148452
0.004606639057188734
0.004571609130229013
0.004536579203269293
0.004501549276309571
0.004466519349349847
0.0044337101809597875
0.004401394514474098
0.004369078847988408
0.004336763181502719
0.0043044475150170285
0.004272131848531338
0.004239816182045654
0.004207500515559964
0.004175184849074275
0.004142869182588584
0.004112370622040206
0.004082553476218319
0.004052736330396434
0.004022919184574546
0.00399310203875266
0.003963284892930774
0.003933467747108886
0.0039036506012870005
0.0038738334554651137
0.0038440163096432277
0.003815654763147498
0.003788124987695286
0.0037605952122430736
0.003733065436790862
0.0037055356613386508
0.0036780058858864387
0.0036504761104342266
0.0036229463349820145
0.003595416559529803
0.003567886784077591
0.0035413680109662496
0.0035156917398056335
0.0034900154686450173
0.0034643391974844007
0.003438662926323785
0.0034129866551631683
0.003387310384002552
0.003361634112841936
0.0033359578416813198
0.0033102815705207036
0.0032856150941399788
0.003262160371495124
0.0032387056488502692
0.0032152509262054147
0.00319179620356056
0.003168341480915705
0.00314488675827085
0.0031214320356259956
0.003097977312981141
0.003074522590336291
0.0030517149072843306
0.0030300395435199387
0.0030083641797555463
0.002986688815991154
0.002965013452226762
0.002943338088462369
0.0029216627246979768
0.0028999873609335844
0.002878311997169192
0.0028566366334048
0.0028354064033317473
0.0028153631964356013
0.0027953199895394553
0.0027752767826433092
0.0027552335757471628
0.002735190368851017
0.002715147161954871
0.0026951039550587247
0.0026750607481625787
0.002655017541266433
0.002635249090580578
0.002616717042841032
0.0025981849951014872
0.002579652947361941
0.0025611208996223957
0.0025425888518828504
0.002524056804143305
0.0025055247564037594
0.0024869927086642136
0.0024684606609246687
0.0024500548319313646
0.0024329111904004778
0.002415767548869591
0.0023986239073387045
0.0023814802658078177
0.002364336624276931
0.002347192982746044
0.002330049341215157
0.0023129056996842702
0.0022957620581533834
0.0022786184166224965
0.002262751315129
0.002246884213635504
0.00223101711214201
0.0022151500106485137
0.002199282909155017
0.002183415807661521
0.0021675487061680243
0.0021516816046745282
0.0021358145031810318
0.0021199474016875353
0.0021051531555059295
0.0020904661948555133
0.002075779234205096
0.0020610922735546794
0.0020464053129042627
0.002031718352253846
0.0020170313916034297
0.002002344430953013
0.0019876574703025962
0.0019729705096521795
0.0019591702379942707
0.0019455670083346965
0.0019319637786751227
0.0019183605490155488
0.0019047573193559748
0.0018911540896964008
0.0018775508600368269
0.001863947630377253
0.001850344400717679
0.0018367411710581048
0.0018238689562073828
0.0018112708719099796
0.0017986727876125768
0.0017860747033151738
0.0017734766190177708
0.0017608785347203678
0.0017482804504229646
0.0017356823661255618
0.001723084281828159
0.0017104861975307559
0.0016984720926441804
0.001686791690278078
0.001675111287911976
0.001663430885545873
0.0016517504831797705
0.0016400700808136702
0.0016283896784475677
0.0016167092760814652
0.0016050288737153627
0.0015933484713492603
0.0015821366283752412
0.0015713152515612915
0.0015604938747473419
0.0015496724979333922
0.0015388511211194425
0.0015280297443054929
0.0015172083674915434
0.001506386990677594
0.0014955656138636443
0.0014847442370496946
0.0014742797880550928
0.0014642436524437083
0.0014542075168323238
0.001444171381220939
0.0014341352456095548
0.0014240991099981701
0.0014140629743867859
0.0014040268387754012
0.0013939907031640167
0.0013839545675526322
0.0013741833889623506
0.0013648758851589988
0.0013555683813556473
0.0013462608775522955
0.0013369533737489438
0.0013276458699455923
0.0013183383661422407
0.0013090308623388888
0.0012997233585355372
0.0012904158547321857
0.0012812909809963263
0.00127265312077378
0.0012640152605512339
0.0012553774003286875
0.0012467395401061414
0.001238101679883595
0.0012294638196610488
0.0012208259594385026
0.0012121880992159563
0.0012035502389934117
0.0011950254711848177
0.0011870096192390096
0.0011789937672932011
0.0011709779153473928
0.0011629620634015848
0.0011549462114557765
0.0011469303595099682
0.00113891450756416
0.0011308986556183517
0.0011228828036725432
0.0011149190832468962
0.0011074766780228612
0.0011000342727988262
0.001092591867574791
0.001085149462350756
0.001077707057126721
0.001070264651902686
0.0010628222466786508
0.0010553798414546158
0.0010479374362305806
0.0010404950310065456
