0.4516587844297584
0.5245674964348914
0.5974762084400241
0.6703849204451572
0.7432936324502899
0.816202344455423
0.8891110564605558
0.9620197684656888
1.0349284804708214
1.1078371924759545
1.1807459044810873
1.2516296545101937
1.3223109083416973
1.3929921621732007
1.4636734160047047
1.534354669836208
1.6050359236677116
1.6757171774992152
1.7463984313307188
1.8170796851622224
1.887760938993726
1.945465633841603
2.0002866489153406
2.055107663989078
2.109928679062816
2.164749694136553
2.2195707092102905
2.2743917242840284
2.3292127393577657
2.3840337544315036
2.438854769505241
2.4802742552418158
2.516668167476955
2.553062079712094
2.589455991947233
2.6258499041823717
2.6622438164175106
2.69863772865265
2.7350316408877884
2.7714255531229277
2.8078194653580666
2.8338996162404086
2.8540861892068663
2.8742727621733244
2.894459335139782
2.91464590810624
2.9348324810726982
2.9550190540391563
2.975205627005614
2.9953921999720716
3.0155787729385297
3.0288594019733326
3.0363850777317563
3.04391075349018
3.0514364292486036
3.0589621050070273
3.066487780765451
3.0740134565238746
3.081539132282298
3.0890648080407215
3.096590483799145
3.099921076488204
3.098217569494025
3.0965140624998453
3.094810555505667
3.093107048511487
3.091403541517308
3.089700034523129
3.0879965275289503
3.0862930205347707
3.0845895135405916
3.0805666532481486
3.0724849246837427
3.064403196119337
3.0563214675549313
3.0482397389905262
3.0401580104261203
3.0320762818617144
3.023994553297309
3.0159128247329035
3.007831096168498
2.998606706549551
2.986335220785159
2.974063735020767
2.9617922492563755
2.949520763491984
2.9372492777275925
2.924977791963201
2.9127063061988094
2.900434820434418
2.8881633346700264
2.875425220561923
2.860587278907116
2.8457493372523093
2.8309113955975027
2.8160734539426953
2.8012355122878887
2.786397570633082
2.7715596289782756
2.756721687323468
2.7418837456686616
2.726918528116289
2.7106805515882533
2.6944425750602172
2.6782045985321816
2.6619666220041465
2.645728645476111
2.6294906689480753
2.6132526924200397
2.5970147158920036
2.580776739363968
2.5645387628359324
2.547721192996215
2.5309036231564974
2.5140860533167793
2.4972684834770615
2.480450913637344
2.463633343797626
2.4468157739579084
2.4299982041181902
2.4131806342784725
2.396363064438755
2.3795342679510645
2.3627043487985784
2.3458744296460914
2.329044510493604
2.312214591341117
2.2953846721886304
2.2785547530361434
2.2617248338836564
2.2448949147311694
2.228064995578682
2.2115394227527148
2.195081482443751
2.1786235421347877
2.162165601825824
2.1457076615168607
2.1292497212078967
2.112791780898933
2.09633384058997
2.0798759002810066
2.063417959972043
2.047414208269802
2.031580777295082
2.0157473463203623
1.9999139153456424
1.9840804843709225
1.9682470533962024
1.9524136224214828
1.9365801914467629
1.920746760472043
1.9049133294973233
1.8895768166744358
1.8745242570811667
1.8594716974878982
1.8444191378946297
1.8293665783013606
1.814314018708092
1.799261459114823
1.7842088995215544
1.7691563399282855
1.7541037803350168
1.7395265016058805
1.725345290263521
1.7111640789211615
1.696982867578802
1.6828016562364427
1.6686204448940836
1.6544392335517242
1.6402580222093646
1.6260768108670052
1.6118955995246456
1.5981297188594343
1.5848622350068002
1.5715947511541661
1.5583272673015323
1.545059783448898
1.531792299596264
1.51852481574363
1.5052573318909959
1.4919898480383618
1.4787223641857277
1.4657904484680697
1.4534457769866191
1.4411011055051683
1.4287564340237178
1.4164117625422672
1.4040670910608166
1.3917224195793663
1.3793777480979157
1.3670330766164647
1.3546884051350145
1.3425916542790541
1.3311560250910675
1.3197203959030808
1.308284766715094
1.2968491375271074
1.2854135083391207
1.273977879151134
1.2625422499631473
1.2511066207751604
1.2396709915871744
1.2283952919176073
1.217839275080929
1.2072832582442505
1.196727241407572
1.1861712245708935
1.1756152077342152
1.1650591908975367
1.1545031740608582
1.14394715722418
1.1333911403875014
1.1229115022040028
1.1131956505522969
1.1034797989005907
1.0937639472488845
1.0840480955971785
1.0743322439454723
1.0646163922937664
1.0549005406420604
1.0451846889903542
1.035468837338648
1.025752985686942
1.0168318899762936
1.007910794265645
0.998989698554996
0.9900686028443473
0.9811475071336986
0.9722264114230497
0.963305315712401
0.9543842200017522
0.9454631242911034
0.9365420285804545
0.9282987501438086
0.9201232534345631
0.9119477567253174
0.9037722600160716
0.8955967633068258
0.88742126659758
0.8792457698883342
0.8710702731790886
0.8628947764698428
0.854719279760597
0.8471129283951775
0.8396330537728303
0.8321531791504836
0.8246733045281366
0.8171934299057895
0.8097135552834424
0.8022336806610952
0.7947538060387481
0.787273931416401
0.779794056794054
0.7727829392495942
0.7659476056093422
0.75911227196909
0.7522769383288381
0.7454416046885861
0.738606271048334
0.7317709374080819
0.7249356037678297
0.7181002701275777
0.7112649364873256
0.7048097041239454
0.6985716724902061
0.6923336408564669
0.6860956092227277
0.6798575775889887
0.6736195459552494
0.6673815143215103
0.6611434826877711
0.6549054510540318
0.6486674194202926
0.6427289489997495
0.6370401129235366
0.6313512768473237
0.6256624407711108
0.6199736046948982
0.6142847686186852
0.6085959325424722
0.6029070964662593
0.5972182603900464
0.5915294243138335
0.5860716354698946
0.5808911033046844
0.5757105711394742
0.570530038974264
0.5653495068090539
0.560168974643844
0.5549884424786338
0.5498079103134237
0.5446273781482135
0.5394468459830034
0.5344328453067709
0.5297102747362495
0.5249877041657282
0.5202651335952069
0.5155425630246855
0.5108199924541641
0.506097421883643
0.5013748513131216
0.4966522807426003
0.491929710172079
0.48732344384683085
0.4830273221756448
0.47873120050445883
0.47443507883327274
0.47013895716208676
0.4658428354909008
0.46154671381971474
0.4572505921485289
0.4529544704773429
0.4486583488061569
0.44443197610988183
0.440519473800706
0.43660697149153016
0.43269446918235444
0.4287819668731785
0.42486946456400276
0.4209569622548269
0.4170444599456511
0.4131319576364755
0.40921945532729964
0.4053390640247589
0.40177978278856874
0.3982205015523787
0.39466122031618867
0.3911019390799986
0.3875426578438085
0.3839833766076184
0.3804240953714283
0.3768648141352382
0.37330553289904833
0.36974625166285824
0.3665089108893335
0.3632715701158088
0.360034229342284
0.3567968885687593
0.3535595477952346
0.3503222070217098
0.3470848662481851
0.34384752547466035
0.3406101847011356
0.33737284392761097
0.33440179226738004
0.3314573695184785
0.3285129467695769
0.32556852402067527
0.32262410127177366
0.3196796785228721
0.31673525577397055
0.31379083302506894
0.31084641027616733
0.3079019875272659
0.30517565575844957
0.3024977886518745
0.29981992154529935
0.2971420544387242
0.2944641873321491
0.291786320225574
0.2891084531189989
0.28643058601242377
0.28375271890584863
0.28107485179927355
0.27857321586405287
0.2761376666180899
0.273702117372127
0.27126656812616406
0.26883101888020117
0.2663954696342382
0.2639599203882753
0.26152437114231236
0.25908882189634946
0.25665327265038657
0.25435779611584297
0.25214236113068195
0.24992692614552084
0.2477114911603598
0.24549605617519865
0.24328062119003757
0.24106518620487644
0.23884975121971536
0.23663431623455425
0.23441888124939317
0.2323141137153361
0.23030156905719912
0.22828902439906218
0.22627647974092518
0.2242639350827882
0.2222513904246512
0.2202388457665142
0.21822630110837715
0.21621375645024016
0.21420121179210316
0.21226985943923804
0.21043593785269923
0.20860201626616043
0.2067680946796216
0.20493417309308282
0.20310025150654398
0.2012663299200052
0.19943240833346637
0.19759848674692773
0.19576456516038893
0.19399061949835875
0.19232163170421868
0.1906526439100786
0.18898365611593856
0.1873146683217985
0.1856456805276584
0.18397669273351835
0.18230770493937828
0.18063871714523821
0.17896972935109814
0.17734159840040328
0.17582241903222906
0.1743032396640548
0.17278406029588056
0.1712648809277063
0.1697457015595321
0.16822652219135784
0.1667073428231836
0.16518816345500936
0.16366898408683514
0.1621745489994029
0.16079146317530907
0.15940837735121527
0.15802529152712141
0.1566422057030276
0.15525911987893376
0.15387603405483996
0.15249294823074613
0.1511098624066523
0.14972677658255848
0.14835492591042926
0.14709542675794599
0.1458359276054627
0.14457642845297947
0.14331692930049622
0.14205743014801295
0.14079793099552967
0.13953843184304643
0.13827893269056316
0.1370194335380799
0.13575993438559664
0.13461260281904722
0.1334652712524979
0.1323179396859485
0.1311706081193991
0.13002327655284968
0.12887594498630026
0.12772861341975084
0.12658128185320142
0.12543395028665202
0.12428661872010259
0.12323185549585643
0.12218634910584056
0.12114084271582473
0.12009533632580889
0.11904982993579302
0.1180043235457772
0.11695881715576134
0.1159133107657455
0.11486780437572966
0.1138222979857138
0.112852558220058
0.11189965548203779
0.11094675274401762
0.1099938500059974
0.10904094726797714
0.1080880445299569
0.10713514179193667
0.10618223905391644
0.1052293363158962
0.10427643357787597
0.10338468740699434
0.10251587494878975
0.10164706249058512
0.1007782500323805
0.09990943757417589
0.09904062511597128
0.09817181265776664
0.09730300019956203
0.09643418774135741
0.0955653752831528
0.09474516882232421
0.09395273721713905
0.0931603056119539
0.09236787400676874
0.09157544240158365
0.0907830107963985
0.08999057919121334
0.08919814758602818
0.08840571598084301
0.08761328437565787
0.08685869926442233
0.08613565289814482
0.08541260653186733
0.08468956016558982
0.08396651379931232
0.08324346743303482
0.0825204210667573
0.08179737470047979
0.08107432833420229
0.08035128196792479
0.0796569609186725
0.07899711024985046
0.07833725958102844
0.07767740891220642
0.07701755824338438
0.07635770757456237
0.0756978569057404
0.07503800623691836
0.07437815556809635
0.0737183048992743
0.07307933862503622
0.07247692004132
0.07187450145760378
0.07127208287388757
0.07066966429017135
0.07006724570645513
0.06946482712273892
0.0688624085390227
0.06825998995530648
0.06765757137159027
0.06706939491867261
0.06651919748121782
0.06596900004376303
0.06541880260630822
0.06486860516885343
0.06431840773139863
0.06376821029394383
0.06321801285648904
0.0626678154190343
0.0621176179815795
0.061576054683298895
0.06107334501130217
0.060570635339305436
0.06006792566730871
0.059565215995311976
0.05906250632331525
0.05855979665131852
0.0580570869793218
0.057554377307325065
0.05705166763532833
0.056552880309204065
0.056093316441804465
0.05563375257440486
0.05517418870700525
0.05471462483960565
0.054255060972206046
0.053795497104806446
0.05333593323740683
0.05287636937000723
0.05241680550260767
0.05195724163520807
0.05153719393697599
0.05111714623874392
0.05069709854051185
0.05027705084227977
0.0498570031440477
0.04943695544581562
0.04901690774758355
0.04859686004935147
0.0481768123511194
0.04775676465288732
0.04736932535654014
0.04698514690038145
0.046600968444222755
0.04621678998806406
0.04583261153190537
0.045448433075746676
0.04506425461958798
0.0446800761634293
0.044295897707270604
0.043911719251111904
0.04355424360168356
0.04320270190930635
0.04285116021692914
0.04249961852455194
0.04214807683217474
0.04179653513979753
0.04144499344742032
0.041093451755043114
0.040741910062665906
0.040390368370288705
0.04006050608693614
0.03973877358196783
0.03941704107699952
0.039095308572031195
0.03877357606706288
0.038451843562094565
0.03813011105712624
0.03780837855215793
0.03748664604718961
0.037164913542221296
0.03686046324540869
0.03656588849611364
0.03627131374681862
0.03597673899752357
0.03568216424822852
0.03538758949893347
0.03509301474963842
0.03479844000034337
0.03450386525104832
0.034209290501753274
0.03392820968811462
0.033658373820856305
0.033388537953597995
0.03311870208633968
0.03284886621908137
0.03257903035182305
0.032309194484564735
0.03203935861730642
0.03176952275004811
0.03149968688278979
0.031240066214853045
0.030992703786102173
0.030745341357351307
0.03049797892860046
0.030250616499849586
0.030003254071098717
0.029755891642347848
0.02950852921359698
0.029261166784846106
0.029013804356095237
0.028774001239493623
0.028547426919153223
0.028320852598812816
0.028094278278472416
0.02786770395813201
0.027641129637791605
0.0274145553174512
0.027187980997110797
0.02696140667677039
0.026734832356429986
0.026513376103802735
0.026305568031743894
0.026097759959685055
0.025889951887626217
0.025682143815567375
0.025474335743508554
0.025266527671449712
0.02505871959939087
0.024850911527332032
0.02464310345527319
0.024438428127396446
0.024247850148339124
0.0240572721692818
0.023866694190224483
0.02367611621116716
0.02348553823210984
0.02329496025305252
0.0231043822739952
0.022913804294937883
0.02272322631588056
0.022534077551694346
0.022359220936219216
0.02218436432074408
0.02200950770526894
0.021834651089793808
0.02165979447431867
0.021484937858843537
0.021310081243368417
0.021135224627893284
0.02096036801241815
0.020785511396943013
0.020625000100521117
0.02046448880409922
0.02030397750767732
0.020143466211255425
0.01998295491483353
0.01982244361841163
0.019661932321989734
0.019501421025567837
0.01934090972914594
0.019180398432724045
0.01903183095884302
0.018884457867216074
0.018737084775589136
0.018589711683962194
0.018442338592335253
0.01829496550070831
0.01814759240908137
0.01800021931745443
0.0178528462258275
0.01770547313420056
0.017567887320435772
0.01743247645730702
0.01729706559417827
0.01716165473104952
0.01702624386792077
0.01689083300479202
0.01675542214166327
0.016620011278534515
0.016484600415405767
0.016349189552277012
0.016221762922615145
0.016097330380503358
0.015972897838391568
0.015848465296279778
0.01572403275416799
0.0155996002120562
0.015475167669944412
0.015350735127832624
0.015226302585720834
0.015101870043609057
0.014983746431716162
0.01486922792280549
0.014754709413894819
0.014640190904984151
0.01452567239607348
0.014411153887162808
0.014296635378252136
0.014182116869341465
0.014067598360430795
0.013953079851520125
0.013843699851567757
0.013738601942413975
0.013633504033260193
0.013528406124106409
0.013423308214952627
0.013318210305798845
0.013213112396645063
0.01310801448749128
0.013002916578337496
0.012897818669183716
0.012796548330419174
0.012699871076121734
0.012603193821824284
0.012506516567526833
0.012409839313229384
0.012313162058931935
0.012216484804634484
0.012119807550337034
0.012023130296039585
0.011926453041742134
0.011832568498683329
0.01174357120029215
0.01165457390190097
0.011565576603509794
0.011476579305118615
0.011387582006727435
0.011298584708336258
0.011209587409945081
0.011120590111553901
0.011031592813162723
0.01094453780586613
0.010862662241488432
0.010780786677110733
0.010698911112733044
0.010617035548355346
0.010535159983977646
0.010453284419599949
0.010371408855222251
0.010289533290844553
0.010207657726466856
0.010126961078355985
0.01005156955344585
0.009976178028535716
0.00990078650362558
0.009825394978715447
0.009750003453805311
0.009674611928895176
0.009599220403985042
0.009523828879074906
0.009448437354164773
0.009373581798916258
0.009304085940283952
0.009234590081651645
0.009165094223019336
0.009095598364387036
0.009026102505754727
0.00895660664712242
0.008887110788490114
0.008817614929857805
0.0087481190712255
0.008678623212593191
0.008614605745252676
0.00855058827791216
0.008486570810571643
0.008422553343231127
0.00835853587589061
0.008294518408550094
0.008230500941209579
0.008166483473869062
0.008102466006528546
0.008038448539188031
0.007979023507138902
0.007920057718618914
0.007861091930098926
0.007802126141578936
0.007743160353058947
0.007684194564538964
0.007625228776018975
0.007566262987498986
0.007507297198978998
0.0074483314104590035
0.007393115078886329
0.007338731959968614
0.007284348841050899
0.007229965722133183
0.007175582603215469
0.007121199484297753
0.0070668163653800475
0.007012433246462332
0.006958050127544616
0.006903667008626901
0.0068523540553447225
0.006802192414175873
0.006752030773007022
0.0067018691318381715
0.006651707490669321
0.00660154584950047
0.00655138420833162
0.006501222567162768
0.0064510609259939185
0.006400899284825067
0.006353212801281775
0.006306940693524515
0.006260668585767255
0.006214396478009997
0.006168124370252737
0.006121852262495477
0.006075580154738218
0.006029308046980958
0.005983035939223698
0.005936763831466439
0.005892296397927115
0.005849332859569403
0.005806369321211692
0.0057634057828539805
0.00572044224449627
0.005677478706138557
0.005634515167780846
0.0055915516294231336
0.005548588091065423
0.005505624552707711
0.00546428001200347
0.005424878268483392
0.005385476524963316
0.005346074781443239
0.0053066730379231625
0.005267271294403086
0.005227869550883009
0.005188467807362931
0.005149066063842855
0.0051096643203227855
0.005071362103085085
0.0050349840568415455
0.004998606010598005
0.004962227964354466
0.004925849918110925
0.004889471871867385
0.0048530938256238455
0.004816715779380306
0.004780337733136766
0.004743959686893225
0.004708337530029207
0.004674731078177247
0.004641124626325287
0.004607518174473326
0.004573911722621366
0.004540305270769407
0.004506698818917446
0.004473092367065485
0.004439485915213525
0.004405879463361564
0.004372733389908821
0.004341659019252555
0.004310584648596288
0.00427951027794002
0.004248435907283753
0.004217361536627487
0.00418628716597122
0.004155212795314953
0.004124138424658686
0.004093064054002418
0.004062199848670931
0.004033437296587238
0.004004674744503546
0.003975912192419853
0.00394714964033616
0.003918387088252467
0.003889624536168774
0.003860861984085081
0.003832099432001388
0.003803336879917695
0.0037745743278340023
0.003748023130340413
0.003721471932846823
0.003694920735353238
0.0036683695378596486
0.003641818340366059
0.003615267142872469
0.0035887159453788795
0.0035621647478852898
0.0035356135503917
0.0035090623528981103
0.0034843181397481676
0.0034597546250325897
0.0034351911103170114
0.003410627595601433
0.0033860640808858556
0.0033615005661702772
0.0033369370514546993
0.003312373536739122
0.0032878100220235435
0.0032632465073079656
0.0032401532974404373
0.003217386821983587
0.0031946203465267366
0.003171853871069886
0.0031490873956130355
0.003126320920156185
0.003103554444699335
0.0030807879692424838
0.003058021493785634
0.0030352550183287835
0.0030137461299154233
0.002992708836643372
0.002971671543371321
0.0029506342500992696
0.0029295969568272186
0.002908559663555167
0.002887522370283116
0.002866485077011065
0.002845447783739014
0.0028244104904669625
0.0028043623258075757
0.002784879377498283
0.002765396429188991
0.002745913480879698
0.0027264305325704055
0.002706947584261116
0.0026874646359518234
0.002667981687642531
0.002648498739333238
0.0026290157910239453
0.002610317508258864
0.0025922731134472923
0.002574228718635721
0.0025561843238241493
0.002538139929012578
0.0025200955342010063
0.0025020511393894344
0.002484006744577863
0.0024659623497662914
0.00244791795495472
0.002430475344151446
0.002413754874158131
0.002397034404164816
0.0023803139341715004
0.0023635934641781857
0.00234687299418487
0.002330152524191555
0.0023134320541982395
0.0022967115842049243
0.002279991114211609
0.0022637151350916964
0.0022482170150002383
0.00223271889490878
0.002217220774817322
0.0022017226547258644
0.002186224534634406
0.002170726414542948
0.00215522829445149
0.002139730174360032
0.0021242320542685738
0.0021090397099568533
0.002094662767724432
0.0020802858254920105
0.002065908883259589
0.0020515319410271677
0.002037154998794747
0.0020227780565623254
0.002008401114329904
0.0019940241720974826
0.001979647229865064
0.0019654527924223785
0.0019520796265335056
0.0019387064606446326
0.0019253332947557597
0.0019119601288668867
0.0018985869629780138
0.001885213797089141
0.0018718406312002679
0.0018584674653113948
0.001845094299422522
0.0018318074719290603
0.0018193840283897123
0.0018069605848503646
0.0017945371413110168
0.001782113697771669
0.001769690254232321
0.0017572668106929732
0.0017448433671536255
0.0017324199236142775
0.0017199964800749298
0.0017075730365355818
