0.2656242174058495
0.3040831043495027
0.34392044789579346
0.3849519359473168
0.42694320416987763
0.46973090266057577
0.5131204210441559
0.5569487214100975
0.6010818438069726
0.6453538451669152
0.6896589773351824
0.7338614060463475
0.7778560914033253
0.8215514679914837
0.8648424491888331
0.9076600305133287
0.9499246609326667
0.9915702169000566
1.032536366447772
1.072770055956369
1.1122248547054117
1.1508595364800625
1.1886408087693114
1.225528369138542
1.26150642760379
1.2965462966239354
1.3306327900752624
1.3637464218543158
1.3958809100175604
1.4270238451668402
1.457174485575669
1.4863239286676457
1.5144738885604894
1.5416300863021317
1.5677911406875602
1.5929621792559536
1.6171535206602918
1.6403704915714514
1.6626230418901238
1.6839247998645837
1.7042841655198449
1.7237159832743747
1.7422378535483234
1.7598539943045854
1.7765898316252184
1.7924524257815009
1.8074660162572591
1.8216467083172105
1.834999782616948
1.8475555251834745
1.8593219538493169
1.8703271107159671
1.880579614105717
1.8900975138699292
1.8989021836550168
1.907008703974916
1.9144398903231727
1.9212046693241176
1.9273258685394583
1.9328185906202489
1.9377025684629405
1.9419935640101569
1.9457042228128412
1.9488597939313794
1.9514657723390891
1.9535513013240302
1.9551148136181706
1.956185995719051
1.9567787306006883
1.9569018419472894
1.9565786068401507
1.955808026226535
1.9546190938978225
1.9530246635886566
1.951031911858742
1.9486585476800538
1.9459110485508717
1.9428103819276412
1.9393642583110147
1.9355906176394169
1.9314899557704894
1.9270843823313666
1.9223798276434207
1.9173894068777946
1.9121273866446185
1.90659213412614
1.9008077009187594
1.8947756124816135
1.8885093696798898
1.8820192041425923
1.8753057747004587
1.868390432857587
1.8612730765298515
1.8539650922688167
1.846475462245982
1.8388089078873044
1.8309785690052933
1.8229884365760607
1.8148444497005851
1.8065550486215685
1.7981297471966327
1.7895713193198668
1.7808893237441117
1.77208802751569
1.7631731989572867
1.7541561694929944
1.7450319896699278
1.7358157330626867
1.7265097369336166
1.717118950293038
1.7076526073954041
1.698105023135799
1.688491495876466
1.678812855914527
1.669073867553043
1.6592796727342423
1.6494302850367575
1.6395351206667774
1.6295960091259185
1.6196179070411598
1.6095896925428197
1.5993775912997852
1.58895537547738
1.5788531058489799
1.5687292074299417
1.5585844977870504
1.548424814866138
1.5382496197506397
1.52806506605614
1.5178728183441175
1.507664268887792
1.4973305315068908
1.486850235389115
1.4766530421589632
1.466458996446717
1.4562719690900447
1.4460947397702308
1.4359274647417026
1.4257739283289304
1.4156338383399527
1.4055112280749027
1.3954068069105596
1.3853221814391967
1.3752611160912962
1.3652207084664167
1.355206601026147
1.3452188222540773
1.3352587642012472
1.3253274384003992
1.3154269518388668
1.30555775850042
1.2957219575365886
1.2859192166766489
1.2761531129457886
1.2664228975570326
1.2567290703114944
1.2470733681953847
1.2374577482907336
1.2278815687127584
1.2183469292527214
1.208853235119435
1.1994024223828719
1.1899938706719038
1.180629884579976
1.1713102832250757
1.162036162303949
1.1528080502116531
1.1436116754393313
1.1344769005244426
1.125389696414603
1.1163501938871663
1.1073597121550751
1.098417377351307
1.0894973007403292
1.0806545752035268
1.0718616101289755
1.0631187989033086
1.0544264802253536
1.045785546822839
1.0371955399937596
1.0286571927281754
1.0201703880975614
1.0117361880398332
1.0033526109824034
0.9950219692765011
0.9867440444474134
0.978518344414766
0.9703456143471527
0.962225411110939
0.9541581776378427
0.9461438171329695
0.9381823922894419
0.930273940016319
0.9224191390381586
0.9146169010090281
0.9068679047039913
0.8991719353580057
0.8915288475622654
0.8839392833329012
0.8764024727030975
0.8689185118028451
0.8614878528130517
0.8541097269135314
0.8467842285363281
0.8395115886235311
0.8322915037057456
0.8251237266374587
0.8180084518041635
0.8109453581812436
0.8039342809305206
0.7969752245258698
0.7900675996046428
0.7832123489534009
0.7764079759716327
0.7696551935405338
0.7629535801056304
0.7563029246379656
0.7497028533055885
0.743153604853654
0.7366547441137206
0.7302058912929157
0.7238070515327273
0.7174583446877418
0.7111588811683853
0.7049091900910778
0.6987082969538565
0.6925565661520903
0.6864533248887621
0.6803985825277812
0.6743923528771942
0.6684340850364097
0.6625231375869391
0.6566596670620231
0.6508438886457262
0.645074785041577
0.6393528123031962
0.6336772370055768
0.6280479123675697
0.6224646073766972
0.6169269413675407
0.6114348780284422
0.605988049968669
0.6005860061519585
0.5952287536889036
0.5899157106737453
0.5846470962966146
0.5794220554107212
0.5742410543156
0.56910302376477
0.5640083521211461
0.5589565383249477
0.5539471165817218
0.5489797134904162
0.5440546651056524
0.5391709121563055
0.5343288749523747
0.5295277630885787
0.5247677686181895
0.5200481887538401
0.5153690564993896
0.5107297265771957
0.5061306494476882
0.5015706057207576
0.4970533941005102
0.4925717902961759
0.48817573007116666
0.4837704635986808
0.4795021029977682
0.47517174618475855
0.47087841478821013
0.46662308336610425
0.4624046564648424
0.45822262322898216
0.45407741958013625
0.4499681936932718
0.44589509453302556
0.4418576247524937
0.4378554336044279
0.43388878986902246
0.42995671435755556
0.42605916407900246
0.4221960969806005
0.41836730308429326
0.4145719716584818
0.41081350854715804
0.40712359960293576
0.40342794058643516
0.39984566442788283
0.39621415717993047
0.3926155803206042
0.38904804231819035
0.3855129905502983
0.3820094637973275
0.3785368414099275
0.375095702267634
0.371684523906952
0.36830461326257025
0.3649547979775111
0.3616349413469119
0.35834487307143487
0.3550839910390885
0.35185282380851035
0.3486506751250179
0.3454774284747182
0.34233223011313707
0.33921592665328065
0.33612747174600377
0.33306710101556725
0.33003425640527073
0.32702809579569214
0.32405032094423547
0.32109881884017233
0.31817432186670125
0.3152761788511852
0.31240389246335143
0.3095583384652334
0.30673814496052754
0.3039438522274607
0.30117479091980154
0.29843094350263166
0.2957119573902629
0.2930178550302973
0.2903481301313807
0.28770272578928224
0.2850818191406968
0.28248411739271073
0.27991077982992474
0.2773605391277523
0.27483372745370227
0.2723301978320093
0.26984873794702313
0.26739090944314814
0.26495510862262484
0.26254170213114764
0.2601505171560527
0.2577806723287235
0.2554330365220426
0.25310675076554745
0.2508018942024306
0.24851815391121204
0.24625516460294156
0.2440130202127889
0.24179166141479153
0.23959058577276185
0.23740949179720505
0.2352486546682438
0.23310748421239108
0.23098650155835776
0.22888468285237695
0.22680192199079424
0.22473872172192622
0.22269416472869807
0.22066897192253299
0.21866201721054962
0.21667333347173218
0.21470341977143959
0.21275135757905006
0.2108178941305047
0.2089016396606786
0.2070030436591373
0.20512647506246323
0.20326282891973352
0.20141624359612648
0.19958673421370723
0.19777417121246893
0.19597806936355783
0.19420726081735692
0.1924441297420174
0.1906975706246001
0.18896709299522002
0.18725216446420395
0.18555371621210742
0.18387045608380218
0.18220308934037363
0.1805509862529975
0.1789138363459119
0.17729223293262666
0.17568536271662732
0.17409354300320817
0.172516334686708
0.17095357035685377
0.16940529850456781
0.1678715222161209
0.16635173649761192
0.16484600908763042
0.1633542140979869
0.1618759855556361
0.16041192267147908
0.15896102707680793
0.1575235932562767
0.15609945909530337
0.1546882715760758
0.15329075745649046
0.15190568464875542
0.15053346778779125
0.14917395751878645
0.1478281026349648
0.1464937737882162
0.14517148019408482
0.14386141371901584
0.1425635675925204
0.1412932226825201
0.14001890102212622
0.13875634830273875
0.13750533743962617
0.13626596912458364
0.13503819955865637
0.1338529781473464
0.13264722058481293
0.13145230030173757
0.1302683592689757
0.12909560163096448
0.12793348264700377
0.12678233741781464
0.12564157335575454
0.12451149238312653
0.12339190721069038
0.12228243135617131
0.1211836041064594
0.12009467420721406
0.11901571885788864
0.11794690987459963
0.11688777013992224
0.1158385184823418
0.11479894295432899
0.11376898393015109
0.11274847329701254
0.11173741061813688
0.11073575884237633
0.1097433193064825
0.10875987805898833
0.10778564829776584
0.10682050650480943
0.10586390924883135
0.10491643414783278
0.10397763024341292
0.10304746488156308
0.1021258980147768
0.10121375212306409
0.10030906764893986
0.09941254172518749
0.09852453145758945
0.09765619083604098
0.09678406967689965
0.0959200352746833
0.09506394916048452
0.09421578855270693
0.09339903801955424
0.09256604284210071
0.09174039805891976
0.09092234177830069
0.09011217354102535
0.08930930120973352
0.08851370918290596
0.08772562065320047
0.08694470589721698
0.08617093869375561
0.08540420398623802
0.0846446221236774
0.08389202901882306
0.08314609581764312
0.08240730114536646
0.08167524711103924
0.08094970134005583
0.08023108679804042
0.07951902150770634
0.07881340218765812
0.07811425509971331
0.07742154608870752
0.07673491136860136
0.07605469082288108
0.0753809599177136
0.07471336810833892
0.07405166706237841
0.0733962642181028
0.07274680481924797
0.07210315914184352
0.07146547294635983
0.07083362951584529
0.07020755548382294
0.06958710418652134
0.06897249638700549
0.06836354738586461
0.06775997801757086
0.0671620708008799
0.06656963390039189
0.06598244027474505
0.06540070738340109
0.06482430167218134
0.06425309956881932
0.06368708215305796
0.06312632439352958
0.06257069355494667
0.062019523019504884
0.06147391113377243
0.060933322717256946
0.06039748688957389
0.05986660134254605
0.05934061404665998
0.05881936048697313
0.05830286912575057
0.057791161094148114
0.05728408801112879
0.05678150338329122
0.056283555716957506
0.055790180950404125
0.05530115073945062
0.05481662953911068
0.054336586684626376
0.05386078175063686
0.05338930602984239
0.05292219625616122
0.052459264884771616
0.05200045076640207
0.05154584264277127
0.051095400450965306
0.05064893055690353
0.050206624892333476
0.04976838090236231
0.04933397656943224
0.04890298298449948
0.04847651883317394
0.048053838177863566
0.04763493343236584
0.04721985368357516
0.04680853984593758
0.04640089781725035
0.04599696541991133
0.04559675027684519
0.0452000194693615
0.044806873801305214
0.04441736350320075
0.04403128233267064
0.04364866473470305
0.04326955608279364
0.04289389733370006
0.04252157723457449
0.04215261859533097
0.04178705907079831
0.04142467823593034
0.041065540378958404
0.04070972165889653
0.04035702055677909
0.040007477891159646
0.03966115279865245
0.039317913602854346
0.038977719316880155
0.03864059755712984
0.038306514472208855
0.037975387943496836
0.03764719201161651
0.03732145984970439
0.03699919058190994
0.036679793133891914
0.03636336238036193
0.036049693917916625
0.03573881769871738
0.03543074099604339
0.03512544869815895
0.03482283439426166
0.03452288073099179
0.03422569852762486
0.03393110939222835
0.033639154750083604
0.03334989365722662
0.03306313969036411
0.0327789279193757
0.032497278369886626
0.032218151386230326
0.03194149727231924
0.03166728604824647
0.0313955785961165
0.03112627761978257
0.03085933780187966
0.03059486544879335
0.030332680428622576
0.030072796512611646
0.02981525868749723
0.02956001023848623
0.02930700692437645
0.02905622716468234
0.028807746046509854
0.028561435190233214
0.02831727128221713
0.02807477253874055
0.02783496318274892
0.027597257354869974
0.027361714636457226
0.027128243541346492
0.026896838408933206
0.02666748224428858
0.02644019886590584
0.026214892373564835
0.0259915382084263
0.02577024955737162
0.025550861854222735
0.02533337591309682
0.025117856735283654
0.024904216186561752
0.024692473544082424
0.024482612205367064
0.02427461338264162
0.024068430170466008
0.023864023129933847
0.023661518735698224
0.023460760895829318
0.023261722444453483
0.023064495781599276
0.02286898295799273
0.022675202914129992
0.022483139318935044
0.022292756408553546
0.02210404522576768
0.021916953880438437
0.021731559249390887
0.0215477746035053
0.021365553616597685
0.02118435946728025
0.021005392605440605
0.02082797108596885
0.02065219758158067
0.020477904878267308
0.020305135014485096
0.02013385625660708
0.01996410672422211
0.019795838895499112
0.019629004260472815
0.019463698201662848
0.01929982178699692
0.019137341169479183
0.018976320619122904
0.018816701738155608
0.018658452492313404
0.018501578212456828
0.01834608516948593
0.018191952993807603
0.018039154703677493
0.01788772690093176
0.01773760810109281
0.0175887774697114
0.0174412786509416
0.017295064271432924
0.01715009729785713
0.017006388867709908
0.016863941541587307
0.016722743951238198
0.016582763351571623
0.01644402916115885
0.01630648618307458
0.01616958078421815
0.016034417521375743
0.015900433403115796
0.015767589943838187
0.015635899418532023
0.015506189175115356
0.015376779788080922
0.015248494549392056
0.015121352027897383
0.014995299828888753
0.014870309991489524
0.014746415626281727
0.014623606241499477
0.014501833474552115
0.014381126309716994
0.014261485931185416
0.014142859027789886
0.01402525319765752
0.013908687691209698
0.01379311792797032
0.013678519729917061
0.013564921693799636
0.013452312973649742
0.01334065745663086
0.013229996291274115
0.013120303411503925
0.013011533494613243
0.01290369680492037
0.012796507285491428
0.012690536455078973
0.012585456975153082
0.012481289627624287
0.012378021987631967
0.012275651442679461
0.012174164120715357
0.012073555606648963
0.01197378774800118
0.01187487077474983
0.011776831634978412
0.011679616600661046
0.011583222962447558
0.011487661653393539
0.011392944145229011
0.01129903842007377
0.011205938135860882
0.011115220183049144
0.011023674899647395
0.01093290677786465
0.010842938428885394
0.010753726317541748
0.010665266619168993
0.010577582861852891
0.010490651772717702
0.010404452910835187
0.010318996005028818
0.01023427797084862
0.010150262466441748
0.01006695618548639
0.009984377905140385
0.009902499784724619
0.00982132631960444
0.009738761212065884
0.009659003490572075
0.00957991363795121
0.009501691997586029
0.009423960056022081
0.009346871965327547
0.009270431060006332
0.009194653486916093
0.009119517621436937
0.009045026654276362
0.008971178810033315
0.008897946485752734
0.00882532639486578
0.008753329905622182
0.008681950909763021
0.008611163968685925
0.008540977794032277
0.008471400579071626
0.008402418659165344
0.008334016806190569
0.008266206339149193
0.008198956243502531
0.008132268486627852
0.008066148113959896
0.008000594591873779
0.007935584709918222
0.007871115994044763
0.007807217345223586
0.007743847183656933
0.007681011165522755
0.007618718966898048
0.007556939090534044
0.00749567263525543
0.007434930263202196
0.007374710169271724
0.007314990480264065
0.007255778431459839
0.007197076245216216
0.0071388569767682625
0.007081123785909789
0.007023893705369654
0.0069671320629332385
0.006910839139281149
0.006855023354484979
0.0067996769491215185
0.006744802784160991
0.006690390566930975
0.0066364390760305265
0.006582931564963179
0.006529865247918912
0.006477265437092514
0.006425101019388592
0.006373364568592762
0.006322067083322032
0.006271200149136678
0.006220770066597454
0.006170758880559393
0.006121167650158699
0.006071984416908994
0.006023202849168698
0.005974848389849061
0.005926889213058825
0.005879321211316704
0.005832159805205042
0.005785396252693798
0.0057390237749371745
0.005693039098493056
0.0056474375796683515
0.005602216245981694
0.005557364944041526
0.005512899861780893
0.005468801818487392
0.005425062000325441
0.005381705007996946
0.005338702874436715
0.005296054907005814
0.005253767507913402
0.005211830348431484
0.005170236647629218
0.005128982318944609
0.005088077138412863
0.005047513083302075
0.005007287157641364
0.004967402218689146
0.0049278431293779965
0.004888606888393614
0.0048497094163414516
0.004811132571188794
0.00477286974873641
0.004734919439854839
0.004697286092047573
0.004659974516844821
0.004622968471872633
0.004586273212895239
0.004549877081093947
0.004513774250746053
0.004477977508317178
0.0044424773919181084
0.004407264646213726
0.004372339769312525
0.004337710170020048
0.004303370603689929
0.004269311961922501
0.0042355425715054785
0.004202048028666675
0.004168822580091249
0.004135874661283637
0.00410320219375274
0.004070792689276617
0.0040386517248042555
0.004006782298898117
0.003975171057405601
0.003943821263974889
0.0039127322372005755
0.0038818955173119474
0.0038513058638548854
0.003820968631320505
0.0037908857362116155
0.003761046207204325
0.003731458110537482
0.0037021154073361186
0.0036730103955714844
0.003644144494935457
0.003615519970410646
0.003587126715566764
0.003558960481631657
0.0035285634768907528
0.003500891661825143
0.0034734522057330956
0.0034462361297681594
0.0034192429370135027
0.0033924654013261545
0.0033659051784037768
0.0033395688890761133
0.003313443831262781
0.0032875273950167144
0.003261822782597598
0.003236335001205474
0.0032110597791632873
0.0031859894181573297
0.0031611237913895564
0.0031364557681392304
0.003111985991869965
0.003087723308859608
0.003063654519367633
0.0030397777600762173
0.0030161004674994635
0.002992617042784109
0.002969324574037051
0.0029462216119394338
0.0029233068128914326
0.002900573522425432
0.0028780223290112996
0.002855659281942405
0.002833476290595246
0.002811475850578956
0.002789658418353508
0.002768016180811573
0.0027465476899158165
0.002725255360974252
0.0027041359460381687
0.0026831833100378903
0.002662397817842316
0.0026417831751151645
0.002621338039309631
0.0026010600087891366
0.0025809463268089655
0.0025609930927379043
0.002541197867325492
0.0025215666374006802
0.0025020942453222537
0.0024827752452105884
0.0024636105623244454
0.002444604764848976
0.0024257578995335333
0.0024070614026495954
0.002388516285735681
0.0023701181304705845
0.0023518654881882297
0.002333761928301776
0.0023158057691544946
0.002297990900422003
0.002280317025774547
0.002262792355951208
0.0022454073148788683
0.00222816216880022
0.002211056594401856
0.002194085725219579
0.0021772489171022692
0.002160547588921465
0.002143985219526588
0.002127553249784362
0.0021112552811107382
0.00209509008446685
0.0020790515508671264
0.0020631432428147695
0.0020473635810255818
0.0020317075330498115
0.0020161747010017834
0.002000765620011356
0.001985482674173646
0.0019703235817049368
0.0019552855110741476
0.0019403682485751137
0.00192556749483508
0.0019108852709903488
0.0018963230862877574
0.0018818754154448932
0.0018675418752463228
0.0018533224622745393
0.0018392194794693622
0.0018252316179172136
0.0018113535554756565
0.001797586237975979
0.001783926298780675
0.0017703737290432336
0.0017569334189257533
0.001743597487930887
0.0017303654590416716
0.0017172401028349017
0.0017042211376321976
0.0016913073778790856
0.0016784948592866735
0.0016657839269883217
0.0016531720955961678
0.0016406595692971
0.001628251009789738
0.001615938924766362
0.001603722866718545
0.0015916074997957257
0.0015795866470255167
0.001567661948380628
0.0015558316646585302
0.0015440945754097678
0.001532448745851643
0.0015208929945779732
0.0015094313549915339
0.0014980600651061846
0.0014867802780233225
0.0014755901747745522
0.001464486984704645
0.001453470914099191
0.0014425442688702677
0.001431703711538473
0.0014209471917696968
0.0014102737407121028
0.0013996854127010564
0.0013891846292237494
0.001378765288875569
0.0013684283490938006
0.0013581714467247154
0.0013479934804082124
0.0013378983418816648
0.0013278819825157883
0.0013179428921047099
0.0013080805179268083
0.0012982979285022568
0.0012885945701259344
0.001278966213444431
0.0012694139680656537
0.0012599364098176194
0.001250531431966419
0.0012412018063481885
0.0012319458033754759
0.00122276084827926
0.0012136481943765733
0.001204608571033595
0.0011956397091110746
0.0011867411001924304
0.0011779122669799596
0.0011691513983684856
0.0011604573857232517
0.0011518317449243389
0.0011432750498078935
0.0011347845780261719
0.0011263616615551958
0.0011180043252675027
0.0011097119236036439
0.0011014856281304384
0.0010933235592996402
0.0010852241286707282
0.0010771862956775865
0.0010692108177521472
0.0010612994367582133
0.0010534510841679588
0.001045663121523235
0.0010379355056638442
0.0010302667546544068
0.001022658093457136
0.0010151094924754497
