0.16490317650014097
0.18980029887781197
0.21579749482939903
0.242786413252519
0.2706204020928554
0.29919826188070753
0.3283936267389102
0.3581006148434847
0.38822964489658396
0.4186664735635533
0.4493384414046136
0.4801477866186526
0.5110184826685776
0.5418825985441462
0.5726596794370951
0.6032967548683649
0.6337297326789545
0.66390594449817
0.6937734588519022
0.723287303086191
0.7524054964183846
0.7810924558681344
0.8093139291946629
0.8370321244877835
0.8642290457668215
0.8908740802481415
0.9169498804286279
0.942433654688315
0.9673104372652834
0.9915674780801503
1.0151939562311907
1.038178157776459
1.0605129854981143
1.0821953406921945
1.103218727227359
1.1235806964177226
1.1432824757963673
1.1623222178318084
1.1807017060178706
1.198425419693876
1.2154954484201834
1.2319170006504767
1.2476983706307712
1.2628396485940165
1.2773537854167736
1.2912443293124112
1.3045233660158515
1.3171999480267338
1.329275802331586
1.3407683722273862
1.3516833305217135
1.362036081874416
1.3718315397048484
1.3810814317050093
1.3897977414504816
1.3979910716730501
1.405675165997
1.4128558004287353
1.4195476258943125
1.4257602354467958
1.431506612573389
1.4367980458001817
1.441641914198532
1.4460553839209678
1.4500424480138068
1.453622461359685
1.4567949022590005
1.459579850819901
1.4619866272131588
1.4640220550446923
1.4657016452575982
1.467025462026699
1.4680132865329212
1.468674562319548
1.4690144258422684
1.4690455421304278
1.4687723034980313
1.4682100605723336
1.4673641640310622
1.4662479403437796
1.4648614456652467
1.4632209583762172
1.4613309736303997
1.4592008399722365
1.4568412113065214
1.4542511005655587
1.451448082379388
1.4484334669017969
1.4452171643440568
1.4418067509300256
1.4382032995034575
1.4344224038743378
1.4304640987589303
1.4263370559910722
1.4220477800711147
1.4176004734978156
1.4130050172713933
1.4082641186653535
1.4033826039720991
1.3983668161631
1.39322439915362
1.3879575716235855
1.3825734246867032
1.377075410020413
1.3714680367225784
1.3657602128521524
1.3599484147127257
1.3540439837554603
1.348048898284797
1.3419671602478929
1.3358062409936466
1.3295614749614642
1.3232452577013207
1.3168579630678616
1.3104037566643145
1.3038866678209875
1.2973066350086457
1.2906714390144054
1.2839825796993762
1.2772440254152226
1.2700982517489785
1.2631037046483848
1.2562212472091125
1.2493102636828244
1.2423641286929163
1.2353837527402012
1.2283735196213421
1.2213333445587682
1.2142680956599496
1.2071792253374276
1.2000647880391542
1.1929338177222812
1.1857862949906681
1.1786246279288197
1.171448881029816
1.1642617954786185
1.1570662713720163
1.1498626286643687
1.142653909615761
1.1354400118839163
1.1282244327142956
1.1210075625573235
1.1137917703891334
1.106578533365983
1.0993675388618322
1.0921628364269151
1.0849636534009846
1.0777728449619917
1.0705901047028914
1.0634179991872148
1.0562572944071507
1.0491085461261467
1.0419733569416063
1.0348531733830795
1.0277487062307888
1.0206603677287398
1.0135890902632605
1.0065369531432395
0.9995039693191621
0.9924915414456401
0.9854995581631235
0.9785295152311045
0.9715812441952816
0.9646569929957214
0.9575959156572406
0.95072036055191
0.9438702956319562
0.9370458741285826
0.9301833456999328
0.9234128855476569
0.9166697317054635
0.9099553106342843
0.9032688558654492
0.8966071535794637
0.8899799110328112
0.8833823900882346
0.8768151587137527
0.8702785636800493
0.8637734969356732
0.8572996944516406
0.8508579708486207
0.8444482387667612
0.8380717444888148
0.8317266487948354
0.8254151782063093
0.8191372953034276
0.8128927311702244
0.8066821214982363
0.8005053445410246
0.7943628037513177
0.7882546266565774
0.7821808375883876
0.77614188263221
0.7701380583041975
0.7641688159489941
0.7582348279725357
0.7523359739365579
0.7464723057945296
0.7406443701686821
0.7348517640743932
0.7290946603389108
0.7233733695260295
0.7176876302043171
0.712037568794857
0.7064232700961657
0.7008447540762961
0.6953019511628292
0.6897950537042635
0.684323918977199
0.6788885441252491
0.67348898307107
0.6681249005009445
0.6627970221554211
0.6575045311129076
0.6522477866290961
0.6470267042852428
0.6418410999401805
0.6366908855899959
0.6315762329054306
0.6264968988808468
0.6214527386378719
0.6164437944845393
0.6114701075856028
0.6065313287061891
0.6016277200021335
0.5967587013701063
0.5919245966117573
0.5871249397540359
0.5823598452966907
0.5776293471021421
0.5729331127241836
0.568270760305601
0.5636423429889469
0.559048154123676
0.5544875570819007
0.549960859238026
0.5454675876744484
0.5410077033232648
0.5365810432357861
0.5321874013127769
0.527826773818252
0.5234989897517657
0.5192037353918763
0.5149409748478752
0.5107104520809682
0.5065122630448198
0.5023459135894057
0.4982117069954847
0.4941089737795523
0.4900379695200086
0.4859983557189305
0.4819898817479111
0.47801230484509355
0.474065819528197
0.47014976066232056
0.46626442265343887
0.4624093077579769
0.45858454902263945
0.4547896799609192
0.45102474929620734
0.4472892922406644
0.4435836586520467
0.43990705546885567
0.43636388668578124
0.4327440154003404
0.42920040738573917
0.42563759522550637
0.4221063288684933
0.41860025584667315
0.4151217752629259
0.41167190362381845
0.4082494609789184
0.4048543889964216
0.4014869508585984
0.3981464477566394
0.3948332010069071
0.3915465999484179
0.388286675107766
0.38505342646548646
0.3818463233147962
0.3786652206873847
0.3755101432638882
0.37238089960780396
0.36927712478240965
0.36620001857443063
0.3631470905568361
0.3601191067578092
0.35711603608916676
0.35413741076867455
0.3511836922205422
0.34825374038182555
0.34534836091308546
0.34246704382760035
0.3396092449519716
0.3367754531510647
0.33396460911281306
0.3311775367788501
0.32841349008772763
0.32567234279282564
0.32295404794395016
0.32025812965026873
0.3175849172733137
0.31493398083005864
0.31230518175519134
0.30969802193771684
0.3071129974037555
0.3045494142556355
0.30200746264467654
0.29948668904387876
0.2969865987034651
0.2945082079983839
0.29205023266195906
0.2896130184512271
0.2871962916682852
0.284799530222676
0.28242339677717876
0.2800669486998152
0.2777305435339799
0.27541374185080286
0.27311647177909415
0.27083855485313135
0.26857996551453234
0.2663403506130873
0.26411965687612704
0.26191792424851906
0.259734454533709
0.2575698241951299
0.2554233462040405
0.25329506900635546
0.25118493144329546
0.24909223298437455
0.24701783398236762
0.2449607646443967
0.24292121325056057
0.24089907193179202
0.23889374474401823
0.23690578528263945
0.23493457901224293
0.23298020297091693
0.2310424391479904
0.2291210114134987
0.2272160304634255
0.22532735412223187
0.22345467805537148
0.221597839095565
0.2197568865993248
0.2179315789589499
0.21612206260708125
0.2143278496890865
0.2125486840959696
0.21078495307409068
0.20903605888405252
0.20730239658993213
0.20558331329852306
0.20387877579725655
0.20218900764133269
0.20051354252671016
0.19890057547169457
0.1972531490082953
0.1956197925782744
0.19400046629902715
0.19241471028424637
0.19082268924182808
0.18924429146348087
0.18767943879117302
0.1861277519159692
0.18458966076314293
0.18306563100296958
0.18155362245229614
0.180054502906928
0.17856786666554753
0.17709442801446607
0.1756331995719836
0.17418473638348006
0.17274854646422197
0.1713243955319318
0.1699127295781524
0.16851294405362596
0.1671252832379291
0.16574940447032685
0.16438518853108636
0.1630326590684768
0.16169183514396018
0.16036233930832067
0.15904420110839293
0.157737349574779
0.15644148476922853
0.15515708252042462
0.15388337247394981
0.15262057860750008
0.15136858049743382
0.15012710846749125
0.14889671920438957
0.14767647402934578
0.14646668788287207
0.1453024775937968
0.14411242572572777
0.14293259221771853
0.14176290528469807
0.14060307621710785
0.13945321965108173
0.13831321564453353
0.13719823762771263
0.13607721758484315
0.13496564356848395
0.13386377553454573
0.1327712274764386
0.1316888557480191
0.13061503805060648
0.12955012311058955
0.12849419173302132
0.1274474966032835
0.12640958171095004
0.12538066658284783
0.12436017260650233
0.12334869438339366
0.12234583012385766
0.12135129754168941
0.12036561651182318
0.11938808876057294
0.11841881209918437
0.11745794421364332
0.1165047845573634
0.1155601325835925
0.11462348848363155
0.11369485801238138
0.11277406158659165
0.11186106020696401
0.11095597295869866
0.11005849954721449
0.10916852721033742
0.1082862606774667
0.10741150249061966
0.10654346969644327
0.1056834843005801
0.10483076302435587
0.10398527142437392
0.10314720171943623
0.10231604986595462
0.10149186743351417
0.10067449968814474
0.09986431169822407
0.09906086975754588
0.09826431786149628
0.09747441569186324
0.09669119311111576
0.0959146345778844
0.09514454306250267
0.0943811308112907
0.09362323195364997
0.09287248745860627
0.09212826597747792
0.09139020308204585
0.09065839038895948
0.08993277580528168
0.08921329160860605
0.0884998450551597
0.08779235598865445
0.0870909149375352
0.08639535600924436
0.08570553272476511
0.08502166712508133
0.08434354558727407
0.08367100866557946
0.08300428041806629
0.08234310662773205
0.0816874464300574
0.0810373309203062
0.08039264866003083
0.07975232785716002
0.07911835962958912
0.07848985352683062
0.0778666465618103
0.07724849202419112
0.07663569833008697
0.07602795096432564
0.07542522815777312
0.07482764683547828
0.07423503175740147
0.07364737737638942
0.07306455493016607
0.07248671517928207
0.07191375091047378
0.07134547819671846
0.0707819922483379
0.07022322752623852
0.06966904393636156
0.06911952699420573
0.06857463830522025
0.06803419720314083
0.06749830011142532
0.06696689876013366
0.06643992134271443
0.06591580148453205
0.06539751920775552
0.06488363666404887
0.06437390988664689
0.06386846459179576
0.06336726952090581
0.06287018126758677
0.06237724510381009
0.061888433016077944
0.06140368418751545
0.06092287684512687
0.060446102089217406
0.0599732666964216
0.059504303053976096
0.0590392627905203
0.05857808683717099
0.058120712218869934
0.0576670661380819
0.05721724707596684
0.05677111782122021
0.05632860795753049
0.055889821942922455
0.055454614884533696
0.05502297385618564
0.05459497108063981
0.054170506328874754
0.05374949235547529
0.05333013458254629
0.05291608517896021
0.05250544306993195
0.052098147679711757
0.05169420223645337
0.05129358336248149
0.050896220248790175
0.050502173970341936
0.05011139290735875
0.04972371235611968
0.04933924706276102
0.04895794676886483
0.04857976382325905
0.04820466696774586
0.04783263173812703
0.04746370158526467
0.04709773771463245
0.04673480011572718
0.046374864238607524
0.04601779266048538
0.045663641938834626
0.0453124073789004
0.04496402088372131
0.04461846743692015
0.0442757700741868
0.043935841354986536
0.04359866966105025
0.04326425892427197
0.04293257742608915
0.04260358350939584
0.04227720322214816
0.04195161389770275
0.04163061337192762
0.041312204116687096
0.040996450671456304
0.04068318456783391
0.040372474226268426
0.040064291213252244
0.03975861674690979
0.03945540488078901
0.039154598833125574
0.03885626811685665
0.03856033961897579
0.03826681353107363
0.03797569681928686
0.03768689448785454
0.03740038619882287
0.03711624773392539
0.03683439370071337
0.03655478557945886
0.03627744354257049
0.03600232405058832
0.035729465926514554
0.03545877135610479
0.03519027515454357
0.034923931273183155
0.03465968246230091
0.03439761356578319
0.03413763790935786
0.03387972075167155
0.03362387156764499
0.03337009557035725
0.03311835233794792
0.032868610785351485
0.03261890253267699
0.03237318118258755
0.032129422175055135
0.03188763408054145
0.03164778955131823
0.031409856029546386
0.031173805602412716
0.030939682062427098
0.030707394355123437
0.030476951645467428
0.030248385421875183
0.030021595694923228
0.029796616499496435
0.029573433609723244
0.029352026089501555
0.029132386253319115
0.028914485042930215
0.028698328095876774
0.028483882845756064
0.02827111967343025
0.02806009854960873
0.027850726347419776
0.027642975743983212
0.02743692069110861
0.027232486199769944
0.027029677345818612
0.026828478519850835
0.02662883977044927
0.026430818496896897
0.026234326187310628
0.02603941344955641
0.025846034526145485
0.0256541354955284
0.025470517830513108
0.02528160599439645
0.025094160502898373
0.02490821993180649
0.02472374033896274
0.024540714741222654
0.024359109080491853
0.02417895396198067
0.024000212785855807
0.023822840512702042
0.023646919514657642
0.023472368442092495
0.023299151201088712
0.023127328423678695
0.02295684742559497
0.02278768133390848
0.02261983871340303
0.022453316093748024
0.022288101912348496
0.022124165867014496
0.02196154379200804
0.021800186500475847
0.02164006690097574
0.02148123047175377
0.021323631704385178
0.021167240226997487
0.021012068198086143
0.020858112689640006
0.02070536599118576
0.02055379379585102
0.02040342896158407
0.020254223313925304
0.020105418036905288
0.01995852798650858
0.019812780691881377
0.019668148157216542
0.01952464071478579
0.019382262544807582
0.019240983857956043
0.019100796260722697
0.01896172527502112
0.018823723348425806
0.018690367817628402
0.018554436052440042
0.018419567716518526
0.01828571053113648
0.018152905935028524
0.01802114524009958
0.017890381565190145
0.017760622397808415
0.01763188619531029
0.01750413553579874
0.01737734211768122
0.017251537340227004
0.01712671271698509
0.01700282533798734
0.016879920213816985
0.016757976037350294
0.016636944066249437
0.016516841184646216
0.016397637002177317
0.016279381864609147
0.01616201477315411
0.01604555448053812
0.015929995985531808
0.015815321266069278
0.015701529357223857
0.015588618493034322
0.015476544362176724
0.015365327000599564
0.015254984622945
0.015145468545190706
0.015036775952423226
0.014928919283616773
0.014821911098826888
0.014715711060557897
0.014610322724539361
0.014505749603604791
0.014402182900514733
0.014299164984024788
0.014196952681300447
0.014095501989207546
0.013994815165129177
0.013894909798719454
0.01379576718204323
0.013697365138724204
0.013599712763692777
0.013502815135822868
0.013406628897844827
0.013311165234375534
0.0132164439619439
0.013122429934294225
0.013029135479092199
0.012930294072975667
0.012838507604218525
0.01274740305816431
0.012656981774397138
0.012567302847384993
0.012478242328389181
0.012389844721601899
0.01230213020751126
0.01221506780703109
0.012128666161584877
0.012042926136117032
0.011957818623377841
0.011873343396777581
0.011789507202416132
0.011706309304224855
0.011623721765008527
0.01154175226833525
0.01146041647553629
0.011379688973931336
0.011299561424544396
0.011220049037033844
0.011141115936039885
0.011062769819745086
0.010985011424099893
0.010907841373310715
0.010831237907663395
0.010755196571603976
0.010679750363089971
0.010604853323268881
0.010530510933855458
0.010456740379991197
0.010383503894223657
0.010310806918090677
0.01023865873619744
0.010167055147039998
0.010095978163934953
0.010025430598594617
0.009955421266073912
0.009885919576246325
0.009816926493270728
0.009748467437247998
0.009680500680663645
0.009613029908840639
0.009546064954145984
0.009479593967939797
0.00941362219000764
0.009348137357838132
0.009283143166521676
0.009218620759869218
0.009154564233928283
0.009091006349288987
0.00902790950584406
0.008965268397061337
0.008903097958630654
0.0088413841027679
0.008780134005445285
0.008719331724236471
0.008658979698785138
0.00859906583786381
0.008539580978577708
0.008480555030634258
0.008421952807108802
0.008363770004779768
0.008306027242855037
0.008248709179915218
0.008191811121361506
0.0081353315091189
0.008079265582594858
0.008023611657956325
0.007968356260956821
0.007913519841889012
0.007859080077599088
0.007805026955128973
0.007751390296203436
0.007698138211074119
0.007645270001065476
0.007592794262334788
0.007540699714720507
0.007488981113177274
0.007437632096812799
0.007386665376826633
0.007336070315788877
0.0072858410703905115
0.007235987896138564
0.007186491692216483
0.0071373484718185234
0.007088576573057012
0.007040156859029543
0.006992083225972817
0.006944353778403685
0.006896974470962791
0.006849947381144413
0.0068032549163519656
0.006756908278241962
0.00671089283710801
0.0066652007021359315
0.006619849028379021
0.0065748251380528455
0.0065301202303883225
0.006485735984712167
0.0064416791172599895
0.006397944007443428
0.006354519567527034
0.006311418831281541
0.006268625782935278
0.006226132024403587
0.006183950202857826
0.006142075226940964
0.006100494163081562
0.006059214775980795
0.006018238960532738
0.005977553569812007
0.0059371596197698535
0.00589706037801433
0.005857246632384676
0.005817710256911344
0.005778460384791996
0.005739496493335336
0.005700805903348459
0.00566239987335425
0.005624271949465889
0.005586413323858053
0.005548824625556373
0.005511510458456886
0.005474460429685413
0.00543766782394092
0.005393138221341607
0.005356976697820822
0.005321075007537336
0.005285429197528203
0.005250038283912826
0.005214892864719155
0.00517999553265576
0.005145353738707105
0.005110954109757086
0.005076792978395943
0.005042875360483993
0.005009205840390499
0.004975776856038415
0.004942584438542769
0.004909628828445265
0.004876899870208978
0.0048444005979552925
0.004812139318520239
0.004780101910195606
0.0047482866013043214
0.004716701256498214
0.004685341336002152
0.00465420046003832
0.004623279693535441
0.0045925790612407645
0.004562088560997854
0.004531810869915784
0.004501752511614806
0.004471902879545619
0.004442265613929712
0.004412841782957204
0.004383623831359369
0.004354608224441742
0.004325798179052763
0.004297192760080267
0.004268782316496152
0.004240568811504029
0.00421255748938283
0.004184742867313533
0.00415712483385804
0.004129701457427723
0.004102468047332776
0.004075421475668975
0.004048567206449554
0.004021902908525768
0.003995419775778416
0.003969119895346539
0.003943010083278762
0.003917085547631887
0.003891340315754429
0.0038657765193810677
0.003840388054114737
0.0038151736929190093
0.003790136581862709
0.0037652764382741385
0.003740585160634503
0.0037160628076376287
0.0036917197662401213
0.003667542954878514
0.0036435336066527936
0.00361969363400526
0.0035960156095785917
0.0035724998803080697
0.0035491475293324484
0.0035259624562593793
0.0035029350752172786
0.0034800683738874833
0.003457364323867966
0.0034348132227627727
0.003412418622942155
0.0033901820826489296
0.0033680954783138657
0.003346159479452391
0.003324374866822051
0.003302743232962428
0.003281261983128869
0.0032599280614222315
0.0032387435954317634
0.0032177015915330234
0.0031968035654581827
0.003176054319415101
0.003155445252228941
0.0031349767528887425
0.003114649623016117
0.0030944647203824623
0.0030744208609069803
0.0030545125825955383
0.003034742427800458
0.0030151051639195265
0.0029955999495965015
0.0029762349943489243
0.002956999128591267
0.0029378923709799678
0.0029189189771041254
0.0029000769702332858
0.002881365261459448
0.002862780020215894
0.002844322513883086
0.0028259891137160176
0.002807779450556444
0.0027897004467565155
0.0027717420737027065
0.0027539038621119433
0.0027361924100966647
0.0027185998307676647
0.002701127527130505
0.0026837742717957845
0.002666539173552452
0.00264941974969612
0.002632413870021102
0.0026155277438270666
0.0025987554275305174
0.0025820976303467286
0.0025655551488396222
0.002549123069422164
0.002532801367820525
0.002516593264128131
0.002500495269295834
0.0024845049449435616
0.0024686205431607914
0.0024528458629481356
0.0024371814123018937
0.0024216207476757427
0.0024061671013821165
0.002390816302395164
0.002375566824820833
0.002360423474376844
0.002345381896899185
0.0023304401722129726
0.0023155975105727217
0.002300858098675709
0.0022862200984441632
0.0022716786254919226
0.0022572369105500925
0.002242892257977413
0.002228641591250897
0.0022144891225293977
0.002200432263602547
0.0021864680272000955
0.002172597885204415
0.00215882319843649
0.0021451408774994943
0.0021315495168433333
0.0021180504960722785
0.0021046408807536897
0.002091318723916959
0.0020780870011758695
0.0020649453827460383
0.002051890597479852
0.0020389246068428183
0.002026045726008392
0.0020132527521462924
0.0020005459828122815
0.0019879250295547274
0.0019753874439370845
0.001962931294268647
0.0019505586551234867
0.0019382705798137072
0.0019260652163430448
0.001913940868742086
0.0019018975102737905
0.0018899327902336775
0.001878047687318849
0.0018662432444552005
