0.2996241066753837
0.34947172987705727
0.3993193530787307
0.44916697628040425
0.4990145994820776
0.5488622226837512
0.5987098458854245
0.6485574690870981
0.6984050922887715
0.748252715490445
0.7981003386921185
0.8492925871901376
0.900619298217791
0.9519460092454444
1.0032727202730982
1.0545994313007516
1.105926142328405
1.1572528533560584
1.208579564383712
1.2599062754113657
1.311232986439019
1.3557583758364904
1.3987723604272544
1.4417863450180186
1.4848003296087826
1.5278143141995466
1.5708282987903108
1.6138422833810748
1.6568562679718388
1.699870252562603
1.7428842371533673
1.7775762524768026
1.80914752932499
1.8407188061731774
1.8722900830213645
1.903861359869552
1.935432636717739
1.9670039135659265
1.9985751904141138
2.0301464672623015
2.0617177441104886
2.0861788036063245
2.106576881757959
2.1269749599095937
2.1473730380612284
2.167771116212863
2.1881691943644976
2.2085672725161323
2.228965350667767
2.2493634288194015
2.2697615069710366
2.2849757973161453
2.2958702644891487
2.3067647316621525
2.3176591988351563
2.32855366600816
2.339448133181164
2.350342600354167
2.361237067527171
2.3721315347001743
2.383026001873178
2.3905177530586053
2.3939262450589407
2.3973347370592752
2.4007432290596107
2.4041517210599457
2.4075602130602807
2.4109687050606157
2.4143771970609507
2.417785689061286
2.4211941810616207
2.422567121262749
2.420377845815264
2.4181885703677795
2.415999294920295
2.4138100194728107
2.411620744025326
2.409431468577841
2.4072421931303563
2.4050529176828714
2.402863642235387
2.39958088447489
2.3933821738796928
2.387183463284496
2.380984752689299
2.374786042094102
2.368587331498905
2.362388620903708
2.356189910308511
2.349991199713314
2.343792489118117
2.337094168178979
2.328147600692106
2.319201033205233
2.31025446571836
2.3013078982314865
2.2923613307446136
2.28341476325774
2.2744681957708672
2.2655216282839943
2.2565750607971213
2.2474668401153073
2.236742087484083
2.2260173348528585
2.2152925822216343
2.20456782959041
2.193843076959186
2.1831183243279613
2.1723935716967366
2.1616688190655124
2.1509440664342883
2.1402193138030636
2.1284087081418863
2.116598102480708
2.1047874968195304
2.0929768911583526
2.081166285497175
2.069355679835997
2.0575450741748194
2.0457344685136416
2.033923862852464
2.022113257191286
2.00985201138621
1.9975457015667446
1.985239391747279
1.972933081927813
1.9606267721083475
1.9483204622888817
1.9360141524694163
1.9237078426499503
1.9114015328304848
1.899095223011019
1.8867050843949913
1.8742963171575053
1.8618875499200196
1.8494787826825336
1.8370700154450477
1.8246612482075615
1.8122524809700757
1.79984371373259
1.787434946495104
1.775026179257618
1.7627320867344625
1.7504809972291804
1.7382299077238987
1.7259788182186169
1.7137277287133348
1.7014766392080527
1.6892255497027708
1.676974460197489
1.664723370692207
1.6524722811869255
1.6404449012321893
1.6285453553063367
1.6166458093804839
1.6047462634546317
1.5928467175287788
1.5809471716029262
1.5690476256770738
1.557148079751221
1.5452485338253683
1.533348987899516
1.5217083461954966
1.5102834580096713
1.4988585698238461
1.487433681638021
1.4760087934521957
1.464583905266371
1.4531590170805457
1.4417341288947203
1.430309240708895
1.41888435252307
1.4077207202198825
1.3968705949758597
1.3860204697318372
1.3751703444878147
1.3643202192437918
1.3534700939997695
1.3426199687557467
1.3317698435117242
1.3209197182677015
1.310069593023679
1.2994433726602255
1.2892089858377678
1.2789745990153099
1.2687402121928524
1.2585058253703947
1.248271438547937
1.2380370517254793
1.2278026649030216
1.2175682780805637
1.2073338912581064
1.197273613679419
1.1876776274174534
1.1780816411554877
1.168485654893522
1.1588896686315562
1.1492936823695905
1.1396976961076248
1.130101709845659
1.1205057235836933
1.110909737321728
1.1014305592286175
1.092477017895356
1.0835234765620947
1.0745699352288334
1.0656163938955716
1.0566628525623103
1.0477093112290488
1.0387557698957872
1.029802228562526
1.0208486872292644
1.01195267770128
1.0036319862260594
0.995311294750839
0.9869906032756188
0.9786699118003985
0.9703492203251782
0.9620285288499579
0.9537078373747375
0.9453871458995172
0.9370664544242969
0.9287457629490766
0.9210388819623528
0.9133320009756287
0.9056251199889045
0.8979182390021805
0.8902113580154563
0.8825044770287321
0.874797596042008
0.8670907150552839
0.8593838340685598
0.8516769530818356
0.8444735282336675
0.8373204489993555
0.8301673697650431
0.8230142905307307
0.8158612112964183
0.8087081320621059
0.8015550528277935
0.794401973593481
0.7872488943591686
0.7800958151248562
0.7734295618794088
0.7668714921870423
0.7603134224946764
0.75375535280231
0.7471972831099436
0.7406392134175772
0.7340811437252108
0.7275230740328446
0.7209650043404783
0.7144069346481119
0.7082190524722787
0.7021699906151454
0.6961209287580121
0.690071866900879
0.6840228050437458
0.6779737431866124
0.6719246813294792
0.6658756194723459
0.6598265576152126
0.6537774957580793
0.6480604590834058
0.6425331510844237
0.6370058430854414
0.6314785350864593
0.6259512270874773
0.6204239190884951
0.614896611089513
0.6093693030905307
0.6038419950915486
0.5983146870925664
0.5930324628604818
0.5879544751008119
0.5828764873411421
0.5777984995814721
0.5727205118218025
0.5676425240621326
0.5625645363024626
0.5574865485427927
0.5524085607831228
0.5473305730234529
0.5424489651667789
0.5378030131936999
0.5331570612206211
0.5285111092475422
0.5238651572744633
0.5192192053013847
0.5145732533283056
0.5099273013552268
0.5052813493821479
0.5006353974090689
0.4961281012009875
0.4918634525816514
0.48759880396231525
0.4833341553429792
0.4790695067236431
0.47480485810430706
0.4705402094849711
0.46627556086563504
0.462010912246299
0.4577462636269629
0.4535882932336087
0.4497147981095397
0.44584130298547064
0.44196780786140155
0.43809431273733257
0.4342208176132635
0.4303473224891944
0.4264738273651255
0.4226003322410565
0.41872683711698744
0.4149107327316694
0.4113528866707309
0.40779504060979244
0.404237194548854
0.4006793484879154
0.39712150242697697
0.3935636563660385
0.39000581030510006
0.3864479642441617
0.38289011818322327
0.37936115370721485
0.37612100508050766
0.3728808564538004
0.36964070782709313
0.36640055920038594
0.36316041057367876
0.35992026194697146
0.3566801133202643
0.3534399646935571
0.3501998160668499
0.3469596674401427
0.34399214003938877
0.3410246126386348
0.3380570852378808
0.33508955783712685
0.3321220304363729
0.3291545030356189
0.32618697563486493
0.323219448234111
0.32025192083335696
0.3172843934326031
0.31455251289119385
0.3118441970357191
0.30913588118024427
0.30642756532476945
0.3037192494692946
0.30101093361381986
0.29830261775834505
0.2955943019028703
0.29288598604739546
0.29017767019192076
0.28766525622419603
0.2851963760093046
0.2827274957944131
0.2802586155795217
0.2777897353646302
0.2753208551497388
0.2728519749348473
0.2703830947199559
0.2679142145050645
0.26544533429017303
0.2631322905405854
0.2608776854654866
0.2586230803903878
0.256368475315289
0.2541138702401902
0.2518592651650914
0.2496046600899926
0.24735005501489382
0.24509544993979498
0.2428408448646962
0.24071214224868084
0.23865538389499893
0.23659862554131694
0.23454186718763498
0.232485108833953
0.230428350480271
0.22837159212658903
0.22631483377290704
0.22425807541922507
0.22220131706554305
0.22024309164678119
0.21836697700711943
0.21649086236745768
0.2146147477277959
0.21273863308813412
0.2108625184484723
0.2089864038088105
0.20711028916914873
0.20523417452948692
0.20335805988982514
0.20155992994051736
0.19985538161963445
0.19815083329875152
0.1964462849778686
0.1947417366569857
0.19303718833610278
0.19133264001521988
0.18962809169433698
0.18792354337345418
0.18621899505257128
0.18456625835973692
0.1830041920159875
0.18144212567223805
0.17988005932848866
0.17831799298473922
0.17675592664098982
0.1751938602972404
0.173631793953491
0.1720697276097416
0.17050766126599215
0.1689829461378667
0.16755783425140525
0.16613272236494375
0.16470761047848226
0.1632824985920208
0.16185738670555933
0.16043227481909783
0.15900716293263636
0.1575820510461749
0.1561569391597134
0.15475451726158357
0.15345420031094548
0.15215388336030736
0.1508535664096693
0.14955324945903117
0.14825293250839308
0.146952615557755
0.1456522986071169
0.1443519816564788
0.14305166470584071
0.14176182218562072
0.140576723969582
0.1393916257535433
0.13820652753750462
0.1370214293214659
0.1358363311054272
0.1346512328893885
0.13346613467334978
0.1322810364573111
0.1310959382412724
0.12991084002523368
0.12882767185896726
0.12774450369270096
0.12666133552643455
0.1255781673601682
0.12449499919390176
0.12341183102763537
0.12232866286136895
0.12124549469510257
0.12016232652883616
0.11907915836256976
0.11808176837467141
0.11709295620460985
0.11610414403454833
0.11511533186448678
0.11412651969442524
0.1131377075243637
0.11214889535430216
0.11116008318424062
0.11017127101417908
0.10918245884411752
0.1082639669643713
0.10736110181580624
0.10645823666724125
0.1055553715186762
0.10465250637011114
0.10374964122154609
0.10284677607298101
0.10194391092441596
0.10104104577585091
0.10013818062728584
0.09929134374507483
0.09846551746274657
0.09763969118041832
0.09681386489809007
0.09598803861576183
0.09516221233343358
0.09433638605110532
0.09351055976877706
0.0926847334864488
0.09185890720412056
0.09107940474842009
0.09032637305079262
0.08957334135316516
0.0888203096555377
0.08806727795791028
0.08731424626028282
0.08656121456265535
0.0858081828650279
0.08505515116740042
0.08430211946977295
0.08358454217709295
0.08289651022186911
0.08220847826664532
0.08152044631142151
0.0808324143561977
0.0801443824009739
0.07945635044575008
0.07876831849052628
0.07808028653530247
0.07739225458007866
0.07673111491411626
0.07610224599526755
0.07547337707641884
0.07484450815757013
0.0742156392387214
0.07358677031987271
0.07295790140102405
0.07232903248217534
0.07170016356332663
0.07107129464447791
0.07046202002920154
0.06988703544517678
0.06931205086115201
0.06873706627712725
0.06816208169310249
0.06758709710907772
0.06701211252505296
0.06643712794102818
0.06586214335700342
0.06528715877297867
0.06472544454870446
0.0641991179504318
0.06367279135215914
0.06314646475388647
0.0626201381556138
0.062093811557341144
0.06156748495906848
0.061041158360795815
0.06051483176252319
0.059988505164250534
0.05947043759423819
0.05898953565139729
0.058508633708556405
0.05802773176571552
0.05754682982287463
0.05706592788003374
0.05658502593719286
0.056104123994351975
0.05562322205151109
0.0551423201086702
0.05466512517425089
0.05422500032404748
0.05378487547384406
0.053344750623640635
0.052904625773437214
0.05246450092323379
0.05202437607303037
0.05158425122282695
0.05114412637262353
0.05070400152242015
0.050263876672216726
0.0498610666851602
0.04945825669810367
0.04905544671104715
0.04865263672399062
0.04824982673693409
0.04784701674987756
0.04744420676282104
0.04704139677576451
0.046638586788707984
0.04623577680165146
0.04586388383956053
0.045495082579966165
0.0451262813203718
0.044757480060777434
0.044388678801183065
0.0440198775415887
0.043651076281994335
0.043282275022399966
0.0429134737628056
0.042544672503211235
0.042201169365872045
0.041863288033478406
0.04152540670108476
0.04118752536869113
0.04084964403629749
0.04051176270390386
0.04017388137151021
0.039836000039116574
0.03949811870672294
0.039160237374329304
0.03884300122118812
0.0385335070102666
0.03822401279934509
0.03791451858842357
0.03760502437750206
0.03729553016658055
0.03698603595565903
0.036676541744737515
0.036367047533816005
0.03605755332289449
0.035764505179720775
0.03548085478954581
0.035197204399370866
0.03491355400919591
0.03462990361902094
0.03434625322884597
0.034062602838671005
0.03377895244849604
0.03349530205832107
0.03321165166814611
0.03294086613706545
0.032680801321896706
0.032420736506727964
0.03216067169155923
0.031900606876390486
0.031640542061221744
0.03138047724605301
0.03112041243088427
0.030860347615715527
0.030600282800546788
0.030350180140575576
0.030112032066841394
0.02987388399310721
0.029635735919373053
0.029397587845638867
0.02915943977190469
0.028921291698170506
0.028683143624436323
0.028444995550702144
0.028206847476967962
0.027975731063941266
0.027756920057152672
0.027538109050364076
0.027319298043575482
0.027100487036786886
0.026881676029998292
0.0266628650232097
0.026444054016421106
0.02622524300963251
0.026006432002843916
0.02579252572477583
0.02559169872329578
0.02539087172181573
0.025190044720335678
0.02498921771885563
0.024788390717375597
0.024587563715895547
0.024386736714415498
0.024185909712935445
0.023985082711455396
0.023787254004285323
0.02360291762151014
0.023418581238734963
0.023234244855959783
0.023049908473184604
0.022865572090409424
0.022681235707634244
0.022496899324859067
0.022312562942083888
0.022128226559308708
0.021945258457136053
0.021775973160988626
0.021606687864841198
0.021437402568693767
0.021268117272546343
0.021098831976398915
0.020929546680251487
0.020760261384104077
0.02059097608795665
0.02042169079180922
0.020252405495661794
0.020096917858578454
0.01994143022149511
0.01978594258441177
0.01963045494732843
0.01947496731024509
0.019319479673161742
0.019163992036078402
0.01900850439899506
0.018853016761911718
0.018697529124828378
0.01855351953444661
0.018410657748735
0.018267795963023394
0.018124934177311786
0.017982072391600174
0.01783921060588857
0.017696348820176958
0.01755348703446535
0.017410625248753753
0.017267763463042145
0.01713434253175913
0.01700301956812691
0.016871696604494696
0.016740373640862484
0.016609050677230265
0.01647772771359805
0.016346404749965834
0.01621508178633362
0.016083758822701404
0.015952435859069188
0.01582880306476343
0.015708054083955092
0.015587305103146758
0.01546655612233842
0.015345807141530084
0.015225058160721748
0.015104309179913412
0.014983560199105076
0.014862811218296738
0.014742062237488413
0.0146272384740983
0.014515800549232882
0.014404362624367464
0.014292924699502049
0.014181486774636633
0.014070048849771215
0.013958610924905798
0.013847173000040382
0.013735735075174966
0.013624297150309548
0.013517945638218834
0.013415832803440367
0.013313719968661902
0.013211607133883436
0.013109494299104973
0.013007381464326506
0.01290526862954804
0.012803155794769573
0.012701042959991108
0.012598930125212644
0.012500511947584772
0.012406527358537619
0.012312542769490457
0.012218558180443295
0.012124573591396133
0.012030589002348973
0.011936604413301811
0.01184261982425465
0.011748635235207487
0.011654650646160327
0.011563365244715797
0.011476803421575876
0.011390241598435952
0.01130367977529603
0.011217117952156106
0.011130556129016185
0.011043994305876262
0.010957432482736338
0.010870870659596417
0.010784308836456494
0.010699623723854603
0.010619943172687467
0.01054026262152033
0.010460582070353198
0.010380901519186064
0.010301220968018925
0.010221540416851787
0.01014185986568465
0.010062179314517512
0.009982498763350375
0.009903958795491994
0.009830551452523017
0.009757144109554038
0.009683736766585061
0.009610329423616084
0.009536922080647107
0.00946351473767813
0.00939010739470915
0.009316700051740172
0.009243292708771195
0.009170404368321757
0.009102706053067698
0.009035007737813641
0.008967309422559586
0.008899611107305534
0.008831912792051477
0.00876421447679742
0.008696516161543363
0.008628817846289306
0.00856111953103525
0.008493421215781193
0.00843103357909054
0.00836864594239989
0.008306258305709238
0.008243870669018586
0.008181483032327935
0.008119095395637283
0.008056707758946633
0.00799432012225598
0.00793193248556533
0.007869544848874678
0.007811604502521193
0.0077541088852014235
0.007696613267881654
0.007639117650561885
0.007581622033242115
0.007524126415922353
0.0074666307986025835
0.007409135181282814
0.007351639563963046
0.00729414394664327
0.00724028510414863
0.007187234433837351
0.007134183763526073
0.007081133093214794
0.007028082422903516
0.006975031752592237
0.006921981082280967
0.006868930411969689
0.006815879741658411
0.006762829071347132
0.006712764217851752
0.006663819045662335
0.006614873873472917
0.006565928701283499
0.0065169835290940815
0.0064680383569046635
0.0064190931847152456
0.0063701480125258276
0.0063212028403364096
0.006272257668146992
0.0062257107738015825
0.0061805343239384625
0.006135357874075343
0.006090181424212223
0.006045004974349103
0.005999828524485983
0.005954652074622863
0.005909475624759743
0.005864299174896624
0.005819122725033504
0.0057756995620726
0.005733737471530208
0.005691775380987816
0.005649813290445425
0.005607851199903034
0.005565889109360642
0.0055239270188182504
0.005481964928275859
0.005440002837733468
0.005398040747191076
0.00535765496096158
0.0053191607399075596
0.00528066651885354
0.005242172297799518
0.005203678076745499
0.005165183855691478
0.0051266896346374565
0.005088195413583436
0.005049701192529415
0.005011206971475402
0.0049737806927009475
0.004938223312915737
0.0049026659331305265
0.004867108553345316
0.0048315511735601046
0.004795993793774893
0.004760436413989683
0.004724879034204472
0.004689321654419261
0.004653764274634049
0.004618942625951365
0.004586082926875423
0.004553223227799481
0.004520363528723537
0.004487503829647595
0.004454644130571651
0.004421784431495709
0.004388924732419766
0.004356065033343823
0.00432320533426788
0.004290793953460329
0.0042604000048605435
0.004230006056260758
0.004199612107660971
0.004169218159061187
0.0041388242104614
0.004108430261861615
0.004078036313261829
0.0040476423646620425
0.004017248416062257
0.003987059181697507
0.003958917089683114
0.003930774997668721
0.003902632905654328
0.0038744908136399345
0.0038463487216255413
0.003818206629611148
0.0037900645375967545
0.003761922445582362
0.0037337803535679682
0.003705638261553575
0.0036796513008605313
0.0036536643401674875
0.0036276773794744477
0.003601690418781405
0.0035757034580883606
0.003549716497395317
0.0035237295367022727
0.003497742576009229
0.003471755615316185
0.0034457686546231414
0.003421543652889325
0.0033974948470514316
0.003373446041213538
0.003349397235375645
0.003325348429537751
0.0033012996236998575
0.003277250817861964
0.0032532020120240703
0.003229153206186177
0.0032051044003482835
0.003182497022010576
0.0031602099608951306
0.003137922899779686
0.0031156358386642416
0.0030933487775487967
0.003071061716433352
0.0030487746553179073
0.0030264875942024624
0.003004200533087018
0.002981913471971573
0.0029608463470271592
0.002940236698146882
0.002919627049266605
0.002899017400386327
0.0028784077515060496
0.0028577981026257724
0.002837188453745495
0.0028165788048652176
0.0027959691559849404
0.002775359507104663
0.0027557157836231383
0.0027366240175123293
0.0027175322514015206
0.002698440485290711
0.002679348719179902
0.002660256953069097
0.002641165186958288
0.0026220734208474788
0.0026029816547366697
0.0025838898886258606
0.0025655647250340456
0.002547878396874726
0.002530192068715406
0.0025125057405560865
0.0024948194123967666
0.0024771330842374467
0.002459446756078127
0.0024417604279188074
0.0024240740997594876
0.0024063877716001677
0.002389289147545957
0.0023728957684178774
0.0023565023892897978
0.0023401090101617178
0.002323715631033638
0.0023073222519055586
0.002290928872777479
0.0022745354936493994
0.0022581421145213194
0.0022417487353932402
0.0022257894618355777
0.0022105898730261455
0.0021953902842167137
0.0021801906954072815
0.0021649911065978497
0.002149791517788418
0.0021345919289789857
0.002119392340169554
0.002104192751360122
0.00208899316255069
0.002074094772020446
0.0020599995769013694
0.0020459043817822936
0.002031809186663217
0.002017713991544141
0.0020036187964250648
0.0019895236013059885
0.0019754284061869122
0.001961333211067836
0.0019472380159487623
0.0019333203319749448
0.0019202014481547933
0.0019070825643346416
0.0018939636805144896
0.0018808447966943381
0.0018677259128741864
0.0018546070290540347
0.0018414881452338831
0.0018283692614137312
0.0018152503775935797
0.0018022159292838613
0.0017900258360784777
0.001777835742873094
0.0017656456496677102
0.0017534555564623269
0.0017412654632569433
0.0017290753700515593
0.0017168852768461758
0.0017046951836407922
0.0016925050904354087
0.0016803149972300251
