0.25124811369227656
0.28833189255524866
0.3268800786764434
0.36672105049839315
0.4076309379158477
0.4494540371385586
0.4920012227975946
0.5351138263656254
0.5786596400953494
0.6224729951052886
0.6664480465167183
0.7104462828457595
0.7543601471669474
0.7980947752134044
0.8415397705458618
0.8846224003639656
0.9272569971575766
0.9693726859685381
1.0109023775500352
1.0517874751063978
1.0919750647292445
1.1314192184165932
1.170079434045319
1.2079089499166766
1.244887488956894
1.2809795024429262
1.3161655151151317
1.3504201838437329
1.383730675983697
1.4160820344139189
1.447467245467796
1.477874059433419
1.507299233210047
1.5357443500129302
1.5632047961923017
1.589682240168799
1.6151836649978406
1.6397112371582994
1.6632720981119462
1.6858771799742203
1.7075329292061596
1.7282514366036446
1.748048324243816
1.7669263944842677
1.7849086650986217
1.8020017617321331
1.8182274545311174
1.8336010041790503
1.8481268184988726
1.8618335200730822
1.8747295741456516
1.8868410381277436
1.8981762114622938
1.9087530778677788
1.9185916997344323
1.9277076265575352
1.9361228717297714
1.9438463656188991
1.9509006480886861
1.9573006371653148
1.9630660098131236
1.9682130851743853
1.9727539412522657
1.9767140439286517
1.9800991782444934
1.9829384409474966
1.9852306634153047
1.9870056677579282
1.9882774430511105
1.98905538689469
1.9893627559261347
1.9891990455588406
1.988593468992996
1.9875593666955171
1.9861041998375986
1.9842460842214256
1.9819916249535776
1.9793624846788243
1.9763664912716274
1.9730223343669668
1.9693303946651801
1.9653135715349037
1.960978096100138
1.956337378569077
1.9514062748434027
1.9461832325302482
1.940693086712463
1.934937502008674
1.928930437044472
1.9226824858792075
1.9161946215468495
1.9094889119524487
1.9025652491158223
1.8954355590814451
1.8881090791885158
1.880591006587086
1.8728950786091603
1.8650252621237509
1.856987885645537
1.848791736740651
1.8404469683548605
1.8319564863456157
1.8233301898470198
1.8145726207326127
1.8056898024655603
1.7966938147033398
1.7875794126893172
1.7783623679198095
1.7690451870023796
1.7596331057276897
1.7501359857988685
1.74054764493708
1.7308844311723806
1.7211470759957483
1.7113407528795164
1.7014708901623543
1.6915374061248787
1.6815504223497815
1.6715118257783872
1.6614269276652989
1.6509382621777253
1.6406058891331314
1.6303909629740976
1.6201543858583478
1.609890044073432
1.5995986611576303
1.5892866574476248
1.578953315963597
1.568605342069743
1.5582444544837615
1.547578332496349
1.5370670572318752
1.5266747905390665
1.5162899388568993
1.5059038309067865
1.4955206095679818
1.4851433382562753
1.4747721501457773
1.464411148039236
1.4540600034871938
1.4437231193030415
1.433401225146174
1.4230960783553908
1.4128117877061581
1.4025451822638315
1.3923024313702448
1.3820834936113622
1.371889987825983
1.3617229540655953
1.3515847267535601
1.3414758111238392
1.3313984732423654
1.3213523673430085
1.311341404084222
1.3013648285888073
1.2914231880889946
1.2815183399740864
1.2716524982567947
1.2618249035766895
1.2520379433304383
1.242290946862338
1.2325860685067878
1.2229226360868712
1.2133031919992898
1.2036934196590212
1.194162858263801
1.1846779366360605
1.1752389797328617
1.1658325965077614
1.1564878972831396
1.1471907509550014
1.1379427008891874
1.1287427647080892
1.119590889476867
1.1104907975435623
1.1014406569125035
1.0924409451025483
1.083492050340029
1.074594961101138
1.0657492193526619
1.056955667447307
1.0482141794152804
1.0395260003534403
1.0308889069609832
1.0223055091999527
1.01377559104721
1.0052986562656552
0.9968755159335461
0.9885057491302764
0.9801898444233531
0.9719277444271521
0.9637195149935132
0.9555653041204784
0.9474657754168948
0.9394198299309109
0.931428238668798
0.923490782078279
0.9156073469694428
0.9077786332549502
0.90000386210673
0.8922831627379924
0.88461700829502
0.8770046660733718
0.8694462483822039
0.8619419796170357
0.8544915974646553
0.8470948680258927
0.8397520094708566
0.8324627131024438
0.8252268285048385
0.8180443807231572
0.8109147578893696
0.8038389791106417
0.7968155306831504
0.7898451272799598
0.7829273753913397
0.7760620487772764
0.7692487957939369
0.7624878704037373
0.7557788371683669
0.7491213249994146
0.742515349857282
0.7359610336970205
0.72945749468164
0.7230052893296457
0.7166034019129268
0.7102522433040459
0.703951102875652
0.6977000197110813
0.6914990170123856
0.6853475352229557
0.6792449100369686
0.6731913037477061
0.6671869745667149
0.6612308708277753
0.6553234745541283
0.6494640311352985
0.6436523950823444
0.6378883305354823
0.6321714539244583
0.6265017336991529
0.620878803259183
0.6153021980012152
0.6097719191607559
0.6042873799359652
0.5988488203878217
0.5934553444773939
0.5881074640075002
0.5828040554850605
0.5775455364949413
0.5723313898764526
0.5671611365848128
0.5620343861129558
0.5569515059269652
0.5519113832936382
0.5469144720800252
0.5419599540325049
0.537048034126365
0.532177981262657
0.5273498391630487
0.5225629260218884
0.5178177400837047
0.5131129956700895
0.5085532415084535
0.5039282638499901
0.49939072201103385
0.49484523833033073
0.49034235666214687
0.4858756949438888
0.48144740568592226
0.4770585251952715
0.47270789759615184
0.4683949985433264
0.4641202910788673
0.4598828797919296
0.4556829313341756
0.4515199264350689
0.4473934970870872
0.4433039386426886
0.43925021741133263
0.4352322987751366
0.4312501403526411
0.42730352676376354
0.4233916071254943
0.4196000183860691
0.41579492526009876
0.4119855219041627
0.4082128007807053
0.4044707796739397
0.4007629227825954
0.39708724240946236
0.3934452638061722
0.38983598199153024
0.3862587374176056
0.3827141567427105
0.37920063167741347
0.3757195450367842
0.37226966810590906
0.3688508569571879
0.36546293685888276
0.36210527719078794
0.358778430201369
0.3554816814769596
0.3522149022394088
0.34897720133429444
0.34576946816968845
0.3425906038539669
0.33944086558856323
0.336319667820992
0.3332261261936277
0.3301620262558087
0.32712516007377435
0.32411628942595777
0.3211347436473936
0.31817999267390695
0.31525296012988757
0.31235221253327516
0.30947831685701427
0.30663057607529504
0.3038089624198611
0.3010131168605156
0.29824306550116586
0.2954982764968981
0.29277869370281745
0.290084495558552
0.2874143380759184
0.2847694331295582
0.28214845924819043
0.27955175835322066
0.2769791795478115
0.2744294604000751
0.2719042343203133
0.2694018201249721
0.26692260301120485
0.26446640654897513
0.26203230798378124
0.25962122156830947
0.25723224163205977
0.2548654488197784
0.25252052935505537
0.25019709090417186
0.24789524306780206
0.2456149178912887
0.24335558813520247
0.24111694580253534
0.23889927204907058
0.23670195743951966
0.2345255455416226
0.23236896802976134
0.2302321103770631
0.22811549793719987
0.22601817631726254
0.22394089789834826
0.22188249236600882
0.21984298704091843
0.21782290181863745
0.215821286697356
0.21384911190121353
0.21188444952713312
0.20993805109396502
0.20800987655694653
0.20610400338360996
0.2042114002199253
0.2023364662280338
0.20047904794982083
0.1986386448028023
0.19681584946979122
0.19500987846295545
0.19322077070650884
0.19144828150051635
0.18969186091074808
0.18795248199654002
0.1862287971510243
0.18452153713949782
0.1828300488375963
0.18115400635255607
0.1794940344720729
0.1778492817994788
0.17622007550915286
0.1746059639781536
0.17300676865510808
0.1714225460169307
0.16985329435184665
0.16829848613046405
0.16675819848860543
0.16523229338610748
0.1637203970012306
0.16222312858882842
0.1607394484423672
0.15926966547876173
0.15781360999442606
0.15637091547906584
0.15494233861454837
0.15352659659102158
0.15212411827452652
0.15076998452983403
0.1493927061340088
0.14802841570020803
0.14667685736563985
0.14533777146033855
0.14401129256652315
0.14269723266428813
0.1414107330632216
0.14012070008350574
0.13884255254740158
0.137576553374965
0.13632235219273486
0.13508065159418817
0.13384993505037304
0.1326303861565126
0.13142215469196672
0.13022544478769033
0.12903969572390545
0.12786525271409227
0.12670152306279112
0.12554877590597216
0.12440684320655926
0.12327532407773421
0.12215476784227275
0.12104440534104255
0.11994431133030728
0.11885466488937674
0.1177750104129234
0.11670549501395024
0.11564594296709135
0.11459628825219831
0.11355635588860488
0.11252615275534625
0.11150562717992288
0.11049458369933896
0.10949279826541067
0.10850048636657696
0.10751752984392443
0.10654340948326785
0.10557862040813912
0.1046227498164409
0.10367575878234177
0.10276372430068162
0.1018339094959023
0.10091262475525184
0.09999967056913675
0.09909559139239646
0.09819974732232398
0.09732359768631749
0.09644417628574592
0.09557287368530773
0.09470973421813311
0.09385526339416117
0.09300819477921941
0.09216874362100652
0.0913370179854549
0.09051338916539489
0.08969725320664598
0.08888859854502396
0.08808764207963213
0.08729405566915058
0.08650780383255677
0.08572877076952752
0.08495708258583239
0.08419256257469765
0.08343488306269575
0.08268452411161764
0.08194108334839112
0.08120432191587851
0.08047466798604672
0.0797517346237874
0.07903541219164123
0.07832572858142695
0.07762264791161588
0.07692589241961348
0.0762356147545651
0.07555199103054425
0.0748746617664568
0.07420337206602298
0.0735385364142738
0.07287979194684346
0.07222700655205933
0.07158032782569387
0.07093963677695667
0.07030485504513628
0.06967583523140887
0.06905280294869247
0.06843556610593193
0.06782384226568156
0.06721791374875745
0.06661758774430232
0.06602263308281037
0.06543326567209194
0.06484935507626513
0.06427076903368129
0.06369749330536423
0.06312960111619768
0.06256695226803292
0.062008998501512105
0.06145659953819786
0.06090934212287466
0.06036694878774873
0.059829620641264306
0.05929730082743993
0.0587698233838649
0.058247216392507316
0.057729501904953816
0.057216525260863974
0.056708138804508625
0.05620449318869414
0.05570551877959616
0.05521098953322656
0.05472106731920924
0.054235721633733094
0.053754710524555514
0.05327811855747734
0.05280598970071121
0.0523381294720888
0.05187447431321706
0.05141511796405064
0.05096001116207498
0.050508965323838445
0.050062173763582726
0.04961952715836156
0.049180804035663564
0.048745711677003936
0.04831508879749547
0.04788832991364532
0.04746542389689705
0.047046421412479125
0.04663125991251228
0.04621984782765132
0.04581222247626967
0.04540838668190306
0.04500810641935907
0.04461148271616955
0.04421856499859509
0.04382914787029245
0.04344326081096354
0.04306095083958905
0.04268216001017511
0.04230677290156705
0.04193481484406615
0.04156631816555868
0.0412010626328039
0.040839112098877604
0.04048054130722921
0.040125150807847204
0.03977297663866532
0.039424080289675825
0.03907832785798228
0.0387356768445124
0.03839615673760196
0.03805973490716433
0.03772631921354606
0.037395886236896624
0.03706812504939687
0.03674372451553487
0.03642224666010414
0.036103788473326334
0.035788141324342666
0.03547533537257644
0.035165379440714364
0.034858255144876796
0.034553856426604274
0.034252164467796
0.033953288126359976
0.033657052702026465
0.033363498024333776
0.033072680226024345
0.03278441347353901
0.03249872903346876
0.03221565139295995
0.031935137689076486
0.03165713696847186
0.03138162096064501
0.031108645451265605
0.030838119428495646
0.030569993524425194
0.030304370879323465
0.030041074461808853
0.029780113956556234
0.02952153704576313
0.029265285941102667
0.029011313516649456
0.028759600152150587
0.02851021906844456
0.028263042788256885
0.02801804802017812
0.027774907760810735
0.027534327912095077
0.027295883254707144
0.027059632332473604
0.026825485565555165
0.02659343387158458
0.026363461410024505
0.026135591601852984
0.02590972663705153
0.02568584381073602
0.025464053027872306
0.025244190413618705
0.025026257475504198
0.024810316285269217
0.024596280853548164
0.024384169795614807
0.02417396531532941
0.02396564840687499
0.023759171323834958
0.02355449495617696
0.023351745231431874
0.023150765194842653
0.022951527479071962
0.022754123466070357
0.02255845624739265
0.022364545065809795
0.022172371375312833
0.021981898693721417
0.021793118963123182
0.021605979517225128
0.02142055657934144
0.021236763674409565
0.02105455377429323
0.02087546024807177
0.020696516135858392
0.02051913487302093
0.020343358550907353
0.02016914637303633
0.01999647295529461
0.01982530672285395
0.019655689736917226
0.019487572080908025
0.01932090004979358
0.01915577859826352
0.018992099135697174
0.018829830219810995
0.01866904080534723
0.01850966588847987
0.01835167582440244
0.018195071504069567
0.018039865581451518
0.017886036390863093
0.017733552415386884
0.017582457041109167
0.017432681162493892
0.017284205382250804
0.017137078271783204
0.016991246774785442
0.016846673472010715
0.016703370933924072
0.016561341509397896
0.016420574898588
0.016281036797065024
0.016142756646184087
0.016005679556387927
0.015869613456950846
0.015734930692527183
0.01560143949636395
0.015469093522618209
0.015337912855503939
0.015207904211157638
0.015079035221000087
0.01495130109384258
0.014824717966708666
0.014699234520442382
0.014575611851704275
0.014452293422568626
0.014330070650221849
0.014208888636001001
0.014088782235831944
0.013969752391419503
0.013851742364776713
0.013734761135691557
0.013618828654091069
0.01350389761551287
0.013389945091210761
0.013276999890372586
0.01316505164851501
0.013054062735265874
0.012944074127851854
0.012835063475588045
0.012726979821529755
0.012619835397703023
0.01251364269032661
0.012408370523057712
0.012303995982413852
0.012200538751115746
0.012097987469675702
0.011996338825422316
0.01189557799816649
0.011795702053931191
0.011696670188308712
0.01159849428811209
0.011501201891410955
0.011404737747377693
0.011309096939340978
0.011214294323656978
0.011120342195951946
0.011027204223430558
0.010934876774738306
0.010843358849534369
0.010752663787033
0.01066269658833011
0.010573532506721467
0.010485128038957946
0.010397478694770645
0.010310608467421944
0.010224493713851538
0.010139114104240666
0.010054479333953302
0.009970585436768117
0.009887396634061144
0.00980491920105983
0.009723171754715333
0.00964212727415131
0.009561789478923447
0.009480741400706545
0.009401817170779763
0.009323561844650483
0.009245990268100527
0.009169104524627582
0.009092855857772301
0.009017255853856983
0.008942320229895313
0.00886802844440852
0.008794383155591244
0.008721381976190906
0.008648997474524233
0.008577226113738694
0.008506079677638926
0.008435551530712088
0.008365616347071203
0.008296282856809457
0.008227558588538342
0.008159431143812783
0.008091884525338176
0.008024929466203909
0.007958535382447281
0.007892703790267368
0.007827440017989849
0.007762743542562721
0.007698590871564254
0.007634979610669534
0.007571938459620486
0.007509426063541234
0.007447448233595762
0.007386013725835399
0.007325091574180747
0.007264682536530752
0.007204797273781152
0.007145434364842592
0.007086571467455381
0.007028216184051524
0.00697037010037373
0.006913006533464462
0.006856128930145877
0.006799753479932596
0.006743846038513686
0.006688406608965068
0.006633443416901318
0.006578949119939604
0.006524926483168558
0.006471365177039907
0.006418263495903529
0.006365604884699989
0.00631338682606512
0.00626163403643672
0.006210315805811986
0.006159424535108295
0.006108970848130572
0.006058946841079049
0.006009358913867651
0.005960188655478562
0.005911436988059314
0.005863091995687924
0.005815147520743278
0.005767628765165627
0.0057205040331608364
0.005673769203717363
0.005627439271732234
0.005581506056667431
0.0055359626638476385
0.005490805548770716
0.0054460300066540195
0.005401632993532461
0.0053576045743609375
0.005313960647229329
0.005270682278030742
0.005227760659934522
0.0051852200385141736
0.005143032652286174
0.005101197867938542
0.005059721908270294
0.005018594403970084
0.004977808484457055
0.004937360201200835
0.004897259090254058
0.004857497435177114
0.004818072393898802
0.004778986161394504
0.0047402238972477275
0.004701782668070915
0.004663678300311648
0.004625892584342813
0.004588418899773591
0.004551255741594458
0.004514407399827596
0.004477879072839352
0.004441654483624064
0.004405738360801456
0.004370119287257902
0.00433479157970976
0.004299767748370214
0.004265038519910879
0.0042305945754118925
0.004196436308757187
0.004162571174882634
0.004128994024747516
0.004095695860635043
0.0040626845479285745
0.004029945837328465
0.003997474162937215
0.003965277650718995
0.0039333544808872745
0.0039016921322454217
0.0038702960227287465
0.0038391692155791014
0.003808298338116048
0.003777686883950704
0.0037473337574795225
0.0037172305783391858
0.003687372306289953
0.003657763996928828
0.003628407820656163
0.003599292870799637
0.003570426983465413
0.0035418040861569687
0.003513416573580584
0.0034852659808272627
0.00345735433290651
0.0034296715413295424
0.0034022135309164474
0.0033731670034630964
0.0033461906503714374
0.0033194447058263158
0.0032929197422955784
0.003266615283399387
0.003240524272367625
0.0032146483137383166
0.0031889939631614445
0.0031635485367721315
0.003138309495886679
0.0031132798913883685
0.0030884647915374775
0.003063860182545386
0.0030394580347024303
0.00301525818496125
0.0029912537303730113
0.0029674451347585376
0.002943841319593435
0.0029204291099649334
0.002897206628149869
0.0028741812762090972
0.002851347373583195
0.0028287022972772998
0.002806244374946567
0.00278397214319857
0.002761879197141861
0.0027399659674495003
0.0027182384839001513
0.0026966888397098893
0.0026753194169733333
0.0026541306215184697
0.002633114621150355
0.0026122701375920574
0.002591599530524766
0.002571099348772676
0.0025507637183358745
0.0025305928824043847
0.002510590433153625
0.002490755365129659
0.002471085071423695
0.0024515767222080902
0.0024322264763402468
0.0024130319441529827
0.0023939991847256497
0.002375122788985985
0.0023563975604493437
0.0023378243316236566
0.0023194074956020185
0.0023011474976766732
0.002283035553096752
0.0022650725803227854
0.0022472542860271253
0.002229579203193876
0.0022120509505285436
0.0021946677313088424
0.0021774235705464768
0.002160318143934758
0.002143359497666221
0.0021265383283608275
0.002109854830825363
0.002093308497777397
0.00207689465256181
0.0020606125746916075
0.0020444637151977112
0.0020284515225363828
0.002012567500952622
0.001996815296594468
0.0019811934411797794
0.001965696095014219
0.001950326839734158
0.001935083840223039
0.0019199622932659598
0.0019049617182386753
0.0018900826345125165
0.0018753275014650795
0.0018606940384543469
0.0018461794309774415
0.0018317832911121288
0.0018175015190773202
0.0018033361857041751
0.001789288548204526
0.0017753532992163805
0.0017615299948839716
0.0017478185794645262
0.0017342214680349855
0.0017207373369231055
0.0017073608731838095
0.0016940929029494044
0.0016809301958486329
0.0016678728109187607
0.0016549253964234932
0.0016420803061708575
0.0016293370241947012
0.0016166982102778795
0.0016041637080511672
0.0015917323343182885
0.0015794001079650574
0.0015671673058416757
0.0015550315228601706
0.0015429930024678867
0.0015310562560803122
0.0015192139685712511
0.0015074656919038146
0.0014958159404825212
0.0014842586743102444
0.0014727955532435587
0.0014614247988290825
0.0014501451658564212
0.0014389547537705923
0.0014278524567961576
0.0014168421523477093
0.001405920236033759
0.0013950878829953567
0.0013843430876710836
0.001373683242418106
0.0013631085695453532
0.001352621306502487
0.001342218128592037
0.0013318970090427473
0.0013216570426442358
0.0013115001577134696
0.0013014289074488815
0.0012914372213168365
0.0012815258892762012
0.0012716926840541953
0.001261936534800775
0.0012522612693202132
0.0012426628625916074
0.00123313982832674
0.0012236916352091922
0.0012143212668673184
0.0012050282623156936
0.001195808448466115
0.0011866627762237886
0.0011775899121663008
0.001168587827408205
0.0011596591854276068
0.001150802326357712
0.0011420147001190023
0.0011332975402510623
0.0011246515352376397
0.0011160744740285056
0.0011075659213209722
0.001099125263392279
0.0010907507685080473
0.0010824413942102124
0.001074198545897875
0.0010660228695793855
0.0010579116776430972
0.0010498662494328537
0.0010418846042393036
0.001033966127020221
0.0010261120604805418
0.0010183204201867112
0.0010105896745981951
0.0010029188551770676
0.000995308620489385
0.000987760763458571
0.0009802742666270123
0.0009728464274003286
0.0009654772105953868
0.0009581651928864334
0.0009509116176990498
0.0009437163838499254
