0.4517650656681488
0.5258248769421419
0.5998846882161347
0.6739444994901278
0.7480043107641206
0.8220641220381136
0.8961239333121064
0.9701837445860995
1.0442435558600924
1.1183033671340854
1.1923631784080782
1.2676047834236257
1.3429645678133284
1.418324352203031
1.4936841365927345
1.5690439209824372
1.6444037053721396
1.7197634897618423
1.7951232741515457
1.8704830585412482
1.945842842930951
2.010716633971649
2.0732602042681223
2.1358037745645966
2.1983473448610704
2.2608909151575443
2.323434485454018
2.385978055750492
2.4485216260469658
2.51106519634344
2.5736087666399134
2.6237568172179366
2.6692565479015404
2.714756278585144
2.7602560092687476
2.8057557399523514
2.851255470635955
2.8967552013195585
2.942254932003163
2.9877546626867666
3.03325439337037
3.068313748825798
3.097407175579412
3.1265006023330253
3.1555940290866387
3.1846874558402525
3.2137808825938663
3.2428743093474797
3.271967736101093
3.301061162854707
3.3301545896083207
3.3516994789246652
3.36695392037662
3.3822083618285745
3.397462803280529
3.412717244732484
3.4279716861844376
3.4432261276363922
3.458480569088347
3.4737350105403015
3.488989451992256
3.4993174140928005
3.5037336009716533
3.5081497878505052
3.512565974729358
3.51698216160821
3.521398348487063
3.5258145353659147
3.530230722244767
3.5346469091236195
3.539063096002472
3.540546112910251
3.5368960823686506
3.53324605182705
3.5295960212854496
3.5259459907438497
3.522295960202249
3.5186459296606487
3.5149958991190484
3.511345868577448
3.5076958380358474
3.502477358150662
3.493076346682583
3.483675335214504
3.4742743237464255
3.464873312278346
3.4554723008102677
3.4460712893421883
3.4366702778741094
3.4272692664060305
3.417868254937952
3.4077544878663635
3.394433320578982
3.381112153291601
3.36779098600422
3.3544698187168382
3.3411486514294575
3.327827484142076
3.3145063168546947
3.3011851495673135
3.287863982279932
3.274313856048063
3.25847414037131
3.2426344246945558
3.2267947090178026
3.2109549933410495
3.195115277664296
3.1792755619875424
3.1634358463107892
3.147596130634036
3.1317564149572825
3.115916699280529
3.098607043438063
3.0812973875955962
3.0639877317531297
3.046678075910663
3.0293684200681965
3.0120587642257304
2.9947491083832634
2.9774394525407972
2.9601297966983307
2.9428201408558636
2.924876004728412
2.906868420572462
2.8888608364165114
2.8708532522605608
2.8528456681046106
2.83483808394866
2.81683049979271
2.7988229156367597
2.7808153314808095
2.762807747324859
2.7446864641788027
2.7265399145905
2.7083933650021987
2.6902468154138965
2.672100265825594
2.653953716237292
2.6358071666489904
2.6176606170606886
2.5995140674723864
2.5813675178840847
2.5634088876299943
2.5455207271262346
2.527632566622474
2.509744406118714
2.491856245614954
2.473968085111194
2.456079924607433
2.438191764103673
2.4203036035999133
2.4024154430961526
2.384867449642485
2.367513837360297
2.3501602250781097
2.3328066127959226
2.315453000513735
2.298099388231548
2.2807457759493603
2.2633921636671728
2.246038551384985
2.2286849391027985
2.211723794962672
2.195089707607596
2.17845562025252
2.161821532897444
2.1451874455423683
2.1285533581872924
2.1119192708322165
2.0952851834771407
2.078651096122065
2.062017008766989
2.0457634165208063
2.0299664184052957
2.0141694202897846
1.998372422174274
1.9825754240587634
1.9667784259432528
1.9509814278277422
1.9351844297122311
1.9193874315967203
1.9035904334812095
1.8881223099375766
1.8732297168947294
1.8583371238518822
1.8434445308090353
1.8285519377661879
1.8136593447233404
1.7987667516804937
1.7838741586376463
1.7689815655947987
1.7540889725519522
1.7394513371271871
1.725493588683975
1.7115358402407632
1.697578091797551
1.6836203433543386
1.6696625949111268
1.6557048464679147
1.6417470980247026
1.6277893495814906
1.613831601138279
1.6000444895356878
1.5870252437158898
1.574005997896092
1.5609867520762946
1.5479675062564966
1.5349482604366989
1.521929014616901
1.5089097687971036
1.4958905229773058
1.4828712771575079
1.4699359395458573
1.4578396840156709
1.4457434284854846
1.4336471729552982
1.421550917425112
1.4094546618949255
1.3973584063647393
1.3852621508345528
1.3731658953043664
1.3610696397741802
1.3489733842439937
1.3377712904119543
1.3265691965799145
1.3153671027478744
1.3041650089158343
1.2929629150837945
1.2817608212517544
1.2705587274197145
1.2593566335876747
1.2481545397556346
1.2369524459235945
1.2265039426245805
1.2161307983788696
1.205757654133158
1.1953845098874463
1.1850113656417347
1.1746382213960231
1.1642650771503116
1.1538919329046
1.1435187886588885
1.133145644413177
1.123452018855098
1.1139093974498264
1.1043667760445557
1.094824154639284
1.0852815332340127
1.075738911828741
1.0661962904234696
1.0566536690181982
1.0471110476129266
1.0375684262076552
1.0285916789619696
1.019827134526129
1.011062590090288
1.002298045654448
0.9935335012186071
0.9847689567827662
0.9760044123469256
0.9672398679110848
0.9584753234752441
0.9497107790394034
0.9414023448598796
0.9333545451125368
0.9253067453651942
0.9172589456178515
0.909211145870509
0.9011633461231663
0.8931155463758236
0.885067746628481
0.8770199468811382
0.8689721471337956
0.861288637960518
0.8539087042656283
0.8465287705707385
0.8391488368758488
0.8317689031809594
0.8243889694860697
0.8170090357911799
0.8096291020962902
0.8022491684014005
0.7948692347065107
0.7877711245609513
0.7810112026745887
0.7742512807882259
0.7674913589018632
0.7607314370155005
0.753971515129138
0.7472115932427752
0.7404516713564124
0.7336917494700498
0.726931827583687
0.72038105837891
0.714196306366908
0.7080115543549059
0.7018268023429041
0.695642050330902
0.6894572983189
0.6832725463068983
0.6770877942948963
0.6709030422828943
0.6647182902708924
0.6586774544175328
0.6530203949872196
0.6473633355569066
0.6417062761265935
0.6360492166962803
0.6303921572659673
0.6247350978356542
0.6190780384053414
0.6134209789750282
0.6077639195447151
0.6021970780393159
0.597036217196029
0.591875356352742
0.5867144955094551
0.5815536346661682
0.5763927738228812
0.5712319129795943
0.5660710521363074
0.5609101912930207
0.5557493304497338
0.5506282330793546
0.5459047704380535
0.5411813077967524
0.5364578451554514
0.5317343825141503
0.5270109198728492
0.5222874572315481
0.5175639945902469
0.5128405319489459
0.508117069307645
0.5033936066663439
0.49908420391169683
0.49477480115704986
0.4904653984024028
0.48615599564775575
0.4818465928931087
0.47753719013846163
0.4732277873838146
0.4689183846291675
0.4646089818745205
0.4602995791198736
0.4563291458802271
0.4523926095920807
0.44845607330393433
0.44451953701578784
0.44058300072764145
0.43664646443949495
0.43270992815134857
0.42877339186320207
0.4248368555750557
0.4209003192869094
0.41724563058669967
0.4136535746838092
0.41006151878091873
0.4064694628780282
0.40287740697513774
0.3992853510722473
0.3956932951693568
0.3921012392664663
0.3885091833635758
0.3849171274606854
0.3815540997473448
0.37827695760508523
0.3749998154628256
0.3717226733205661
0.3684455311783065
0.3651683890360469
0.3618912468937874
0.3586141047515278
0.3553369626092682
0.3520598204670086
0.34896572161427825
0.3459762189269932
0.34298671623970794
0.3399972135524228
0.3370077108651376
0.3340182081778523
0.3310287054905672
0.32803920280328197
0.32504970011599676
0.32206019742871156
0.3192139179076707
0.31648699102516664
0.3137600641426627
0.3110331372601587
0.3083062103776547
0.3055792834951506
0.30285235661264664
0.3001254297301426
0.2973985028476386
0.29467157596513455
0.29205351726314493
0.2895661003777727
0.28707868349240045
0.28459126660702816
0.282103849721656
0.2796164328362837
0.27712901595091144
0.27464159906553914
0.2721541821801671
0.2696667652947949
0.26725875608324867
0.26498971030089824
0.26272066451854775
0.2604516187361973
0.25818257295384683
0.25591352717149635
0.25364448138914586
0.2513754356067954
0.24910638982444494
0.24683734404209448
0.24462198848460492
0.2425498068600779
0.2404776252355509
0.23840544361102384
0.23633326198649685
0.2342610803619698
0.23218889873744275
0.23011671711291576
0.2280445354883887
0.22597235386386166
0.22393361272467707
0.2220453537695325
0.2201570948143879
0.21826883585924334
0.21638057690409873
0.21449231794895415
0.21260405899380957
0.210715800038665
0.20882754108352042
0.2069392821283758
0.2050659623288032
0.20334203408495027
0.20161810584109732
0.19989417759724443
0.19817024935339148
0.19644632110953852
0.1947223928656856
0.19299846462183268
0.19127453637797975
0.18955060813412677
0.18782667989027385
0.18625438448316303
0.18468208907605235
0.18310979366894153
0.18153749826183072
0.1799652028547199
0.17839290744760905
0.17682061204049826
0.1752483166333874
0.17367602122627662
0.1721037258191658
0.17065606887619592
0.1692208757796401
0.16778568268308433
0.16635048958652854
0.16491529648997275
0.16348010339341695
0.16204491029686116
0.16060971720030537
0.15917452410374958
0.15773933100719378
0.15640640712122697
0.15509620972650215
0.1537860123317774
0.1524758149370526
0.15116561754232777
0.14985542014760295
0.1485452227528781
0.14723502535815325
0.14592482796342843
0.14461463056870358
0.14338719571417222
0.14219079681221342
0.14099439791025462
0.1397979990082958
0.138601600106337
0.13740520120437819
0.13620880230241939
0.13501240340046058
0.13381600449850178
0.13261960559654298
0.13148921090562846
0.13039653290673922
0.12930385490785
0.12821117690896078
0.12711849891007165
0.12602582091118247
0.12493314291229324
0.123840464913404
0.1227477869145148
0.12165510891562557
0.12061392218048515
0.11961564483180204
0.11861736748311892
0.1176190901344358
0.1166208127857527
0.11562253543706959
0.11462425808838647
0.11362598073970337
0.11262770339102027
0.11162942604233715
0.11067031003313375
0.10975818763130597
0.1088460652294782
0.10793394282765045
0.10702182042582269
0.10610969802399492
0.10519757562216725
0.10428545322033948
0.10337333081851172
0.10246120841668395
0.10157761929646753
0.10074396341907094
0.09991030754167433
0.09907665166427775
0.09824299578688114
0.09740933990948455
0.09657568403208795
0.09574202815469136
0.09490837227729478
0.09407471639989817
0.09326055990963572
0.0924984017850643
0.09173624366049289
0.09097408553592146
0.09021192741135003
0.08944976928677861
0.0886876111622072
0.08792545303763578
0.08716329491306443
0.08640113678849302
0.08565082629227716
0.08495383012366131
0.08425683395504548
0.08355983778642964
0.08286284161781379
0.08216584544919796
0.08146884928058212
0.08077185311196629
0.08007485694335044
0.0793778607747346
0.07868625582763052
0.07804856309564402
0.07741087036365753
0.07677317763167102
0.07613548489968452
0.07549779216769803
0.07486009943571154
0.07422240670372503
0.07358471397173852
0.0729470212397521
0.07230932850776559
0.07172598231484249
0.07114263612191941
0.07055928992899631
0.06997594373607323
0.06939259754315014
0.06880925135022704
0.06822590515730395
0.06764255896438087
0.06705921277145777
0.06647586657853469
0.06593746686874145
0.06540356180726122
0.06486965674578098
0.06433575168430074
0.0638018466228205
0.06326794156134026
0.06273403649986001
0.062200131438379776
0.06166622637689954
0.0611323213154193
0.06063528843389117
0.06014644937013011
0.05965761030636907
0.05916877124260802
0.05867993217884696
0.05819109311508591
0.05770225405132486
0.057213414987563806
0.05672457592380276
0.056235736860041706
0.05577684122647955
0.055329174379241994
0.05488150753200442
0.05443384068476685
0.053986173837529294
0.05353850699029172
0.05309084014305416
0.052643173295816595
0.052195506448579024
0.05174783960134145
0.05132409967665018
0.05091403227912821
0.05050396488160628
0.05009389748408431
0.04968383008656234
0.04927376268904037
0.048863695291518405
0.04845362789399643
0.048043560496474465
0.04763349309895249
0.04724213719189435
0.04686637419355605
0.046490611195217746
0.04611484819687944
0.04573908519854115
0.045363322200202845
0.04498755920186455
0.04461179620352625
0.04423603320518795
0.04386027020684965
0.04349868809203688
0.04315412303745473
0.04280955798287259
0.04246499292829048
0.04212042787370833
0.04177586281912618
0.041431297764544045
0.041086732709961896
0.04074216765537975
0.04039760260079761
0.040063504553285244
0.03974772376814499
0.03943194298300473
0.039116162197864485
0.038800381412724225
0.03848460062758397
0.03816881984244372
0.037853039057303466
0.03753725827216321
0.03722147748702296
0.036912816104805624
0.03662313979704941
0.03633346348929321
0.036043787181537
0.035754110873780796
0.035464434566024605
0.0351747582582684
0.034885081950512195
0.03459540564275598
0.03430572933499977
0.03402041205487188
0.03375471039907135
0.033489008743270834
0.03322330708747031
0.032957605431669784
0.032691903775869266
0.03242620212006875
0.03216050046426822
0.0318947988084677
0.03162909715266718
0.03136538050506946
0.031121513939499777
0.03087764737393009
0.030633780808360406
0.03038991424279072
0.03014604767722104
0.02990218111165135
0.029658314546081685
0.029414447980512
0.029170581414942318
0.028926714849372634
0.0287028462502504
0.02847897765112816
0.028255109052005924
0.028031240452883684
0.02780737185376145
0.027583503254639215
0.027359634655516975
0.027135766056394735
0.026911897457272498
0.026688028858150265
0.026480781606789815
0.026275196490205547
0.026069611373621286
0.025864026257037015
0.025658441140452744
0.02545285602386848
0.02524727090728421
0.02504168579069994
0.024836100674115694
0.024630515557531426
0.02443860013558551
0.024249722423559224
0.024060844711532935
0.023871966999506652
0.02368308928748037
0.02349421157545408
0.0233053338634278
0.02311645615140151
0.022927578439375228
0.022738700727348942
0.02256095538156657
0.02238738467312567
0.022213813964684765
0.02204024325624386
0.02186667254780296
0.02169310183936206
0.021519531130921154
0.021345960422480253
0.02117238971403935
0.02099881900559846
0.02083410917120461
0.02067446269340907
0.02051481621561353
0.020355169737817987
0.020195523260022448
0.02003587678222691
0.019876230304431367
0.01971658382663583
0.019556937348840286
0.019397290871044748
0.019244758031527552
0.01909815322390897
0.01895154841629039
0.01880494360867181
0.018658338801053227
0.018511733993434643
0.018365129185816065
0.01821852437819748
0.018071919570578902
0.01792531476296032
0.017784045458143695
0.017649178756689424
0.01751431205523514
0.017379445353780856
0.01724457865232657
0.01710971195087229
0.016974845249418006
0.01683997854796372
0.016705111846509437
0.016570245145055156
0.016439306174368232
0.016315240732524185
0.01619117529068014
0.016067109848836095
0.015943044406992048
0.015818978965148
0.015694913523303957
0.01557084808145991
0.015446782639615863
0.01532271719777182
0.015201350575472205
0.015087180805291077
0.014973011035109951
0.014858841264928833
0.014744671494747707
0.01463050172456658
0.014516331954385453
0.014402162184204325
0.014287992414023197
0.014173822643842069
0.014061296225085309
0.013956164887738199
0.013851033550391089
0.013745902213043976
0.01364077087569687
0.013535639538349756
0.013430508201002646
0.013325376863655536
0.013220245526308426
0.013115114188961314
0.013010734468663307
0.012913870918856322
0.012817007369049335
0.012720143819242349
0.012623280269435372
0.012526416719628387
0.0124295531698214
0.012332689620014414
0.012235826070207428
0.012138962520400441
0.012042098970593456
0.011952908053923685
0.011863717137253914
0.011774526220584142
0.011685335303914371
0.0115961443872446
0.011506953470574828
0.011417762553905055
0.011328571637235284
0.011239380720565514
0.011150189803895741
0.011067387362547993
0.010985223768732445
0.0109030601749169
0.010820896581101351
0.010738732987285803
0.010656569393470264
0.010574405799654718
0.010492242205839171
0.010410078612023624
0.010327915018208069
0.010251002812081357
0.010175257580996609
0.010099512349911858
0.010023767118827109
0.00994802188774236
0.00987227665665761
0.009796531425572874
0.009720786194488126
0.009645040963403375
0.009569295732318626
0.009497848520072192
0.009428013064890124
0.009358177609708055
0.009288342154525987
0.00921850669934392
0.009148671244161851
0.009078835788979785
0.009009000333797717
0.008939164878615648
0.00886932942343358
0.008802925158689285
0.008738481574195144
0.008674037989701002
0.008609594405206861
0.008545150820712721
0.00848070723621858
0.008416263651724439
0.008351820067230297
0.008287376482736156
0.008222932898242016
0.008161091338039508
0.008101418131413364
0.008041744924787217
0.00798207171816107
0.007922398511534926
0.00786272530490878
0.007803052098282633
0.007743378891656487
0.007683705685030341
0.007624032478404196
0.007566561237466496
0.007511732355354937
0.007456903473243375
0.0074020745911318134
0.0073472457090202545
0.007292416826908693
0.007237587944797133
0.0071827590626855715
0.007127930180574011
0.00707310129846246
0.007019806281544925
0.006969195528716941
0.006918584775888956
0.006867974023060969
0.006817363270232984
0.006766752517404998
0.006716141764577013
0.006665531011749028
0.006614920258921042
0.006564309506093057
0.006514752850960386
0.0064680071230152235
0.006421261395070063
0.0063745156671248995
0.006327769939179738
0.0062810242112345755
0.006234278483289413
0.0061875327553442515
0.006140787027399089
0.0060940412994539275
0.006047928469313018
0.0060046636792912556
0.005961398889269493
0.00591813409924773
0.005874869309225967
0.005831604519204203
0.00578833972918244
0.005745074939160677
0.005701810149138915
0.005658545359117151
0.005615585036276809
0.005575669385250678
0.005535753734224545
0.005495838083198413
0.005455922432172281
0.005416006781146149
0.005376091130120015
0.005336175479093884
0.005296259828067751
0.005256344177041619
0.005216428526015487
0.0051795375587069
0.005142646591398314
0.005105755624089733
0.005068864656781148
0.005031973689472561
0.004995082722163974
0.004958191754855387
0.0049213007875468
0.004884409820238214
0.004847518852929627
0.004813142216137985
0.004779017012398037
0.004744891808658089
0.004710766604918141
0.004676641401178193
0.004642516197438245
0.004608390993698297
0.004574265789958348
0.004540140586218401
0.004506015382478453
0.004473954847887731
0.004442353128663502
0.004410751409439275
0.004379149690215048
0.004347547970990821
0.004315946251766593
0.004284344532542366
0.004252742813318138
0.004221141094093911
0.004189539374869684
0.004159691918679759
0.0041305023111276986
0.004101312703575638
0.0040721230960235775
0.004042933488471517
0.004013743880919456
0.003984554273367396
0.0039553646658153346
0.003926175058263275
0.003896985450711214
0.0038691562155746973
0.003842104336104205
0.0038150524566337132
0.0037880005771632206
0.0037609486976927283
0.0037338968182222413
0.003706844938751749
0.0036797930592812568
0.0036527411798107645
0.0036256893003402723
0.003599739325327565
0.0035747076040296786
0.003549675882731792
0.003524644161433906
0.0034996124401360197
0.0034745807188381337
0.0034495489975402472
0.003424517276242361
0.0033994855549444748
0.0033744538336465887
0.003350261241130425
0.0033270756031523276
0.0033038899651742313
0.0032807043271961345
0.0032575186892180377
0.003234333051239941
0.0032111474132618437
0.0031879617752837474
0.00316477613730565
0.0031415904993275534
0.003119023373298025
0.0030975386431784913
0.0030760539130589575
0.0030545691829394236
0.00303308445281989
0.0030115997227003564
0.002990114992580822
0.0029686302624612883
0.002947145532341755
0.0029256608022222206
0.002904607210050106
0.0028847033190711087
0.0028647994280921116
0.0028448955371131145
0.0028249916461341174
0.0028050877551551202
0.002785183864176123
0.0027652799731971264
0.002745376082218129
0.0027254721912391357
0.0027058220528547935
0.0026873138011464016
0.002668805549438009
0.002650297297729617
0.0026317890460212244
0.002613280794312832
0.0025947725426044396
0.0025762642908960473
0.002557756039187655
0.002539247787479263
0.002520860243380158
0.002503679775373932
0.0024864993073677065
0.0024693188393614804
0.002452138371355255
0.002434957903349029
0.002417777435342803
0.0024005969673365772
0.0023834164993303516
0.0023662360313241254
0.0023490555633178998
