0.3710640908818141
0.4319234466975217
0.49278280251322915
0.5536421583289368
0.6145015141446442
0.6753608699603518
0.7362202257760593
0.7970795815917668
0.8579389374074743
0.918798293223182
0.9796576490388894
1.0415113717315676
1.1034645311119424
1.1654176904923172
1.2273708498726927
1.2893240092530676
1.3512771686334424
1.4132303280138172
1.4751834873941925
1.5371366467745675
1.5990898061549423
1.6524385993739388
1.7038753112237397
1.7553120230735408
1.806748734923342
1.8581854467731431
1.909622158622944
1.961058870472745
2.012495582322546
2.0639322941723472
2.1153690060221484
2.156623046218762
2.1940585845454312
2.2314941228721
2.268929661198769
2.306365199525438
2.3438007378521073
2.381236276178776
2.418671814505445
2.456107352832114
2.493542891158783
2.5223976975908733
2.546349228654633
2.570300759718393
2.594252290782153
2.618203821845913
2.642155352909673
2.666106883973433
2.6900584150371927
2.7140099461009526
2.737961477164713
2.755707050404119
2.76828099212323
2.7808549338423414
2.793428875561453
2.806002817280564
2.8185767589996753
2.8311507007187866
2.843724642437898
2.856298584157009
2.8688725258761205
2.8773950487920374
2.88105586914412
2.8847166894962033
2.888377509848286
2.8920383302003687
2.895699150552452
2.899359970904535
2.9030207912566177
2.9066816116087004
2.9103424319607836
2.911590291800074
2.9086154707419762
2.9056406496838796
2.9026658286257825
2.899691007567686
2.8967161865095887
2.8937413654514916
2.8907665443933945
2.887791723335298
2.884816902277201
2.8805513724598657
2.8728439526178953
2.865136532775925
2.857429112933955
2.8497216930919844
2.8420142732500144
2.834306853408044
2.8265994335660736
2.818892013724103
2.811184593882133
2.802890343598226
2.7919553563256025
2.7810203690529796
2.7700853817803566
2.759150394507733
2.7482154072351106
2.737280419962487
2.7263454326898637
2.7154104454172407
2.7044754581446173
2.693351862222877
2.6803421798099603
2.6673324973970436
2.6543228149841274
2.6413131325712107
2.6283034501582945
2.615293767745378
2.602284085332461
2.5892744029195445
2.5762647205066282
2.5632550380937116
2.548981805890725
2.5347085736877393
2.5204353414847525
2.506162109281766
2.4918888770787797
2.4776156448757938
2.4633424126728074
2.449069180469821
2.4347959482668347
2.4205227160638483
2.4057495672669673
2.390926426810697
2.3761032863544265
2.3612801458981556
2.3464570054418856
2.3316338649856148
2.316810724529345
2.3019875840730744
2.287164443616804
2.2723413031605335
2.257445737353772
2.242534077024679
2.2276224166955867
2.212710756366494
2.1977990960374005
2.1828874357083077
2.167975775379215
2.153064115050123
2.1381524547210295
2.1232407943919367
2.1084829733154478
2.0937828419586855
2.0790827106019227
2.0643825792451604
2.049682447888398
2.0349823165316354
2.0202821851748727
2.0055820538181104
1.9908819224613483
1.9761817911045856
1.9617608674887186
1.9474994911533625
1.933238114818007
1.9189767384826515
1.9047153621472956
1.89045398581194
1.8761926094765844
1.8619312331412285
1.847669856805873
1.8334084804705175
1.8194633707755643
1.8057818166142794
1.7921002624529947
1.77841870829171
1.7647371541304255
1.751055599969141
1.7373740458078561
1.7236924916465715
1.7100109374852868
1.6963293833240018
1.6829657893935148
1.6699837477399837
1.6570017060864528
1.644019664432922
1.6310376227793908
1.61805558112586
1.605073539472329
1.592091497818798
1.5791094561652672
1.566127414511736
1.5534156857235113
1.5411770044495718
1.528938323175632
1.5166996419016925
1.5044609606277528
1.4922222793538134
1.479983598079874
1.4677449168059344
1.4555062355319943
1.4432675542580553
1.4312384313376525
1.4197681306933478
1.4082978300490434
1.396827529404739
1.385357228760434
1.37388692811613
1.3624166274718252
1.3509463268275206
1.3394760261832162
1.3280057255389122
1.3166756834994722
1.3059768051819236
1.295277926864375
1.2845790485468267
1.273880170229278
1.2631812919117293
1.252482413594181
1.2417835352766324
1.2310846569590839
1.2203857786415353
1.2097558632443806
1.1998155770511576
1.1898752908579344
1.1799350046647112
1.1699947184714885
1.1600544322782653
1.1501141460850421
1.1401738598918192
1.1302335736985962
1.1202932875053733
1.11035300131215
1.1011475251746947
1.0919420490372387
1.0827365728997829
1.073531096762327
1.0643256206248712
1.0551201444874152
1.0459146683499592
1.0367091922125033
1.0275037160750475
1.0182982399375917
1.009732367723321
1.0012304559013694
0.9927285440794171
0.9842266322574649
0.9757247204355128
0.9672228086135608
0.9587208967916085
0.9502189849696564
0.9417170731477043
0.9332151613257521
0.9252332090736645
0.9173668033926576
0.9095003977116515
0.9016339920306446
0.8937675863496379
0.8859011806686312
0.8780347749876245
0.8701683693066178
0.862301963625611
0.8544355579446044
0.8470386807131264
0.8398178766502218
0.8325970725873172
0.8253762685244128
0.8181554644615082
0.8109346603986036
0.8037138563356989
0.7964930522727944
0.7892722482098897
0.7820514441469851
0.7752258023356836
0.7686259675252979
0.7620261327149125
0.755426297904527
0.7488264630941416
0.7422266282837562
0.7356267934733706
0.729026958662985
0.7224271238525994
0.7158272890422139
0.7095186736723645
0.7034527411696286
0.6973868086668928
0.6913208761641569
0.6852549436614214
0.6791890111586856
0.6731230786559497
0.6670571461532138
0.6609912136504779
0.6549252811477422
0.6490942081560761
0.6435449665776939
0.6379957249993118
0.6324464834209296
0.6268972418425474
0.6213480002641654
0.6157987586857833
0.610249517107401
0.604700275529019
0.5991510339506367
0.5937677336478644
0.5886748305774095
0.5835819275069547
0.5784890244364997
0.5733961213660448
0.5683032182955899
0.5632103152251353
0.5581174121546804
0.5530245090842255
0.5479316060137707
0.542964330503629
0.5383320618209895
0.5336997931383499
0.5290675244557104
0.5244352557730708
0.5198029870904313
0.5151707184077917
0.5105384497251524
0.5059061810425128
0.5012739123598733
0.49671083452673986
0.4924591155163838
0.48820739650602774
0.4839556774956718
0.47970395848531566
0.4754522394749596
0.4712005204646036
0.46694880145424755
0.4626970824438917
0.4584453634335356
0.4542279377309111
0.4503534451056017
0.4464789524802924
0.44260445985498303
0.4387299672296737
0.4348554746043644
0.4309809819790551
0.42710648935374573
0.42323199672843637
0.4193575041031272
0.4154830114778179
0.4119359166129385
0.40838882174805907
0.4048417268831796
0.4012946320183002
0.39774753715342076
0.39420044228854134
0.39065334742366187
0.3871062525587824
0.383559157693903
0.3800120628290237
0.37674617548582456
0.3735084088947934
0.3702706423037622
0.367032875712731
0.3637951091216999
0.36055734253066873
0.3573195759396376
0.35408180934860645
0.35084404275757525
0.3476062761665442
0.3446027451548731
0.3416512664941709
0.3386997878334687
0.3357483091727665
0.33279683051206427
0.32984535185136205
0.3268938731906599
0.32394239452995766
0.32099091586925543
0.3180394372085532
0.3152734932012677
0.3125771246890132
0.30988075617675875
0.30718438766450423
0.30448801915224977
0.30179165063999536
0.2990952821277409
0.2963989136154864
0.2937025451032319
0.29100617659097744
0.288460163407198
0.2860000675539757
0.2835399717007533
0.2810798758475309
0.27861977999430854
0.27615968414108616
0.2736995882878638
0.2712394924346414
0.26877939658141903
0.26631930072819665
0.263976846308919
0.2617324264179286
0.2594880065269383
0.257243586635948
0.25499916674495765
0.25275474685396726
0.25051032696297687
0.2482659070719865
0.24602148718099615
0.24377706729000578
0.24162403690886605
0.23958067393954707
0.23753731097022812
0.23549394800090911
0.23345058503159022
0.2314072220622712
0.22936385909295226
0.2273204961236333
0.22527713315431452
0.22323377018499554
0.22125493397257098
0.21938901958471174
0.21752310519685245
0.2156571908089932
0.21379127642113394
0.21192536203327467
0.2100594476454154
0.20819353325755613
0.20632761886969686
0.2044617044818376
0.20263945474592776
0.2009336440818831
0.19922783341783845
0.19752202275379377
0.19581621208974914
0.19411040142570446
0.1924045907616598
0.19069878009761515
0.1889929694335705
0.18728715876952584
0.18560846153246158
0.18405177471680825
0.18249508790115496
0.18093840108550166
0.17938171426984834
0.17782502745419504
0.17626834063854174
0.17471165382288845
0.17315496700723515
0.17159828019158185
0.17005414967799884
0.16863558218511857
0.16721701469223826
0.16579844719935802
0.16437987970647777
0.16296131221359747
0.1615427447207172
0.16012417722783695
0.15870560973495668
0.1572870422420764
0.15586847474919613
0.15457118495101296
0.1532738951528299
0.1519766053546467
0.15067931555646355
0.14938202575828036
0.1480847359600972
0.146787446161914
0.1454901563637308
0.14419286656554764
0.14289557676736445
0.14170090947921518
0.14051650444206928
0.13933209940492342
0.13814769436777752
0.13696328933063162
0.13577888429348572
0.13459447925633983
0.13341007421919396
0.1322256691820481
0.1310412641449022
0.1299409325896097
0.12885928403028463
0.12777763547095963
0.12669598691163458
0.12561433835230948
0.12453268979298442
0.12345104123365933
0.12236939267433425
0.12128774411500919
0.1202060955556841
0.11919261417397746
0.11820469548387773
0.11721677679377801
0.11622885810367826
0.11524093941357855
0.11425302072347882
0.11326510203337908
0.11227718334327935
0.11128926465317963
0.1103013459630799
0.10936692644885328
0.1084630778922684
0.10755922933568354
0.1066553807790987
0.1057515322225139
0.10484768366592906
0.10394383510934418
0.10303998655275932
0.10213613799617446
0.10123228943958962
0.1003716229410161
0.09954694149078538
0.09872226004055468
0.09789757859032397
0.09707289714009326
0.09624821568986254
0.09542353423963182
0.09459885278940112
0.0937741713391704
0.09294948988893968
0.09215699016355954
0.09140310850800007
0.09064922685244058
0.08989534519688111
0.08914146354132163
0.08838758188576215
0.08763370023020275
0.08687981857464326
0.0861259369190838
0.08537205526352432
0.08464161793482186
0.0839522081781192
0.08326279842141654
0.08257338866471389
0.08188397890801125
0.08119456915130857
0.08050515939460592
0.07981574963790326
0.07912633988120062
0.07843693012449794
0.07776343626108494
0.07713238477977769
0.07650133329847043
0.07587028181716317
0.0752392303358559
0.07460817885454865
0.07397712737324139
0.07334607589193413
0.07271502441062692
0.07208397292931966
0.07146279008550278
0.07088601611039262
0.07030924213528247
0.06973246816017231
0.06915569418506215
0.068578920209952
0.06800214623484184
0.06742537225973169
0.06684859828462153
0.06627182430951137
0.06569948728966185
0.06517151982241871
0.06464355235517556
0.06411558488793243
0.06358761742068927
0.06305964995344614
0.062531682486203
0.06200371501895985
0.06147574755171671
0.06094778008447361
0.060419812617230464
0.05993656016615717
0.05945330771508388
0.05897005526401058
0.05848680281293729
0.058003550361864
0.05752029791079069
0.0570370454597174
0.056553793008644104
0.05607054055757081
0.05558728810649752
0.05514106820286783
0.05469855155398248
0.05425603490509716
0.05381351825621182
0.05337100160732648
0.05292848495844116
0.05248596830955582
0.05204345166067049
0.05160093501178515
0.05115841836289982
0.050746189858450905
0.05034069205276559
0.049935194247080275
0.04952969644139497
0.049124198635709646
0.04871870083002433
0.048313203024339016
0.0479077052186537
0.047502207412968386
0.04709670960728307
0.04671596667774868
0.046344506826770875
0.04597304697579307
0.04560158712481527
0.04523012727383746
0.04485866742285966
0.04448720757188186
0.044115747720904055
0.04374428786992625
0.04337282801894845
0.04302107616994342
0.04268058603635141
0.04234009590275943
0.04199960576916742
0.04165911563557541
0.0413186255019834
0.040978135368391386
0.040637645234799374
0.04029715510120736
0.03995666496761535
0.03963159306294366
0.03931936968237222
0.03900714630180077
0.03869492292122933
0.03838269954065789
0.03807047616008645
0.037758252779515014
0.03744602939894357
0.03713380601837213
0.036821582637800686
0.03652125598820556
0.03623520541578201
0.03594915484335846
0.03566310427093494
0.0353770536985114
0.03509100312608785
0.0348049525536643
0.03451890198124075
0.034232851408817204
0.033946800836393655
0.03366921962275246
0.03340645978698038
0.033143699951208305
0.032880940115436234
0.032618180279664157
0.032355420443892086
0.03209266060812001
0.03182990077234793
0.03156714093657585
0.03130438110080378
0.0310475028141795
0.030806308658616006
0.030565114503052514
0.03032392034748902
0.030082726191925528
0.029841532036362056
0.029600337880798567
0.029359143725235074
0.02911794956967158
0.02887675541410809
0.028639151046651216
0.02841770072567415
0.02819625040469708
0.027974800083720015
0.027753349762742942
0.027531899441765876
0.02731044912078881
0.02708899879981174
0.02686754847883467
0.026646098157857605
0.026426306890721566
0.026223106161995847
0.026019905433270128
0.025816704704544405
0.025613503975818686
0.025410303247092966
0.025207102518367247
0.025003901789641545
0.024800701060915822
0.024597500332190103
0.024394299603464384
0.02420745926328941
0.024020618923114447
0.023833778582939474
0.023646938242764502
0.023460097902589537
0.023273257562414565
0.023086417222239593
0.022899576882064624
0.022712736541889655
0.022525896201714683
0.02235282830479261
0.02218113765219582
0.022009446999599044
0.021837756347002253
0.02166606569440547
0.021494375041808685
0.0213226843892119
0.021150993736615116
0.020979303084018346
0.02080761243142156
0.02064723558842974
0.020489372925350136
0.02033151026227053
0.02017364759919093
0.020015784936111322
0.019857922273031715
0.019700059609952112
0.01954219694687251
0.019384334283792902
0.0192264716207133
0.019077848549063598
0.01893269032420011
0.01878753209933662
0.018642373874473133
0.018497215649609648
0.01835205742474616
0.01820689919988267
0.018061740975019183
0.017916582750155695
0.01777142452529222
0.01763349797461984
0.01749970380919952
0.017365909643779195
0.017232115478358876
0.017098321312938557
0.016964527147518234
0.01683073298209791
0.01669693881667759
0.01656314465125727
0.016429350485836946
0.016301542624956332
0.016178723351192137
0.01605590407742794
0.015933084803663743
0.015810265529899545
0.01568744625613535
0.015564626982371153
0.015441807708606956
0.015318988434842761
0.015196169161078563
0.015077785972929367
0.014964726087518174
0.014851666202106973
0.014738606316695772
0.014625546431284569
0.014512486545873365
0.014399426660462164
0.014286366775050963
0.014173306889639761
0.014060247004228558
0.013950433998880638
0.013846303033643459
0.013742172068406281
0.013638041103169105
0.013533910137931926
0.01342977917269475
0.013325648207457571
0.013221517242220395
0.013117386276983216
0.013013255311746038
0.012911339482223666
0.012815330681274112
0.012719321880324558
0.012623313079375009
0.012527304278425456
0.012431295477475901
0.012335286676526346
0.012239277875576791
0.012143269074627237
0.012047260273677682
0.011952648610823917
0.011864324069401216
0.011775999527978516
0.011687674986555813
0.011599350445133114
0.011511025903710413
0.01142270136228771
0.01133437682086501
0.011246052279442309
0.01115772773801961
0.011070026439100275
0.010988557565214609
0.010907088691328944
0.010825619817443281
0.010744150943557624
0.010662682069671959
0.010581213195786292
0.01049974432190063
0.010418275448014963
0.010336806574129298
0.010255337700243634
0.010180247452199193
0.010105157204154752
0.010030066956110311
0.009954976708065869
0.009879886460021428
0.009804796211976989
0.009729705963932547
0.009654615715888106
0.009579525467843663
0.009504435219799224
0.009434687110091173
0.009365473214216758
0.009296259318342345
0.009227045422467932
0.009157831526593517
0.00908861763071911
0.009019403734844696
0.008950189838970283
0.00888097594309587
0.00881176204722145
0.00874691685832889
0.008683042493210074
0.00861916812809126
0.008555293762972444
0.008491419397853629
0.008427545032734813
0.008363670667616008
0.008299796302497192
0.008235921937378378
0.008172047572259561
0.008111760708068216
0.008052819156724672
0.007993877605381127
0.007934936054037584
0.007875994502694038
0.007817052951350493
0.007758111400006949
0.007699169848663404
0.0076402282973198595
0.007581286745976315
0.00752522684630247
0.007470813604725597
0.007416400363148722
0.0073619871215718485
0.007307573879994976
0.007253160638418101
0.0071987473968412275
0.007144334155264354
0.00708992091368748
0.007035507672110606
0.006983153730551237
0.006932515872339789
0.00688187801412834
0.006831240155916893
0.006780602297705444
0.006729964439493996
0.0066793265812825475
0.006628688723071099
0.00657805086485965
0.006527413006648202
0.006478713305029563
0.006432339391322297
0.006385965477615032
0.006339591563907766
0.006293217650200501
0.006246843736493235
0.00620046982278597
0.006154095909078703
0.006107721995371438
0.00606134808166418
0.006016258673928147
0.005973417151641773
0.005930575629355398
0.005887734107069023
0.005844892584782649
0.0058020510624962746
0.005759209540209901
0.005716368017923526
0.005673526495637151
0.005630684973350776
0.005588727127113923
0.005549125750342457
0.00550952437357099
0.005469922996799524
0.0054303216200280585
0.005390720243256592
0.005351118866485126
0.00531151748971366
0.0052719161129421935
0.005232314736170728
0.0051932521581286376
0.005156614174368743
0.005119976190608848
0.0050833382068489535
0.005046700223089059
0.005010062239329164
0.0049734242555692695
0.004936786271809375
0.00490014828804948
0.0048635103042895846
0.0048271183593905816
0.004793186803100487
0.004759255246810393
0.004725323690520298
0.004691392134230202
0.004657460577940108
0.004623529021650013
0.004589597465359918
0.004555665909069824
0.0045217343527797285
0.004487802796489635
0.004456462806474827
0.0044251228164600195
0.004393782826445217
0.0043624428364304095
0.004331102846415601
0.004299762856400793
0.0042684228663859855
0.0042370828763711775
0.00420574288635637
0.004174402896341562
0.004145181594919408
0.00411617216235652
0.004087162729793632
0.004058153297230744
0.004029143864667855
0.004000134432104967
0.003971124999542079
0.0039421155669791905
0.003913106134416302
0.0038840967018534144
0.003856820371908068
0.0038299291758777305
0.0038030379798473933
0.0037761467838170557
0.0037492555877867186
0.0037223643917563814
0.003695473195726044
0.003668581999695707
0.0036416908036653694
0.0036147996076350323
0.003589375915055202
0.0035645025362693126
0.003539629157483423
0.0035147557786975327
0.0034898823999116434
0.0034650090211257537
0.0034401356423398636
0.003415262263553974
0.0033903888847680846
0.0033655155059821944
0.0033418063957531803
0.0033187625818423805
0.0032957187679315807
0.0032726749540207805
0.0032496311401099803
0.0032265873261991844
0.003203543512288385
0.0031804996983775848
0.003157455884466785
0.003134412070555985
0.00311228806320673
0.00309093056132543
0.0030695730594441292
0.003048215557562829
0.0030268580556815283
0.0030055005538002283
0.0029841430519189282
0.0029627855500376273
0.0029414280481563273
0.002920070546275027
0.002899406575503709
0.0028795748420643716
0.0028597431086250335
0.0028399113751856955
0.002820079641746358
0.00280024790830702
0.002780416174867682
0.0027605844414283444
0.0027407527079890063
0.0027209209745496683
0.0027016334772791395
0.0026832983933040254
0.0026649633093289117
0.002646628225353798
0.002628293141378684
0.00260995805740357
0.002591622973428456
0.002573287889453342
0.0025549528054782285
0.0025366177215031143
0.002518637396189294
0.0025016030939722547
0.0024845687917552156
0.002467534489538176
0.0024505001873211373
0.0024334658851040986
0.002416431582887059
0.0023993972806700204
0.002382362978452981
0.0023653286762359447
0.0023485079763621965
0.0023326484870332545
0.0023167889977043126
0.0023009295083753706
0.002285070019046429
0.0022692105297174876
0.0022533510403885456
0.0022374915510596036
0.0022216320617306617
0.0022057725724017197
0.00219001474913141
0.0021752735864474155
0.0021605324237634217
0.002145791261079428
0.002131050098395434
0.0021163089357114397
0.002101567773027446
0.002086826610343452
0.0020720854476594577
0.002057344284975464
0.00204260312229147
