7.802611557366752
7.63900401122618
7.475396465085607
7.311788918945036
7.148181372804464
6.984573826663892
6.82096628052332
6.657358734382749
6.493751188242176
6.330143642101604
6.166536095961033
6.065385856368279
5.970481347430308
5.875576838492337
5.780672329554365
5.685767820616394
5.590863311678422
5.495958802740451
5.401054293802479
5.306149784864507
5.211245275926537
5.140882462978298
5.075973360250002
5.011064257521705
4.946155154793408
4.88124605206511
4.816336949336814
4.751427846608517
4.686518743880221
4.621609641151924
4.556700538423627
4.502974539259184
4.453442203931187
4.40390986860319
4.354377533275192
4.304845197947196
4.255312862619198
4.205780527291202
4.156248191963204
4.106715856635207
4.05718352130721
4.013257256537152
3.972534460657344
3.9318116647775363
3.8910888688977288
3.8503660730179217
3.8096432771381137
3.768920481258306
3.7281976853784986
3.687474889498691
3.646752093618883
3.6091138231494795
3.5740459905220776
3.538978157894677
3.5039103252672756
3.468842492639874
3.433774660012473
3.3987068273850713
3.36363899475767
3.328571162130269
3.2935033295028675
3.260282422043415
3.229277824785501
3.198273227527587
3.1672686302696738
3.1362640330117593
3.1052594357538448
3.074254838495931
3.043250241238017
3.012245643980103
2.981241046722189
2.9514027918030306
2.9236056359766938
2.895808480150357
2.86801132432402
2.840214168497684
2.8124170126713466
2.78461985684501
2.7568227010186734
2.7290255451923366
2.7012283893659994
2.674168412516712
2.6490742462728862
2.6239800800290616
2.5988859137852365
2.573791747541412
2.5486975812975867
2.5236034150537616
2.4985092488099365
2.4734150825661114
2.448320916322287
2.4236574082659175
2.400931862053099
2.37820631584028
2.355480769627462
2.332755223414643
2.310029677201825
2.287304130989006
2.2645785847761877
2.2418530385633693
2.2191274923505504
2.1965946775571354
2.175989176957748
2.155383676358361
2.1347781757589734
2.1141726751595864
2.0935671745601994
2.0729616739608123
2.0523561733614253
2.031750672762038
2.0111451721626503
1.9905396715632633
1.971851618642542
1.9531635657218205
1.9344755128010986
1.9157874598803768
1.8970994069596554
1.878411354038934
1.8597233011182124
1.8410352481974903
1.8223471952767687
1.803659142356047
1.786555149864405
1.7696095634156714
1.7526639769669374
1.735718390518203
1.7187728040694692
1.7018272176207352
1.6848816311720016
1.6679360447232674
1.6509904582745334
1.6340448718257992
1.6183971553361676
1.6030378543930028
1.5876785534498388
1.5723192525066745
1.5569599515635095
1.5416006506203452
1.5262413496771807
1.5108820487340164
1.495522747790852
1.4801634468476872
1.4658546014390177
1.4519396768557837
1.4380247522725496
1.4241098276893154
1.4101949031060812
1.396279978522847
1.3823650539396128
1.3684501293563789
1.354535204773145
1.3406202801899108
1.327542166557185
1.314942230610464
1.3023422946637428
1.2897423587170223
1.277142422770301
1.2645424868235802
1.2519425508768594
1.239342614930138
1.2267426789834173
1.2141427430366964
1.2021952029352896
1.190791326038311
1.1793874491413328
1.1679835722443543
1.1565796953473761
1.1451758184503977
1.1337719415534195
1.122368064656441
1.1109641877594627
1.0995603108624843
1.088650570783351
1.0783337948856313
1.0680170189879112
1.0577002430901916
1.0473834671924718
1.0370666912947522
1.0267499153970323
1.0164331394993125
1.0061163636015926
0.9957995877038728
0.9858417569784192
0.976512080304431
0.9671824036304426
0.9578527269564545
0.9485230502824662
0.939193373608478
0.9298636969344899
0.9205340202605017
0.9112043435865131
0.9018746669125253
0.8927892050644896
0.8843549827523273
0.8759207604401651
0.8674865381280028
0.8590523158158405
0.8506180935036782
0.842183871191516
0.8337496488793537
0.8253154265671915
0.8168812042550295
0.8085945572089369
0.8009719988601567
0.7933494405113766
0.7857268821625966
0.7781043238138163
0.7704817654650363
0.7628592071162561
0.7552366487674761
0.747614090418696
0.7399915320699159
0.7324358007139933
0.7255483392866422
0.7186608778592911
0.71177341643194
0.7048859550045891
0.697998493577238
0.6911110321498869
0.6842235707225358
0.6773361092951848
0.6704486478678338
0.6635611864404827
0.6573389788647235
0.651116771288964
0.6448945637132044
0.638672356137445
0.6324501485616856
0.6262279409859262
0.6200057334101666
0.6137835258344072
0.6075613182586477
0.6013391106828883
0.5956638216666422
0.5900432245063477
0.584422627346053
0.5788020301857583
0.5731814330254635
0.5675608358651689
0.5619402387048742
0.5563196415445795
0.5506990443842847
0.54507844722399
0.5399027555909383
0.5348259318528292
0.5297491081147206
0.5246722843766117
0.5195954606385028
0.5145186369003939
0.509441813162285
0.5043649894241761
0.4992881656860672
0.4942113419479583
0.48949172076126535
0.48490605053135344
0.4803203803014415
0.47573471007152973
0.47114903984161777
0.4665633696117058
0.4619776993817939
0.457392029151882
0.45280635892196996
0.44822068869205806
0.4439172251452435
0.4397750225601988
0.4356328199751542
0.4314906173901095
0.427348414805065
0.4232062122200204
0.4190640096349757
0.4149218070499311
0.4107796044648864
0.40663740187984176
0.40271352229636886
0.3989715785475392
0.3952296347987095
0.3914876910498798
0.3877457473010502
0.3840038035522205
0.3802618598033908
0.37651991605456103
0.37277797230573134
0.36903602855690165
0.36545823832278834
0.3620774323063347
0.35869662628988114
0.35531582027342756
0.35193501425697393
0.3485542082405205
0.3451734022240669
0.3417925962076133
0.33841179019115974
0.3350309841747061
0.3317686285001638
0.32871356092396603
0.3256584933477683
0.32260342577157064
0.3195483581953729
0.3164932906191752
0.31343822304297764
0.3103831554667799
0.30732808789058225
0.3042730203143845
0.30129807779384377
0.29853680208838834
0.2957755263829329
0.2930142506774775
0.29025297497202207
0.2874916992665667
0.2847304235611113
0.28196914785565597
0.27920787215020054
0.2764465964447452
0.27373349165510324
0.27123715598662196
0.2687408203181407
0.26624448464965955
0.26374814898117827
0.261251813312697
0.2587554776442158
0.2562591419757345
0.2537628063072534
0.25126647063877217
0.24879185235489712
0.24653440791708447
0.2442769634792718
0.24201951904145913
0.23976207460364646
0.23750463016583379
0.2352471857280211
0.23298974129020844
0.23073229685239574
0.22847485241458318
0.2262174079767705
0.22417536671383229
0.2221333254508941
0.22009128418795584
0.2180492429250176
0.21600720166207937
0.21396516039914115
0.21192311913620293
0.20988107787326468
0.2078390366103265
0.20579699534738835
0.20393787772270935
0.2020970524618563
0.20025622720100325
0.19841540194015017
0.19657457667929712
0.19473375141844407
0.19289292615759102
0.19105210089673794
0.18921127563588486
0.18737045037503192
0.1856662166405645
0.1839923365786273
0.18231845651669004
0.18064457645475282
0.1789706963928156
0.17729681633087835
0.17562293626894113
0.1739490562070039
0.17227517614506668
0.17060129608312943
0.16904249085717246
0.16752683869470802
0.1660111865322436
0.16449553436977912
0.16297988220731469
0.16146423004485022
0.15994857788238578
0.15843292571992135
0.15691727355745688
0.15540162139499245
0.1539768001041655
0.15260388216856008
0.15123096423295457
0.1498580462973491
0.1484851283617436
0.14711221042613812
0.14573929249053263
0.14436637455492712
0.14299345661932164
0.14162053868371616
0.140319594803089
0.13907862930161044
0.13783766380013193
0.1365966982986534
0.13535573279717486
0.13411476729569627
0.13287380179421773
0.1316328362927392
0.13039187079126063
0.12915090528978207
0.12796111205255645
0.12683272553243438
0.1257043390123123
0.12457595249219021
0.12344756597206814
0.12231917945194606
0.12119079293182397
0.12006240641170188
0.1189340198915799
0.11780563337145782
0.11671543557666719
0.11569206805120662
0.11466870052574603
0.11364533300028545
0.11262196547482488
0.11159859794936429
0.11057523042390371
0.10955186289844313
0.10852849537298255
0.10750512784752196
0.10650762685329
0.10557910327566764
0.1046505796980453
0.10372205612042293
0.10279353254280059
0.10186500896517824
0.10093648538755588
0.10000796180993353
0.09907943823231118
0.09815091465468884
0.09723796645527857
0.09639510745782233
0.09555224846036608
0.09470938946290984
0.0938665304654536
0.09302367146799737
0.09218081247054112
0.09133795347308488
0.09049509447562863
0.08965223547817239
0.08881641794403336
0.08805101504306631
0.08728561214209928
0.08652020924113223
0.08575480634016519
0.08498940343919816
0.08422400053823112
0.08345859763726408
0.08269319473629705
0.08192779183533
0.08116238893436296
0.08046696273684928
0.07977153653933566
0.07907611034182196
0.0783806841443083
0.0776852579467946
0.07698983174928092
0.07629440555176722
0.07559897935425355
0.07490355315673987
0.07420812695922618
0.0735702596466241
0.07293814822251317
0.07230603679840225
0.07167392537429132
0.07104181395018039
0.07040970252606947
0.06977759110195854
0.06914547967784762
0.06851336825373669
0.06788125682962577
0.06729597742385345
0.06672110513326747
0.06614623284268153
0.06557136055209559
0.0649964882615096
0.06442161597092363
0.06384674368033766
0.06327187138975168
0.0626969990991657
0.06212212680857974
0.061584982123833405
0.06106198529127695
0.060538988458720494
0.060015991626164035
0.059492994793607576
0.058969997961051124
0.058447001128494665
0.05792400429593821
0.057401007463381754
0.056878010630825294
0.0563848480959088
0.05590873373107229
0.05543261936623577
0.054956505001399265
0.054480390636562785
0.05400427627172627
0.05352816190688976
0.05305204754205324
0.05257593317721673
0.05209981881238021
0.051646922740113184
0.0512133752449874
0.05077982774986161
0.05034628025473582
0.04991273275961004
0.04947918526448425
0.04904563776935847
0.048612090274232675
0.048178542779106895
0.04774499528398111
0.04732896464642486
0.04693395423795205
0.04653894382947924
0.046143933421006436
0.045748923012533624
0.04535391260406082
0.04495890219558804
0.04456389178711524
0.04416888137864243
0.043773870970169625
0.04339154769734036
0.04303142691188731
0.04267130612643425
0.0423111853409812
0.04195106455552815
0.04159094377007509
0.041230822984622044
0.040870702199168996
0.04051058141371593
0.040150460628262885
0.039798998357984575
0.03947062546150557
0.03914225256502657
0.03881387966854757
0.038485506772068565
0.03815713387558957
0.037828760979110566
0.037500388082631564
0.037172015186152596
0.03684364228967359
0.036520702127103344
0.03622220926712248
0.03592371640714163
0.035625223547160766
0.03532673068717991
0.03502823782719905
0.03472974496721819
0.034431252107237326
0.03413275924725647
0.03383426638727561
0.03353802529618407
0.033264301893985715
0.03299057849178736
0.032716855089589
0.032443131687390644
0.03216940828519228
0.03189568488299393
0.031621961480795574
0.03134823807859721
0.031074514676398882
0.030800791274200524
0.030550923278416617
0.030301055282632706
0.030051187286848795
0.029801319291064887
0.02955145129528098
0.02930158329949707
0.02905171530371316
0.028801847307929253
0.028551979312145342
0.02830211131636143
0.028071856257148566
0.027843562491592793
0.027615268726037027
0.02738697496048126
0.02715868119492549
0.02693038742936972
0.02670209366381395
0.026473799898258186
0.026245506132702417
0.026017212367146648
0.025804967113860402
0.025596288196634023
0.02538760927940764
0.025178930362181263
0.024970251444954884
0.024761572527728506
0.024552893610502127
0.024344214693275745
0.024135535776049367
0.023926856858822988
0.023731154509065107
0.023540318372107915
0.02334948223515072
0.023158646098193524
0.022967809961236332
0.022776973824279137
0.02258613768732194
0.022395301550364746
0.02220446541340755
0.02201362927645036
0.021833128509488268
0.021658533668237667
0.02148393882698708
0.021309343985736477
0.021134749144485876
0.020960154303235272
0.02078555946198467
0.020610964620734067
0.020436369779483467
0.020261774938232866
0.02009524252366543
0.019935428798000643
0.019775615072335852
0.019615801346671066
0.019455987621006275
0.019296173895341488
0.019136360169676698
0.018976546444011907
0.01881673271834712
0.01865691899268233
0.018503174949029835
0.01835671452379209
0.018210254098554347
0.018063793673316616
0.017917333248078874
0.01777087282284113
0.017624412397603387
0.01747795197236564
0.017331491547127896
0.017185031121890154
0.01704308584042623
0.01690904206056651
0.016774998280706784
0.016640954500847065
0.01650691072098734
0.016372866941127613
0.01623882316126789
0.01610477938140817
0.015970735601548443
0.01583669182168872
0.01570569872435096
0.015582840780405107
0.015459982836459253
0.0153371248925134
0.015214266948567548
0.015091409004621706
0.01496855106067585
0.014845693116729997
0.014722835172784145
0.014599977228838292
0.01447897617724243
0.014366331141221537
0.014253686105200647
0.014141041069179756
0.014028396033158861
0.01391575099713797
0.013803105961117078
0.013690460925096185
0.013577815889075293
0.0134651708530544
0.013353373262487995
0.013250050126466434
0.013146726990444871
0.013043403854423308
0.012940080718401747
0.012836757582380186
0.012733434446358624
0.012630111310337071
0.01252678817431551
0.012423465038293948
0.012320141902272387
0.012225320722767575
0.01213049954326276
0.012035678363757947
0.011940857184253133
0.01184603600474832
0.011751214825243507
0.011656393645738694
0.01156157246623388
0.011466751286729067
0.011371930107224254
0.011284168439757675
0.011197112723494919
0.011110057007232166
0.01102300129096941
0.010935945574706653
0.0108488898584439
0.010761834142181143
0.010674778425918388
0.01058772270965564
0.010500666993392886
0.010419424069850636
0.010339472878024055
0.010259521686197473
0.010179570494370892
0.01009961930254431
0.010019668110717729
0.009939716918891148
0.009859765727064566
0.009779814535237985
0.009699863343411403
0.009624631726785442
0.009551169950859714
0.009477708174933984
0.009404246399008255
0.009330784623082528
0.009257322847156798
0.00918386107123107
0.009110399295305341
0.009036937519379612
0.00896347574345389
0.008893686552786948
0.008825995982267881
0.008758305411748815
0.008690614841229748
0.008622924270710684
0.008555233700191619
0.00848754312967255
0.008419852559153486
0.00835216198863442
0.008284471418115353
0.008219851785548463
0.00815779126794172
0.008095730750334975
0.00803367023272823
0.007971609715121487
0.007909549197514743
0.007847488679908
0.007785428162301255
0.007723367644694511
0.007661307127087767
0.007601501418388523
0.007544401480378282
0.007487301542368038
0.00743020160435779
0.007373101666347546
0.0073160017283373
0.007258901790327055
0.007201801852316809
0.007144701914306564
0.007087601976296318
0.00703215874690418
0.006979614757593729
0.006927070768283279
0.006874526778972829
0.006821982789662378
0.006769438800351928
0.006716894811041477
0.006664350821731027
0.0066118068324205765
0.006559262843110126
0.006507856200730844
0.006459482483501341
0.00641110876627184
0.006362735049042341
0.00631436133181284
0.006265987614583338
0.0062176138973538365
0.006169240180124335
0.006120866462894833
0.00607249274566533
0.006024813896904001
0.005980261956249445
0.005935710015594889
0.005891158074940332
0.005846606134285778
0.005802054193631221
0.005757502252976666
0.00571295031232211
0.005668398371667554
0.005623846431012998
0.0055796131140828315
0.005538566034396545
0.005497518954710259
0.005456471875023973
0.00541542479533769
0.005374377715651404
0.005333330635965117
0.005292283556278831
0.005251236476592544
0.005210189396906258
0.005169142317219972
0.005131311133583999
0.005093479949948027
0.005055648766312053
0.00501781758267608
0.004979986399040107
0.004942155215404134
0.004904324031768161
0.004866492848132188
0.004828661664496215
0.004790830480860242
0.0047556802702688064
0.004720798156981825
0.004685916043694845
0.004651033930407863
0.004616151817120882
0.004581269703833905
0.004546387590546924
0.004511505477259942
0.004476623363972962
0.004441741250685977
0.004409074768015174
0.0043769006477035214
0.00434472652739187
0.0043125524070802175
0.004280378286768565
0.004248204166456912
0.0042160300461452655
0.004183855925833613
0.004151681805521961
0.0041195076852103074
0.004089146049034021
0.004059464094408495
0.004029782139782971
0.004000100185157445
0.00397041823053192
0.003940736275906395
0.00391105432128087
0.0038813723666553447
0.0038516904120298196
0.0038220084574042946
0.0037937778978398267
0.0037663767068816783
0.003738975515923529
0.0037115743249653806
0.003684173134007232
0.003656771943049083
0.0036293707520909345
0.003601969561132785
0.003574568370174637
0.0035471671792164884
0.003520780405217145
0.0034952389786834723
0.0034696975521498
0.003444156125616128
0.003418614699082456
0.003393073272548784
0.0033675318460151113
0.003341990419481439
0.003316448992947767
0.0032909075664140945
0.0032663664215701977
0.0032430256147540307
0.003219684807937864
0.003196344001121697
0.0031730031943055315
0.0031496623874893645
0.0031263215806731975
0.003102980773857031
0.0030796399670408644
0.0030562991602247017
0.0030336033363673074
0.0030120362326877636
0.0029904691290082203
0.0029689020253286773
0.002947334921649134
0.00292576781796959
0.002904200714290047
0.0028826336106105035
0.00286106650693096
0.0028394994032514167
0.002818375753444928
0.0027984346472999188
0.0027784935411549094
0.0027585524350099
0.0027386113288648912
0.002718670222719882
0.0026987291165748726
0.0026787880104298632
0.002658846904284854
0.002638905798139845
0.0026192384339791953
0.002600802908748165
0.0025823673835171346
0.0025639318582861043
0.0025454963330550744
0.002527060807824044
0.0025086252825930137
0.0024901897573619833
0.0024717542321309534
0.0024533187068999226
0.0024350088995074024
0.0024179562704999785
0.002400903641492554
0.0023838510124851303
0.002366798383477706
0.002349745754470282
0.0023326931254628583
0.002315640496455434
0.00229858786744801
0.002281535238440586
0.002264482609433162
0.002248701491296632
0.002232920373160102
0.002217139255023575
0.002201358136887045
0.002185577018750515
0.0021697959006139853
0.0021540147824774553
0.0021382336643409254
0.0021224525462043954
0.002106671428067866
0.0020919584586846433
0.0020773523041767513
0.002062746149668859
0.0020481399951609676
0.0020335338406530755
0.0020189276861451834
0.0020043215316372914
0.0019897153771293997
0.001975109222621508
0.001960503068113616
0.0019467798100884948
0.001933252751281767
0.001919725692475039
0.0019061986336683114
0.0018926715748615835
0.0018791445160548557
0.001865617457248128
0.0018520903984414003
0.0018385633396346725
0.0018250362808279446
0.0018122368071658002
0.0017997101779328739
0.0017871835486999478
0.001774656919467022
0.0017621302902340959
0.0017496036610011698
0.0017370770317682435
0.0017245504025353176
0.0017120237733023915
0.0016994971440694655
0.0016875517518988288
0.0016759384951923575
0.001664325238485886
0.0016527119817794143
0.001641098725072943
0.0016294854683664736
0.0016178722116600023
0.001606258954953531
0.0015946456982470596
0.0015830324415405882
0.001571885621261403
0.0015611274980049568
0.0015503693747485104
0.0015396112514920643
0.001528853128235618
0.001518095004979172
0.0015073368817227256
0.0014965787584662795
0.0014858206352098332
0.0014750625119533869
0.0014646594269874134
0.0014546823879700074
0.0014447053489526013
0.0014347283099351953
0.0014247512709177896
0.0014147742319003836
0.0014047971928829775
0.0013948201538655713
0.0013848431148481655
0.0013748660758307592
0.0013651526753556704
0.0013559006423296358
0.0013466486093036015
0.0013373965762775674
0.001328144543251533
0.0013188925102254985
0.0013096404771994643
0.00130038844417343
0.0012911364111473957
0.0012818843781213613
0.0012728140600336301
0.0012642283151147074
0.0012556425701957844
0.0012470568252768615
0.0012384710803579387
0.001229885335439016
0.001221299590520093
0.0012127138456011703
0.0012041281006822473
0.001195542355763326
0.0011870690964288133
0.0011791020222241468
0.00117113494801948
0.0011631678738148134
0.0011552007996101466
0.0011472337254054801
0.0011392666512008134
0.0011312995769961467
0.0011233325027914802
0.0011153654285868135
0.00110745022030172
0.001100053671212362
0.001092657122123004
0.0010852605730336457
0.0010778640239442875
0.0010704674748549293
0.0010630709257655711
0.001055674376676213
0.0010482778275868548
0.0010408812784974966
0.0010334847294081384
