0.13085355997553028
0.14363340614157924
0.15641325230762815
0.16919309847367714
0.18197294463972602
0.194752790805775
0.20753263697182392
0.22031248313787288
0.23309232930392176
0.24587217546997073
0.2586520216360197
0.2747959721443336
0.291276333086874
0.30775669402941436
0.3242370549719549
0.3407174159144952
0.3571977768570356
0.373678137799576
0.3901584987421165
0.4066388596846569
0.42311922062719726
0.44059183455170475
0.45828494913887147
0.47597806372603824
0.493671178313205
0.5113642929003718
0.5290574074875385
0.5467505220747053
0.564443636661872
0.5821367512490389
0.5998298658362057
0.6166053759391588
0.633036784360532
0.6494681927819053
0.6658996012032784
0.6823310096246515
0.6987624180460248
0.7151938264673979
0.7316252348887712
0.7480566433101443
0.7644880517315176
0.7791267208527336
0.7927409675167172
0.8063552141807006
0.8199694608446841
0.8335837075086676
0.8471979541726511
0.8608122008366346
0.874426447500618
0.8880406941646015
0.9016549408285851
0.9134022584075688
0.9235938017490529
0.9337853450905369
0.9439768884320211
0.9541684317735051
0.9643599751149892
0.9745515184564733
0.9847430617979573
0.9949346051394413
1.0051261484809255
1.0137759983527161
1.020575816060875
1.0273756337690338
1.0341754514771926
1.0409752691853515
1.0477750868935103
1.054574904601669
1.061374722309828
1.0681745400179867
1.0749743577261455
1.080673615569893
1.0844468936509202
1.0882201717319475
1.0919934498129749
1.0957667278940022
1.0995400059750295
1.1033132840560569
1.1070865621370842
1.1108598402181118
1.114633118299139
1.117716302319187
1.1189592355099558
1.1202021687007246
1.1214451018914937
1.1226880350822626
1.1239309682730316
1.1251739014638005
1.1264168346545693
1.1276597678453384
1.1289027010361072
1.1297784667156376
1.1290019785945948
1.128225490473552
1.1274490023525092
1.1266725142314664
1.1258960261104236
1.1251195379893808
1.1243430498683378
1.123566561747295
1.1227900736262522
1.1218726285404625
1.119545613807205
1.1172185990739474
1.11489158434069
1.1125645696074322
1.1102375548741747
1.1079105401409173
1.1055835254076598
1.1032565106744021
1.1009294959411446
1.098602481207887
1.0951118007869054
1.0916211203659236
1.0881304399449419
1.08463975952396
1.0811490791029783
1.0776583986819968
1.074167718261015
1.0706770378400332
1.0671863574190514
1.0636956769980697
1.059457540715135
1.055144658846005
1.050831776976875
1.0465188951077447
1.0422060132386146
1.0378931313694846
1.0335802495003545
1.0292673676312245
1.0249544857620942
1.0206416038929642
1.0159028347369672
1.0110694239616658
1.0062360131863648
1.0014026024110638
0.9965691916357626
0.9917357808604617
0.9869023700851607
0.9820689593098597
0.9772355485345585
0.9724021377592575
0.9673404319454728
0.9621931154922568
0.9570457990390409
0.9518984825858248
0.9467511661326089
0.9416038496793928
0.9364565332261768
0.9313092167729609
0.926161900319745
0.9210145838665289
0.9157669591170761
0.9104620153412021
0.9051570715653281
0.8998521277894544
0.8945471840135804
0.8892422402377065
0.8839372964618326
0.8786323526859587
0.8733274089100846
0.8680224651342109
0.862699193497597
0.8573606486436997
0.8520221037898026
0.8466835589359054
0.8413450140820082
0.8360064692281111
0.8306679243742139
0.8253293795203167
0.8199908346664195
0.8146522898125222
0.8093434264425524
0.8040701808532948
0.7987969352640373
0.7935236896747799
0.7882504440855225
0.782977198496265
0.7777039529070076
0.7724307073177501
0.7671574617284925
0.7618842161392351
0.7566620384071984
0.7515292294252979
0.7463964204433973
0.741263611461497
0.7361308024795964
0.7309979934976959
0.7258651845157955
0.7207323755338949
0.7155995665519943
0.710466757570094
0.7053847052568236
0.7004380040599
0.6954913028629766
0.690544601666053
0.6855979004691295
0.680651199272206
0.6757044980752824
0.6707577968783588
0.6658110956814353
0.660864394484512
0.6559577227397329
0.6512311835296032
0.6465046443194737
0.6417781051093441
0.6370515658992144
0.632325026689085
0.6275984874789553
0.6228719482688259
0.6181454090586962
0.6134188698485666
0.6087142982671279
0.6042294029725945
0.5997445076780611
0.5952596123835276
0.5907747170889943
0.5862898217944608
0.5818049264999274
0.5773200312053941
0.5728351359108607
0.5683502406163272
0.5638653453217939
0.5596339989359592
0.5554026525501242
0.5511713061642892
0.5469399597784543
0.5427086133926193
0.5384772670067843
0.5342459206209493
0.5300145742351144
0.5257832278492794
0.5215518814634446
0.5175551804519478
0.5135819439778851
0.5096087075038223
0.5056354710297594
0.5016622345556965
0.4976889980816336
0.4937157616075707
0.4897425251335078
0.4857692886594449
0.48179605218538196
0.478040454785097
0.4743332216234292
0.4706259884617617
0.46691875530009397
0.4632115221384262
0.45950428897675843
0.4557970558150907
0.452089822653423
0.4483825894917553
0.44467535633008753
0.44114424888308235
0.4376791885790756
0.4342141282750689
0.4307490679710622
0.42728400766705543
0.4238189473630487
0.420353887059042
0.4168888267550352
0.4134237664510284
0.4099587061470217
0.4066547825774334
0.4034429371417986
0.4002310917061638
0.397019246270529
0.3938074008348943
0.3905955553992595
0.38738370996362465
0.3841718645279898
0.380960019092355
0.3777481736567202
0.37465844457522407
0.3716704791221768
0.3686825136691296
0.3656945482160824
0.36270658276303525
0.359718617309988
0.35673065185694075
0.35374268640389356
0.35075472095084637
0.34776675549779906
0.3448810930769738
0.3421181942948148
0.33935529551265575
0.3365923967304968
0.3338294979483377
0.33106659916617887
0.3283037003840199
0.3255408016018609
0.32277790281970187
0.32001500403754285
0.31732769411037487
0.31477266467944115
0.31221763524850743
0.30966260581757377
0.30710757638664
0.3045525469557063
0.3019975175247728
0.29944248809383905
0.29688745866290533
0.2943324292319716
0.2918313881448661
0.2894743159746357
0.28711724380440523
0.2847601716341748
0.2824030994639444
0.280046027293714
0.27768895512348357
0.2753318829532532
0.27297481078302277
0.27061773861279237
0.2682943620711891
0.266122615858408
0.263950869645627
0.26177912343284593
0.2596073772200649
0.25743563100728384
0.2552638847945028
0.25309213858172175
0.2509203923689408
0.24874864615615974
0.24659279514447413
0.24459589614374339
0.24259899714301264
0.24060209814228187
0.23860519914155115
0.23660830014082035
0.23461140114008958
0.23261450213935883
0.23061760313862806
0.2286207041378974
0.22662380513716662
0.2247854778092252
0.22294715048128377
0.22110882315334235
0.21927049582540092
0.2174321684974595
0.21559384116951807
0.21375551384157665
0.2119171865136352
0.2100788591856938
0.20824053185775243
0.20653772310610446
0.2048484662120859
0.2031592093180673
0.2014699524240487
0.19978069553003008
0.19809143863601147
0.19640218174199287
0.19471292484797426
0.19302366795395565
0.19133441105993712
0.18975886202134407
0.18820858139506783
0.18665830076879159
0.18510802014251532
0.18355773951623905
0.18200745888996278
0.18045717826368654
0.17890689763741027
0.17735661701113403
0.17580633638485776
0.17434785579840173
0.17292380022687817
0.1714997446553546
0.17007568908383103
0.1686516335123075
0.1672275779407839
0.16580352236926035
0.1643794667977368
0.16295541122621326
0.16153135565468968
0.16018204058142893
0.15887543436431836
0.15756882814720777
0.1562622219300972
0.15495561571298658
0.15364900949587598
0.1523424032787654
0.1510357970616548
0.1497291908445442
0.1484225846274336
0.14717497803226842
0.14597653778872438
0.1447780975451804
0.14357965730163635
0.14238121705809234
0.1411827768145483
0.1399843365710043
0.13878589632746025
0.1375874560839162
0.13638901584037216
0.13523772320417451
0.13414300769679247
0.13304829218941044
0.1319535766820284
0.1308588611746464
0.12976414566726435
0.1286694301598823
0.12757471465250028
0.12647999914511837
0.12538528363773632
0.12432193243018097
0.12331346874732232
0.12230500506446366
0.12129654138160503
0.12028807769874637
0.11927961401588771
0.11827115033302907
0.11726268665017042
0.11625422296731178
0.11524575928445312
0.11426022225376273
0.11333582296218765
0.1124114236706126
0.11148702437903754
0.11056262508746248
0.10963822579588742
0.10871382650431236
0.1077894272127373
0.10686502792116225
0.10594062862958718
0.10503024711494556
0.10418294559650394
0.10333564407806235
0.10248834255962075
0.10164104104117913
0.10079373952273754
0.09994643800429595
0.09909913648585435
0.09825183496741274
0.09740453344897114
0.09656384798655292
0.09578932308436847
0.09501479818218402
0.09424027327999956
0.09346574837781513
0.09269122347563069
0.09191669857344623
0.09114217367126179
0.09036764876907734
0.08959312386689289
0.08881859896470845
0.08810640671547762
0.08739421446624687
0.08668202221701604
0.08596982996778524
0.08525763771855441
0.08454544546932358
0.08383325322009276
0.08312106097086194
0.08240886872163111
0.08169667647240031
0.08103851900299934
0.08038576501158136
0.07973301102016339
0.07908025702874542
0.07842750303732744
0.07777474904590947
0.0771219950544915
0.07646924106307353
0.07581648707165554
0.07516373308023756
0.0745554322811678
0.07395700996928653
0.0733585876574053
0.07276016534552403
0.07216174303364274
0.07156332072176147
0.07096489840988018
0.0703664760979989
0.06976805378611763
0.06916963147423634
0.06860748397726815
0.0680589395358924
0.06751039509451665
0.06696185065314088
0.06641330621176512
0.06586476177038936
0.0653162173290136
0.06476767288763785
0.0642191284462621
0.06367058400488633
0.06315097965013712
0.06264791248774594
0.062144845325354775
0.0616417781629636
0.061138711000572464
0.06063564383818129
0.06013257667579011
0.05962950951339894
0.059126442351007766
0.05862337518861659
0.05814311589097933
0.057681863147303655
0.057220610403627976
0.05675935765995231
0.05629810491627664
0.05583685217260097
0.05537559942892529
0.054914346685249624
0.05445309394157395
0.05399184119789827
0.053547945695438255
0.053124878882437
0.05270181206943575
0.0522787452564345
0.05185567844343325
0.051432611630432
0.051009544817430794
0.050586478004429544
0.050163411191428295
0.049740344378427045
0.04932994538162085
0.04894171506315602
0.04855348474469119
0.048165254426226364
0.04777702410776153
0.047388793789296696
0.04700056347083187
0.046612333152367035
0.0462241028339022
0.04583587251543737
0.0454563943921306
0.045100255455912
0.044744116519693414
0.044387977583474805
0.04403183864725621
0.043675699711037616
0.04331956077481901
0.04296342183860041
0.042607282902381846
0.04225114396616325
0.041900326513619475
0.0415734557376124
0.04124658496160532
0.040919714185598255
0.04059284340959118
0.040265972633584106
0.03993910185757703
0.03961223108156996
0.039285360305562886
0.038958489529555815
0.0386340431896448
0.03833384121069437
0.038033639231743945
0.03773343725279352
0.037433235273843096
0.03713303329489267
0.03683283131594225
0.03653262933699182
0.03623242735804139
0.035932225379091
0.03563202340014057
0.03535647843452755
0.03508093346891453
0.03480538850330151
0.03452984353768848
0.034254298572075466
0.03397875360646244
0.03370320864084942
0.0334276636752364
0.033152118709623375
0.03287657374401035
0.03262144332575466
0.032368354362234696
0.03211526539871474
0.031862176435194775
0.03160908747167481
0.03135599850815485
0.03110290954463489
0.030849820581114927
0.030596731617594967
0.030343642654075003
0.03010727092333982
0.029874614133223454
0.029641957343107088
0.029409300552990722
0.02917664376287435
0.028943986972757983
0.028711330182641617
0.02847867339252525
0.028246016602408882
0.028013359812292516
0.027794502286730922
0.027580819485377373
0.027367136684023824
0.02715345388267027
0.026939771081316722
0.026726088279963173
0.02651240547860962
0.02629872267725607
0.02608503987590252
0.02587135707454897
0.025668653877051358
0.025472224738900005
0.025275795600748666
0.02507936646259731
0.024882937324445957
0.0246865081862946
0.024490079048143244
0.024293649909991888
0.02409722077184053
0.02390079163368917
0.023712981648775742
0.023532354291560576
0.02335172693434541
0.02317109957713024
0.022990472219915077
0.022809844862699907
0.022629217505484744
0.022448590148269578
0.02226796279105441
0.022087335433839245
0.02191324818257293
0.02174700905844523
0.021580769934317533
0.02141453081018985
0.021248291686062154
0.021082052561934454
0.020915813437806755
0.020749574313679055
0.02058333518955136
0.02041709606542366
0.020255727132458344
0.020102881034027208
0.019950034935596064
0.019797188837164924
0.01964434273873378
0.01949149664030264
0.0193386505418715
0.01918580444344036
0.019032958345009218
0.01888011224657808
0.018730585597905466
0.018589910815255607
0.018449236032605745
0.018308561249955883
0.018167886467306025
0.018027211684656177
0.017886536902006315
0.017745862119356453
0.017605187336706594
0.017464512554056733
0.017325883097883285
0.0171964576108537
0.017067032123824117
0.016937606636794535
0.01680818114976495
0.016678755662735363
0.01654933017570578
0.0164199046886762
0.016290479201646613
0.01616105371461703
0.01603255135363922
0.01591328025317917
0.01579400915271912
0.01567473805225907
0.015555466951799017
0.015436195851338964
0.015316924750878914
0.015197653650418875
0.015078382549958823
0.014959111449498774
0.014839840349038722
0.014729967721143503
0.014620095093248284
0.014510222465353063
0.014400349837457846
0.014290477209562627
0.014180604581667406
0.014070731953772187
0.013960859325876967
0.013850986697981748
0.013741114070086529
0.013639356636860632
0.013538410723101666
0.0134374648093427
0.013336518895583734
0.013235572981824768
0.013134627068065802
0.013033681154306836
0.012932735240547872
0.012831789326788917
0.012730843413029951
0.012636109766837132
0.012542756624547903
0.012449403482258672
0.012356050339969445
0.012262697197680215
0.012169344055390986
0.012075990913101756
0.011982637770812527
0.011889284628523298
0.011795931486234068
0.01170787037804527
0.011621793782644135
0.011535717187243
0.011449640591841864
0.011363563996440729
0.011277487401039593
0.011191410805638458
0.011105334210237322
0.011019257614836186
0.010933181019435058
0.010851127449985482
0.010771372752508225
0.010691618055030966
0.01061186335755371
0.010532108660076454
0.010452353962599196
0.010372599265121938
0.01029284456764468
0.010213089870167424
0.010133335172690166
0.010057159402471401
0.009983966071634712
0.009910772740798022
0.009837579409961333
0.009764386079124644
0.009691192748287954
0.009617999417451263
0.009544806086614574
0.009471612755777886
0.009398419424941195
0.009327789256178198
0.009260234881903636
0.009192680507629065
0.009125126133354497
0.009057571759079928
0.008990017384805359
0.00892246301053079
0.008854908636256221
0.008787354261981654
0.008719799887707085
0.008654131425711824
0.00859176331020535
0.008529395194698874
0.008467027079192401
0.008404658963685925
0.008342290848179452
0.008279922732672976
0.008217554617166502
0.008155186501660028
0.008092818386153553
0.008031752283821829
0.007974158216622776
0.00791656414942372
0.007858970082224671
0.0078013760150256175
0.007743781947826562
0.007686187880627507
0.007628593813428452
0.007570999746229398
0.007513405679030342
0.0074566092976207895
0.0074034025022639924
0.007350195706907196
0.0072969889115504
0.007243782116193604
0.007190575320836808
0.007137368525480012
0.007084161730123216
0.007030954934766419
0.0069777481394096225
0.006924908424457526
0.00687573951355242
0.006826570602647314
0.0067774016917422075
0.006728232780837107
0.006679063869932
0.006629894959026895
0.006580726048121789
0.006531557137216683
0.0064823882263115775
0.006433219315406471
0.006387770829960598
0.006342322344514723
0.006296873859068849
0.006251425373622974
0.006205976888177101
0.006160528402731226
0.0061150799172853525
0.006069631431839478
0.0060241829463936036
0.005978734460947729
0.005936397398556689
0.0058943714784711315
0.005852345558385576
0.005810319638300018
0.00576829371821446
0.005726267798128907
0.005684241878043349
0.005642215957957793
0.005600190037872235
0.0055581641177866745
0.0055187175798716865
0.005479844237994603
0.00544097089611752
0.005402097554240437
0.005363224212363354
0.005324350870486271
0.005285477528609195
0.005246604186732112
0.005207730844855029
0.0051688575029779455
0.0051320986398364
0.005096132706220681
0.005060166772604962
0.005024200838989243
0.004988234905373524
0.0049522689717578046
0.004916303038142085
0.004880337104526367
0.004844371170910647
0.004808405237294929
0.00477414318050683
0.004740854767620229
0.004707566354733628
0.004674277941847026
0.004640989528960426
0.004607701116073824
0.004574412703187222
0.004541124290300621
0.00450783587741402
0.004474547464527419
0.004442327137783649
0.004410996882825573
0.004379666627867497
0.004348336372909421
0.004317006117951345
0.004285675862993268
0.004254345608035192
0.004223015353077116
0.0041916850981190395
0.004160354843160964
0.004130319612482782
0.0041018384109404735
0.004073357209398165
0.004044876007855856
0.0040163948063135484
0.003987913604771239
0.003959432403228931
0.0039309512016866225
0.003902470000144314
0.003873988798602011
0.0038462682606004005
0.0038198788837950134
0.003793489506989626
0.003767100130184239
0.0037407107533788523
0.0037143213765734647
0.0036879319997680775
0.0036615426229626904
0.003635153246157303
0.003608763869351916
0.00358290099490186
0.0035584421267326896
0.0035339832585635188
0.003509524390394348
0.003485065522225177
0.0034606066540560066
0.003436147785886836
0.003411688917717665
0.0033872300495484944
0.0033627711813793235
0.0033386366249914725
0.0033159614716195625
0.003293286318247652
0.0032706111648757416
0.003247936011503832
0.003225260858131921
0.003202585704760011
0.003179910551388101
0.0031572353980161907
0.0031345602446442803
0.003112034705312349
0.0030910053063802046
0.0030699759074480602
0.0030489465085159163
0.0030279171095837715
0.003006887710651627
0.0029858583117194828
0.0029648289127873384
0.002943799513855194
0.0029227701149230497
0.0029017407159909053
0.002882231437999824
0.002862722160008743
0.002843212882017665
0.0028237036040265843
0.0028041943260355027
0.002784685048044421
0.00276517577005334
0.002745666492062259
0.0027261572140711778
0.002706647936080096
0.00268841653308981
0.0026703129175996033
0.002652209302109396
0.0026341056866191893
0.0026160020711289826
0.0025978984556387754
0.002579794840148569
0.002561691224658362
0.002543587609168155
0.0025254839936779483
0.0025084423973440375
0.0024916368052670806
0.0024748312131901242
0.002458025621113168
0.002441220029036211
0.002424414436959254
0.0024076088448822977
0.0023908032528053413
0.0023739976607283844
0.0023571920686514276
0.002341259112268964
0.0023256533942719346
0.002310047676274906
0.0022944419582778767
0.0022788362402808475
0.0022632305222838184
0.0022476248042867892
0.00223201908628976
0.002216413368292731
0.0022008076502957018
0.0021859085683357074
0.0021714132783968746
0.002156917988458043
0.0021424226985192105
0.0021279274085803782
0.002113432118641549
0.0020989368287027167
0.0020844415387638844
0.002069946248825052
0.00205545095888622
0.0020415155548362224
0.0020280467223602536
0.002014577889884285
0.0020011090574083164
0.0019876402249323476
0.001974171392456379
0.00196070255998041
0.0019472337275044415
0.0019337648950284727
0.0019202960625525041
0.001907259008588877
0.0018947400888400599
0.001882221169091243
0.001869702249342426
0.0018571833295936092
0.0018446644098447922
0.0018321454900959752
0.0018196265703471584
0.0018071076505983413
0.0017945887308495243
0.0017823897239761717
0.001770750564634881
0.0017591114052935906
0.0017474722459523
0.0017358330866110096
0.001724193927269719
0.0017125547679284286
0.001700915608587138
0.0016892764492458475
0.0016776372899045572
0.0016662201223249702
0.0016553949327765926
0.0016445697432282149
0.0016337445536798371
0.0016229193641314594
0.0016120941745830818
0.0016012689850347043
0.0015904437954863265
0.0015796186059379488
0.0015687934163895732
0.0015581052814940522
0.0015480338925363863
0.0015379625035787199
0.001527891114621054
0.001517819725663388
0.001507748336705722
0.0014976769477480561
0.0014876055587903902
0.001477534169832724
0.001467462780875058
0.0014574549132000665
0.001448082258351824
0.0014387096035035811
0.0014293369486553383
0.0014199642938070955
0.0014105916389588525
0.00140121898411061
0.0013918463292623671
0.0013824736744141243
0.0013731010195658815
0.0013637283647176387
