0.29960803369472433
0.3494466446092632
0.39928525552380184
0.44912386643834074
0.49896247735287935
0.5488010882674182
0.5986396991819569
0.6484783100964957
0.6983169210110344
0.7481555319255733
0.797994142840112
0.8491708693179877
0.900481407352197
0.9517919453864061
1.0031024834206157
1.0544130214548249
1.105723559489034
1.1570340975232432
1.2083446355574528
1.259655173591662
1.310965711625871
1.3554624792288406
1.3984450756248676
1.4414276720208947
1.4844102684169218
1.5273928648129491
1.570375461208976
1.613358057605003
1.6563406540010301
1.6993232503970574
1.7423058467930845
1.7769471092724507
1.808460371533069
1.8399736337936874
1.8714868960543058
1.903000158314924
1.9345134205755423
1.9660266828361608
1.997539945096779
2.0290532073573977
2.0605664696180157
2.084978026970007
2.105331467231354
2.125684907492701
2.146038347754048
2.166391788015395
2.186745228276742
2.2070986685380896
2.2274521087994366
2.247805549060783
2.2681589893221306
2.28332454494137
2.2941668633588543
2.305009181776338
2.315851500193822
2.3266938186113055
2.3375361370287893
2.3483784554462734
2.359220773863757
2.370063092281241
2.380905410698725
2.3883431377495548
2.3916953551603997
2.3950475725712446
2.39839978998209
2.4017520073929344
2.4051042248037797
2.4084564422146246
2.4118086596254695
2.4151608770363144
2.4185130944471593
2.419821108777361
2.4175517677164375
2.415282426655514
2.4130130855945904
2.4107437445336672
2.408474403472743
2.4062050624118196
2.403935721350896
2.4016663802899725
2.399397039229049
2.396026486809073
2.3897193707649578
2.3834122547208434
2.377105138676728
2.370798022632613
2.364490906588498
2.3581837905443828
2.351876674500268
2.3455695584561527
2.3392624424120374
2.3324503381072055
2.3233657866291453
2.3142812351510846
2.3051966836730244
2.296112132194964
2.2870275807169036
2.277943029238843
2.2688584777607828
2.259773926282722
2.250689374804662
2.241443164473024
2.2305803656056087
2.2197175667381925
2.2088547678707773
2.1979919690033616
2.1871291701359463
2.1762663712685306
2.165403572401115
2.1545407735336997
2.143677974666284
2.1328151757988683
2.1208310489582853
2.1088469221177015
2.0968627952771177
2.0848786684365344
2.072894541595951
2.0609104147553676
2.0489262879147843
2.0369421610742005
2.024958034233617
2.0129739073930333
2.000521689432953
1.9880226623609225
1.975523635288892
1.9630246082168614
1.9505255811448308
1.9380265540728003
1.9255275270007703
1.91302849992874
1.900529472856709
1.8880304457846786
1.8754326753966377
1.8628129620494829
1.850193248702329
1.8375735353551743
1.8249538220080197
1.812334108660865
1.7997143953137105
1.7870946819665563
1.7744749686194017
1.761855255272247
1.7493602703315032
1.736912058543163
1.724463846754823
1.712015634966483
1.6995674231781428
1.6871192113898028
1.6746709996014626
1.6622227878131226
1.6497745760247828
1.6373263642364426
1.625105428546901
1.6130143649138156
1.6009233012807302
1.5888322376476451
1.5767411740145596
1.5646501103814743
1.5525590467483892
1.5404679831153034
1.5283769194822183
1.516285855849133
1.504459669447945
1.492854214073338
1.4812487586987313
1.4696433033241245
1.4580378479495177
1.446432392574911
1.4348269372003042
1.4232214818256972
1.4116160264510904
1.4000105710764834
1.3886733464769103
1.3776579988073783
1.3666426511378456
1.3556273034683133
1.3446119557987808
1.3335966081292485
1.322581260459716
1.3115659127901838
1.3005505651206513
1.2895352174511188
1.2787507060564227
1.2683701581426903
1.2579896102289574
1.2476090623152247
1.2372285144014918
1.2268479664877592
1.2164674185740267
1.2060868706602939
1.195706322746561
1.1853257748328285
1.1751252123350286
1.165404610946383
1.155684009557737
1.1459634081690913
1.1362428067804453
1.1265222053917996
1.1168016040031536
1.1070810026145077
1.097360401225862
1.0876397998372165
1.0780401530541577
1.068984801996241
1.059929450938324
1.0508740998804074
1.0418187488224904
1.0327633977645736
1.0237080467066568
1.0146526956487398
1.005597344590823
0.9965419935329062
0.9875462860881421
0.9791470147749014
0.9707477434616605
0.9623484721484197
0.9539492008351789
0.9455499295219381
0.9371506582086973
0.9287513868954564
0.9203521155822156
0.9119528442689748
0.903553572955734
0.8957908652675206
0.888028157579307
0.8802654498910933
0.8725027422028797
0.8647400345146659
0.8569773268264522
0.8492146191382386
0.841451911450025
0.8336892037618112
0.8259264960735975
0.8187183643557419
0.8115656902349222
0.8044130161141023
0.7972603419932823
0.7901076678724623
0.7829549937516425
0.7758023196308224
0.7686496455100025
0.7614969713891825
0.7543442972683626
0.7476652546999274
0.7410914635875777
0.7345176724752283
0.7279438813628786
0.7213700902505289
0.7147962991381791
0.7082225080258295
0.7016487169134797
0.69507492580113
0.6885011346887804
0.682323715316933
0.6762949353477744
0.6702661553786156
0.664237375409457
0.6582085954402983
0.6521798154711395
0.6461510355019807
0.6401222555328219
0.6340934755636631
0.6280646955945044
0.622366391995333
0.6168569320361543
0.6113474720769758
0.6058380121177972
0.6003285521586188
0.5948190921994403
0.5893096322402617
0.583800172281083
0.5782907123219045
0.5727812523627259
0.567524905103378
0.5624794850938891
0.5574340650844003
0.5523886450749114
0.5473432250654227
0.5422978050559337
0.5372523850464448
0.5322069650369559
0.5271615450274669
0.5221161250179781
0.5172727006424608
0.5126716710277096
0.5080706414129583
0.5034696117982072
0.49886858218345587
0.4942675525687049
0.48966652295395363
0.4850654933392024
0.4804644637244511
0.4758634341096999
0.47140799428283164
0.46720733658475855
0.46300667888668545
0.4588060211886124
0.4546053634905393
0.4504047057924663
0.4462040480943934
0.4420033903963203
0.4378027326982472
0.43360207500017417
0.4295035088846311
0.42567718698916845
0.42185086509370573
0.418024543198243
0.4141982213027803
0.41037189940731755
0.4065455775118548
0.40271925561639227
0.3988929337209296
0.3950666118254668
0.39130246956462106
0.38781813565955126
0.3843338017544815
0.3808494678494118
0.377365133944342
0.37388080003927227
0.3703964661342026
0.3669121322291329
0.36342779832406324
0.3599434644189935
0.35648767675461074
0.35331735149709825
0.3501470262395857
0.3469767009820732
0.34380637572456074
0.34063605046704815
0.33746572520953566
0.3342953999520231
0.33112507469451063
0.3279547494369982
0.3247844241794857
0.3219015254318258
0.3190186266841659
0.31613572793650596
0.31325282918884606
0.3103699304411861
0.3074870316935262
0.3046041329458663
0.30172123419820635
0.29883833545054644
0.29595543670288665
0.29331031410709585
0.290688969126492
0.28806762414588816
0.2854462791652843
0.28282493418468047
0.2802035892040766
0.2775822442234728
0.2749608992428689
0.272339554262265
0.2697182092816613
0.2672941272574438
0.26491388144575656
0.26253363563406934
0.2601533898223821
0.2577731440106949
0.2553928981990077
0.2530126523873204
0.25063240657563324
0.248252160763946
0.24587191495225877
0.24364801036774783
0.24148273374342788
0.2393174571191079
0.23715218049478792
0.23498690387046794
0.23282162724614797
0.230656350621828
0.22849107399750804
0.22632579737318806
0.2241605207488681
0.22212106168088863
0.22015349835938952
0.21818593503789033
0.21621837171639116
0.21425080839489197
0.21228324507339275
0.21031568175189358
0.20834811843039439
0.2063805551088952
0.204412991787396
0.20254349759654028
0.20075572768122077
0.19896795776590134
0.1971801878505819
0.1953924179352624
0.19360464801994287
0.1918168781046234
0.1900291081893039
0.18824133827398437
0.1864535683586649
0.18474132775932336
0.18311972233915547
0.1814981169189875
0.17987651149881959
0.1782549060786517
0.17663330065848376
0.17501169523831583
0.1733900898181479
0.17176848439798012
0.1701468789778122
0.1685779579094046
0.16710123445657762
0.1656245110037506
0.16414778755092363
0.16267106409809662
0.16119434064526966
0.15971761719244265
0.15824089373961567
0.15676417028678866
0.15528744683396167
0.1538474290222326
0.15250529292009807
0.15116315681796352
0.14982102071582892
0.14847888461369438
0.14713674851155983
0.14579461240942526
0.1444524763072907
0.14311034020515612
0.14176820410302157
0.1404482886541526
0.13922836614497802
0.1380084436358035
0.13678852112662898
0.1355685986174544
0.13434867610827989
0.13312875359910536
0.13190883108993082
0.1306889085807563
0.12946898607158175
0.12825927502951184
0.1271516786584881
0.12604408228746433
0.12493648591644058
0.12382888954541683
0.12272129317439306
0.12161369680336932
0.12050610043234558
0.11939850406132183
0.11829090769029807
0.11718331131927431
0.11617461932867963
0.11516592733808503
0.11415723534749034
0.11314854335689567
0.11213985136630097
0.1111311593757063
0.11012246738511161
0.10911377539451692
0.10810508340392223
0.10709639141332755
0.10617062328531551
0.10525314754356173
0.10433567180180797
0.10341819606005417
0.1025007203183004
0.10158324457654663
0.10066576883479286
0.09974829309303906
0.0988308173512853
0.09791334160953152
0.09706360656096823
0.0962289249997806
0.09539424343859303
0.09455956187740541
0.09372488031621776
0.09289019875503013
0.0920555171938425
0.09122083563265487
0.09038615407146723
0.08955147251027959
0.08877138840376118
0.08801177834274372
0.08725216828172627
0.08649255822070881
0.08573294815969136
0.0849733380986739
0.08421372803765645
0.08345411797663899
0.08269450791562154
0.08193489785460409
0.08121859109319973
0.0805270290744314
0.0798354670556631
0.0791439050368948
0.07845234301812654
0.07776078099935824
0.07706921898058994
0.07637765696182162
0.07568609494305331
0.07499453292428501
0.07433670620742237
0.07370699224214781
0.07307727827687324
0.07244756431159868
0.07181785034632412
0.07118813638104954
0.07055842241577498
0.06992870845050042
0.06929899448522585
0.06866928051995129
0.06806505425015634
0.06749141321493693
0.06691777217971753
0.06634413114449812
0.06577049010927871
0.06519684907405932
0.06462320803883995
0.06404956700362055
0.06347592596840114
0.06290228493318173
0.06234728336330888
0.0618249008577925
0.06130251835227612
0.060780135846759745
0.06025775334124337
0.059735370835727
0.05921298833021061
0.058690605824694236
0.058168223319177856
0.05764584081366148
0.05713595198928133
0.05665937964793111
0.05618280730658089
0.05570623496523066
0.05522966262388043
0.05475309028253021
0.05427651794117999
0.05379994559982976
0.05332337325847958
0.05284680091712936
0.052377854037115326
0.05194322173311416
0.05150858942911299
0.05107395712511183
0.05063932482111066
0.050204692517109496
0.04977006021310833
0.049335427909107166
0.048900795605106
0.04846616330110483
0.04803499072614803
0.047638415441634864
0.0472418401571217
0.046845264872608525
0.04644868958809536
0.04605211430358219
0.04565553901906902
0.04525896373455585
0.04486238845004269
0.044465813165529555
0.04406923788101639
0.04370738381837335
0.04334552975573032
0.04298367569308728
0.04262182163044424
0.042259967567801204
0.041898113505158166
0.04153625944251513
0.041174405379872096
0.04081255131722905
0.04045069725458602
0.04011746950612885
0.03978710438909027
0.03945673927205169
0.03912637415501311
0.03879600903797453
0.03846564392093595
0.038135278803897374
0.03780491368685879
0.03747454856982021
0.03714418345278163
0.036837171726747685
0.03653534964315917
0.03623352755957066
0.03593170547598216
0.035629883392393646
0.03532806130880514
0.03502623922521663
0.03472441714162812
0.034422595058039615
0.034120772974451104
0.033838006264797355
0.033562385320369134
0.03328676437594092
0.03301114343151271
0.03273552248708449
0.03245990154265627
0.03218428059822806
0.03190865965379984
0.031633038709371626
0.03135741776494341
0.031096804583705596
0.03084476726714801
0.030592729950590453
0.030340692634032867
0.030088655317475288
0.029836618000917706
0.02958458068436012
0.029332543367802534
0.029080506051244952
0.02882846873468737
0.02858818466523147
0.028357694968360315
0.02812720527148915
0.027896715574617988
0.02766622587774683
0.02743573618087567
0.027205246484004506
0.026974756787133347
0.026744267090262185
0.026513777393391027
0.026292354828032525
0.02608181282048921
0.0258712708129459
0.025660728805402606
0.025450186797859296
0.025239644790315985
0.02502910278277267
0.024818560775229363
0.02460801876768605
0.024397476760142735
0.024193322622161163
0.02400034725591263
0.02380737188966409
0.023614396523415557
0.02342142115716702
0.023228445790918484
0.02303547042466995
0.022842495058421418
0.02264951969217288
0.02245654432592435
0.02226800776450311
0.022091308015954676
0.021914608267406238
0.021737908518857804
0.02156120877030937
0.02138450902176095
0.021207809273212513
0.02103110952466408
0.02085440977611564
0.020677710027567207
0.020503712100151353
0.020341872367832123
0.020180032635512896
0.02001819290319367
0.019856353170874443
0.019694513438555217
0.019532673706235994
0.019370833973916764
0.019208994241597537
0.01904715450927831
0.018886547217366913
0.018738264329533787
0.018589981441700664
0.01844169855386754
0.01829341566603442
0.018145132778201296
0.01799684989036817
0.017848567002535065
0.01770028411470194
0.01755200122686882
0.017403718339035694
0.017267794169728574
0.017131870000421455
0.016995945831114335
0.016860021661807216
0.016724097492500097
0.016588173323192977
0.016452249153885858
0.016316324984578738
0.01618040081527162
0.016044476645964496
0.015918813479997414
0.015794176414364335
0.015669539348731255
0.015544902283098176
0.015420265217465095
0.015295628151832014
0.015170991086198935
0.015046354020565858
0.014921716954932789
0.014797079889299708
0.014680866470894572
0.014566524974095647
0.014452183477296722
0.014337841980497798
0.014223500483698873
0.014109158986899947
0.013994817490101022
0.013880475993302095
0.01376613449650317
0.013651792999704246
0.013544271918167322
0.013439308492353655
0.013334345066539985
0.013229381640726314
0.013124418214912646
0.013019454789098973
0.012914491363285305
0.012809527937471634
0.012704564511657968
0.012599601085844306
0.01249998809635398
0.012403432499048428
0.012306876901742874
0.012210321304437319
0.012113765707131767
0.012017210109826211
0.011920654512520657
0.011824098915215103
0.01172754331790955
0.011630987720603995
0.011538863222020862
0.011450431305706409
0.011361999389391956
0.011273567473077504
0.011185135556763053
0.0110967036404486
0.011008271724134149
0.010919839807819694
0.010831407891505242
0.010742975975190791
0.010657806667381182
0.010576552489777388
0.01049529831217359
0.01041404413456979
0.010332789956965991
0.01025153577936219
0.010170281601758391
0.010089027424154592
0.010007773246550791
0.009926519068946992
0.009847643197280745
0.009772929361005213
0.009698215524729683
0.009623501688454153
0.009548787852178622
0.00947407401590309
0.009399360179627558
0.009324646343352026
0.009249932507076496
0.009175218670800964
0.009102153330765236
0.009033483980702315
0.008964814630639393
0.008896145280576476
0.008827475930513555
0.008758806580450633
0.008690137230387711
0.00862146788032479
0.008552798530261866
0.008484129180198944
0.008416460045895606
0.0083532918825104
0.008290123719125197
0.00822695555573999
0.008163787392354786
0.00810061922896958
0.008037451065584376
0.007974282902199169
0.007911114738813965
0.007847946575428758
0.007785234756384123
0.007727086380745171
0.007668938005106219
0.007610789629467268
0.007552641253828321
0.007494492878189369
0.007436344502550417
0.007378196126911465
0.0073200477512725135
0.007261899375633561
0.00720375099999461
0.007150213807783729
0.007096676615572848
0.007043139423361966
0.006989602231151085
0.006936065038940203
0.0068825278467293215
0.00682899065451844
0.006775453462307559
0.006721916270096678
0.006668379077885796
0.006618722465063468
0.006569453910179995
0.0065201853552965235
0.0064709168004130485
0.006421648245529576
0.006372379690646108
0.006323111135762635
0.006273842580879162
0.006224574025995689
0.006175305471112211
0.006129210755412558
0.00608382133730931
0.006038431919206062
0.005993042501102814
0.005947653082999566
0.005902263664896318
0.005856874246793078
0.00581148482868983
0.005766095410586582
0.005720705992483334
0.005677883095801271
0.005636022644652153
0.005594162193503035
0.005552301742353918
0.0055104412912047995
0.005468580840055682
0.005426720388906564
0.005384859937757446
0.0053429994866083285
0.005301139035459211
0.005261380663636968
0.005222823480001512
0.005184266296366055
0.005145709112730598
0.005107151929095142
0.0050685947454596845
0.005030037561824228
0.0049914803781887715
0.004952923194553315
0.004914366010917858
0.004877257219693752
0.004841355422145773
0.004805453624597792
0.004769551827049812
0.004733650029501832
0.004697748231953852
0.004661846434405871
0.004625944636857892
0.004590042839309911
0.004554141041761932
0.00451965788882543
0.0044868771094227
0.004454096330019972
0.004421315550617243
0.004388534771214515
0.004355753991811786
0.004322973212409057
0.004290192433006329
0.0042574116536036
0.004224630874200877
0.004192774839945088
0.004162537109696445
0.0041322993794478
0.004102061649199157
0.004071823918950513
0.00404158618870187
0.0040113484584532256
0.003981110728204582
0.003950872997955939
0.003920635267707294
0.0038910299928372654
0.0038631112656435413
0.0038351925384498176
0.0038072738112560935
0.0037793550840623698
0.003751436356868646
0.0037235176296749216
0.003695598902481198
0.0036676801752874738
0.0036397614480937496
0.0036122298683968585
0.0035864404524357137
0.0035606510364745688
0.003534861620513424
0.003509072204552279
0.003483282788591134
0.003457493372629989
0.003431703956668844
0.003405914540707699
0.003380125124746554
0.003354513641578285
0.0033306814863387707
0.0033068493310992562
0.0032830171758597418
0.0032591850206202273
0.0032353528653807128
0.0032115207101411983
0.003187688554901684
0.0031638563996621697
0.0031400242444226552
0.0031161920891831407
0.0030941732793632977
0.0030721544695434546
0.003050135659723615
0.0030281168499037723
0.003006098040083929
0.0029840792302640853
0.002962060420444242
0.0029400416106243987
0.0029180228008045556
0.002896003990984712
0.0028754954025372627
0.0028551378362270522
0.0028347802699168418
0.0028144227036066317
0.002794065137296421
0.002773707570986211
0.0027533500046760004
0.00273299243836579
0.0027126348720555794
0.0026922773057453694
0.0026731242986305693
0.0026542389713369707
0.002635353644043373
0.002616468316749775
0.002597582989456177
0.0025786976621625787
0.0025598123348689805
0.0025409270075753823
0.002522041680281784
0.0025031563529881863
0.0024853407621348426
0.002467926322446593
0.0024505118827583446
0.0024330974430700958
0.002415683003381847
0.002398268563693598
0.0023808541240053493
0.0023634396843171005
0.0023460252446288517
0.002328610804940603
0.0023120197597227515
0.002295899225630842
0.002279778691538932
0.002263658157447022
0.0022475376233551123
0.0022314170892632056
0.0022152965551712955
0.002199176021079386
0.002183055486987476
0.002166934952895566
0.0021514662626745755
0.0021365407756793516
0.002121615288684127
0.002106689801688903
0.0020917643146936785
0.002076838827698454
0.0020619133407032302
0.002046987853708006
0.0020320623667127815
0.0020171368797175576
0.0020027134699284006
0.0019888925527865257
0.0019750716356446507
0.0019612507185027754
0.0019474298013609003
0.0019336088842190251
0.00191978796707715
0.0019059670499352748
0.0018921461327933997
0.0018783252156515243
0.001864873042040288
0.0018520661696076694
0.0018392592971750508
0.0018264524247424319
0.0018136455523098133
0.0018008386798771948
0.0017880318074445759
0.0017752249350119573
0.0017624180625793386
0.00174961119014672
0.0017370499147805292
0.001725143564924813
0.0017132372150690971
0.0017013308652133806
0.0016894245153576647
0.0016775181655019483
0.0016656118156462324
0.001653705465790516
0.0016417991159348
0.0016298927660790856
0.0016181461009784866
0.0016071180172759151
0.0015960899335733432
0.0015850618498707717
0.0015740337661682
0.0015630056824656282
0.0015519775987630565
0.0015409495150604847
0.001529921431357913
0.0015188933476553413
0.0015079390895071378
0.0014977230869026193
0.001487507084298101
0.0014772910816935824
0.0014670750790890638
0.0014568590764845453
0.0014466430738800267
0.0014364270712755084
0.0014262110686709896
0.0014159950660664713
0.0014057790634619527
