0.45181943547085024
0.5258882318140836
0.5999570281573168
0.6740258245005502
0.7480946208437833
0.8221634171870167
0.8962322135302497
0.9703010098734831
1.0443698062167164
1.1184386025599495
1.192507398903183
1.2677592240346474
1.3431293520449346
1.418499480055222
1.4938696080655096
1.5692397360757973
1.6446098640860842
1.7199799920963716
1.7953501201066593
1.8707202481169467
1.9460903761272341
2.0109753382890756
2.073530263595706
2.136085188902337
2.1986401142089678
2.2611950395155986
2.3237499648222295
2.3863048901288604
2.4488598154354904
2.5114147407421217
2.5739696660487525
2.6241298896961975
2.6696421002214485
2.715154310746699
2.7606665212719497
2.8061787317972002
2.851690942322451
2.897203152847702
2.942715363372952
2.9882275738982034
3.0337397844234535
3.0688120643117784
3.097918669550433
3.127025274789086
3.156131880027739
3.185238485266393
3.2143450905050464
3.2434516957437003
3.2725583009823533
3.301664906221007
3.3307715114596603
3.3523294738157388
3.367596900436339
3.3828643270569394
3.3981317536775393
3.413399180298139
3.428666606918739
3.443934033539339
3.459201460159939
3.474468886780539
3.489736313401139
3.5000767081630575
3.504504664694559
3.508932621226059
3.51336057775756
3.5177885342890605
3.5222164908205613
3.526644447352062
3.531072403883563
3.535500360415064
3.5399283169465647
3.5414223846012445
3.5377821467214883
3.5341419088417316
3.530501670961975
3.526861433082219
3.5232211952024626
3.5195809573227064
3.51594071944295
3.5123004815631935
3.5086602436834373
3.503450949233371
3.4940575039291453
3.4846640586249196
3.475270613320694
3.465877168016468
3.456483722712243
3.447090277408017
3.4376968321037915
3.428303386799566
3.4189099414953406
3.4088032747151713
3.395487111293256
3.382170947871341
3.368854784449426
3.355538621027511
3.3422224576055966
3.3289062941836813
3.315590130761766
3.3022739673398513
3.288957803917936
3.27541250999538
3.259575911066409
3.2437393121374374
3.2279027132084663
3.2120661142794953
3.196229515350524
3.1803929164215528
3.1645563174925813
3.14871971856361
3.1328831196346387
3.1170465207056677
3.0997384224310136
3.0824303241563586
3.065122225881704
3.047814127607049
3.030506029332395
3.01319793105774
2.995889832783086
2.978581734508431
2.961273636233776
2.9439655379591216
2.9260218950688985
2.9080146977171184
2.8900075003653383
2.8720003030135572
2.853993105661777
2.835985908309997
2.817978710958217
2.7999715136064367
2.7819643162546566
2.7639571189028755
2.745835789397507
2.72768909719134
2.7095424049851733
2.691395712779007
2.6732490205728396
2.655102328366673
2.6369556361605064
2.61880894395434
2.6006622517481732
2.582515559542007
2.5645566776734348
2.546668224681461
2.5287797716894866
2.510891318697513
2.493002865705539
2.475114412713565
2.4572259597215913
2.4393375067296175
2.421449053737644
2.40356060074567
2.3860123099084234
2.3686583974453064
2.351304484982189
2.333950572519073
2.3165966600559553
2.2992427475928388
2.2818888351297213
2.2645349226666047
2.2471810102034873
2.229827097740371
2.21286578253313
2.196231631705786
2.179597480878442
2.162963330051098
2.146329179223754
2.1296950283964105
2.1130608775690667
2.0964267267417225
2.0797925759143787
2.0631584250870345
2.0469049219936246
2.0311081961809347
2.015311470368245
1.9995147445555554
1.9837180187428651
1.9679212929301757
1.9521245671174858
1.9363278413047962
1.920531115492106
1.9047343896794164
1.8892666548258317
1.87437465415068
1.8594826534755282
1.8445906528003768
1.829698652125225
1.8148066514500734
1.7999146507749222
1.7850226500997703
1.7701306494246185
1.7552386487494676
1.740601685125001
1.7266448203023623
1.7126879554797236
1.6987310906570852
1.6847742258344462
1.6708173610118076
1.6568604961891689
1.64290363136653
1.6289467665438913
1.614989901721253
1.6012037204781027
1.5881856153426486
1.575167510207195
1.562149405071741
1.549131299936287
1.536113194800833
1.5230950896653792
1.5100769845299256
1.4970588793944717
1.4840407742590178
1.4711065906478464
1.4590116222794927
1.4469166539111387
1.4348216855427849
1.4227267171744313
1.4106317488060773
1.3985367804377236
1.38644181206937
1.374346843701016
1.362251875332662
1.3501569069643085
1.3389561755056605
1.327755444047012
1.316554712588363
1.3053539811297146
1.2941532496710662
1.2829525182124175
1.2717517867537689
1.2605510552951202
1.2493503238364718
1.2381495923778232
1.2277271609295266
1.2173825594822654
1.207037958035004
1.1966933565877422
1.1863487551404805
1.1760041536932193
1.1656595522459576
1.155314950798696
1.1449703493514345
1.1346257479041728
1.1249457147397774
1.1154133634160188
1.1058810120922606
1.096348660768502
1.0868163094447434
1.077283958120985
1.0677516067972264
1.0582192554734677
1.048686904149709
1.0391545528259505
1.0301786614029695
1.0214114424427805
1.0126442234825914
1.0038770045224026
0.9951097855622135
0.9863425666020244
0.9775753476418352
0.9688081286816461
0.9600409097214571
0.9512736907612679
0.9429625166964174
0.9349119397146174
0.9268613627328175
0.9188107857510175
0.9107602087692179
0.902709631787418
0.8946590548056181
0.8866084778238181
0.8785579008420181
0.8705073238602182
0.8628106627476322
0.8554089315260577
0.8480072003044832
0.8406054690829086
0.8332037378613345
0.8258020066397599
0.8184002754181854
0.810998544196611
0.8035968129750364
0.7961950817534619
0.7890800238216179
0.7823089738374506
0.7755379238532831
0.7687668738691158
0.7619958238849485
0.7552247739007814
0.748453723916614
0.7416826739324467
0.7349116239482794
0.728140573964112
0.7215813606610587
0.715392861549955
0.7092043624388512
0.7030158633277475
0.6968273642166436
0.69063886510554
0.6844503659944365
0.6782618668833327
0.6720733677722289
0.6658848686611252
0.6598409252461412
0.6541824636874768
0.6485240021288121
0.6428655405701476
0.637207079011483
0.6315486174528184
0.6258901558941539
0.6202316943354896
0.6145732327768251
0.6089147712181605
0.6033449857739567
0.5981742428448261
0.5930034999156957
0.5878327569865651
0.5826620140574346
0.577491271128304
0.5723205281991735
0.567149785270043
0.5619790423409127
0.5568082994117821
0.5516782779937293
0.5469554716864534
0.5422326653791776
0.5375098590719016
0.5327870527646259
0.52806424645735
0.5233414401500741
0.5186186338427983
0.5138958275355223
0.5091730212282467
0.5044502149209709
0.5001383022667868
0.49582638961260267
0.49151447695841854
0.4872025643042344
0.48289065165005035
0.4785787389958662
0.4742668263416821
0.469954913687498
0.46564300103331385
0.46133108837912995
0.45736124111276505
0.4534256003851821
0.44948995965759914
0.44555431893001607
0.4416186782024331
0.43768303747485016
0.43374739674726714
0.4298117560196842
0.4258761152921012
0.42194047456451844
0.41828592744150017
0.4146938455639408
0.4111017636863814
0.4075096818088219
0.4039175999312625
0.40032551805370314
0.3967334361761437
0.3931413542985843
0.3895492724210249
0.3859571905434655
0.3825943110871944
0.37931738253890623
0.3760404539906181
0.3727635254423298
0.3694865968940417
0.3662096683457535
0.3629327397974653
0.35965581124917717
0.35637888270088897
0.35310195415260076
0.3500079287391562
0.34701841940276523
0.34402891006637415
0.34103940072998307
0.338049891393592
0.3350603820572009
0.3320708727208098
0.32908136338441873
0.3260918540480276
0.3231023447116365
0.32025590555424666
0.3175286915460245
0.3148014775378024
0.31207426352958023
0.30934704952135805
0.3066198355131358
0.30389262150491364
0.3011654074966914
0.29843819348846923
0.29571097948024705
0.29309250021449335
0.29060450263970194
0.28811650506491054
0.28562850749011914
0.28314050991532774
0.28065251234053634
0.2781645147657449
0.27567651719095354
0.2731885196161623
0.2707005220413709
0.2682918518401763
0.26602200454277597
0.2637521572453757
0.2614823099479755
0.2592124626505752
0.25694261535317486
0.2546727680557746
0.25240292075837434
0.250133073460974
0.24786322616357379
0.24564759458824298
0.24357653827176426
0.24150548195528554
0.23943442563880674
0.23736336932232804
0.2352923130058493
0.23322125668937055
0.2311502003728918
0.22907914405641305
0.22700808773993433
0.22496998513655167
0.22308017424210044
0.22119036334764924
0.21930055245319802
0.2174107415587468
0.21552093066429562
0.2136311197698444
0.21174130887539322
0.209851497980942
0.2079616870864908
0.20608688473355066
0.2043621677957217
0.20263745085789264
0.20091273392006365
0.19918801698223465
0.19746330004440565
0.1957385831065766
0.1940138661687476
0.1922891492309186
0.19056443229308961
0.1888397153552606
0.18726544335217415
0.18569117134908786
0.1841168993460014
0.182542627342915
0.18096835533982852
0.17939408333674212
0.17781981133365565
0.17624553933056922
0.17467126732748278
0.17309699532439635
0.17164722356317613
0.17020990182614246
0.16877258008910886
0.16733525835207524
0.1658979366150416
0.164460614878008
0.16302329314097436
0.16158597140394074
0.16014864966690712
0.15871132792987347
0.15737617246695362
0.1560637206205035
0.15475126877405349
0.15343881692760336
0.15212636508115324
0.1508139132347031
0.14950146138825296
0.14818900954180284
0.14687655769535268
0.14556410584890256
0.1443343683702067
0.14313564877941867
0.14193692918863066
0.1407382095978426
0.13953949000705462
0.13834077041626658
0.13714205082547856
0.13594333123469055
0.13474461164390253
0.13354589205311448
0.13241309065655169
0.13131795679954608
0.1302228229425405
0.12912768908553496
0.12803255522852947
0.12693742137152386
0.12584228751451831
0.12474715365751272
0.12365201980050715
0.12255688594350157
0.12151321098420877
0.12051241843967657
0.11951162589514439
0.11851083335061222
0.11751004080608005
0.11650924826154785
0.11550845571701568
0.11450766317248348
0.11350687062795131
0.11250607808341913
0.11154440821306306
0.11062968555171833
0.10971496289037361
0.10880024022902889
0.10788551756768415
0.10697079490633943
0.1060560722449948
0.10514134958365007
0.10422662692230535
0.10331190426096061
0.10242570952798852
0.10158943866966856
0.10075316781134859
0.09991689695302863
0.09908062609470866
0.09824435523638869
0.09740808437806872
0.09657181351974875
0.0957355426614288
0.09489927180310882
0.0940824940674416
0.09331769799218166
0.09255290191692174
0.0917881058416618
0.09102330976640188
0.09025851369114196
0.08949371761588203
0.0887289215406221
0.08796412546536225
0.08719932939010232
0.08644637245515006
0.08574669165158236
0.08504701084801465
0.08434733004444696
0.08364764924087925
0.08294796843731156
0.08224828763374385
0.08154860683017615
0.08084892602660845
0.08014924522304075
0.0794549565536374
0.07881458922587754
0.0781742218981177
0.07753385457035784
0.076893487242598
0.07625311991483814
0.0756127525870783
0.07497238525931844
0.0743320179315586
0.0736916506037988
0.07305128327603895
0.07246528228488902
0.07187928129373908
0.07129328030258915
0.07070727931143922
0.07012127832028928
0.06953527732913933
0.0689492763379894
0.06836327534683947
0.06777727435568953
0.0671912733645396
0.06665024108204341
0.0661137056704126
0.06557717025878179
0.06504063484715096
0.06450409943552016
0.06396756402388934
0.06343102861225852
0.0628944932006277
0.062357957788996894
0.061821422377366084
0.06132176076030872
0.06083029331982318
0.06033882587933764
0.05984735843885211
0.05935589099836657
0.05886442355788103
0.0583729561173955
0.05788148867690997
0.05739002123642443
0.05689855379593889
0.05643706497227929
0.05598681812992942
0.05553657128757955
0.05508632444522968
0.0546360776028798
0.054185830760529935
0.05373558391818006
0.05328533707583019
0.05283509023348031
0.05238484339113044
0.05195856665410232
0.051545987120115204
0.05113340758612812
0.050720828052140995
0.05030824851815388
0.049895668984166766
0.049483089450179644
0.04907050991619252
0.04865793038220541
0.04824535084821829
0.047851487186121935
0.047473220083934564
0.047094952981747186
0.04671668587955981
0.046338418777372437
0.04596015167518506
0.04558188457299768
0.04520361747081031
0.04482535036862293
0.04444708326643555
0.044083032325027145
0.0437360407765535
0.04338904922807985
0.04304205767960624
0.042695066131132595
0.04234807458265895
0.0420010830341853
0.041654091485711656
0.04130709993723801
0.04096010838876436
0.040623614244472826
0.04030549055749999
0.03998736687052714
0.039669243183554304
0.03935111949658146
0.03903299580960862
0.038714872122635774
0.03839674843566294
0.038078624748690094
0.03776050106171725
0.03744949468714774
0.03715746781232045
0.03686544093749315
0.03657341406266585
0.03628138718783856
0.03598936031301129
0.035697333438183994
0.03540530656335669
0.035113279688529404
0.03482125281370211
0.03453360127125241
0.034265638724501925
0.033997676177751436
0.033729713631000954
0.033461751084250466
0.03319378853749998
0.03292582599074949
0.032657863443999
0.03238990089724852
0.03212193835049803
0.03185597013942467
0.03160994528512258
0.03136392043082049
0.031117895576518395
0.030871870722216303
0.03062584586791421
0.030379821013612127
0.030133796159310052
0.029887771305007964
0.029641746450705872
0.02939572159640378
0.029169746533649427
0.028943771470895076
0.02871779640814072
0.028491821345386366
0.028265846282632016
0.028039871219877662
0.027813896157123305
0.027587921094368955
0.0273619460316146
0.027135970968860248
0.02692668908205009
0.02671907651283435
0.02651146394361861
0.026303851374402866
0.026096238805187126
0.025888626235971386
0.025681013666755646
0.025473401097539903
0.02526578852832418
0.02505817595910844
0.02486426109504739
0.024673390165465166
0.024482519235882936
0.024291648306300713
0.02410077737671848
0.023909906447136253
0.023719035517554027
0.0235281645879718
0.023337293658389574
0.023146422728807348
0.022966745317291766
0.022791265475051177
0.022615785632810595
0.022440305790570006
0.022264825948329417
0.022089346106088835
0.021913866263848246
0.02173838642160766
0.021562906579367075
0.0213874267371265
0.021220859717315896
0.021059385738893852
0.020897911760471805
0.02073643778204976
0.020574963803627715
0.020413489825205668
0.020252015846783624
0.02009054186836158
0.019929067889939533
0.01976759391151749
0.019613278215708744
0.01946492775541108
0.019316577295113414
0.01916822683481575
0.019019876374518088
0.018871525914220425
0.018723175453922762
0.018574824993625096
0.018426474533327433
0.01827812407302977
0.01813514906000262
0.017998624583700103
0.017862100107397572
0.01772557563109504
0.017589051154792507
0.01745252667848998
0.017316002202187444
0.017179477725884917
0.017042953249582386
0.016906428773279854
0.016773826307851722
0.016648087361453803
0.01652234841505588
0.01639660946865796
0.016270870522260037
0.016145131575862115
0.016019392629464196
0.015893653683066274
0.015767914736668352
0.01564217579027043
0.015519168572101505
0.015403445962543243
0.015287723352984981
0.015172000743426728
0.015056278133868464
0.0149405555243102
0.014824832914751937
0.014709110305193673
0.01459338769563541
0.01447766508607715
0.014363603383801082
0.014257015764294915
0.014150428144788747
0.014043840525282576
0.01393725290577641
0.013830665286270239
0.013724077666764072
0.013617490047257902
0.013510902427751732
0.013404314808245565
0.013298478671394491
0.013200157361094337
0.013101836050794187
0.013003514740494038
0.012905193430193895
0.012806872119893745
0.012708550809593594
0.012610229499293444
0.012511908188993292
0.012413586878693143
0.012315265568392991
0.012224681882669307
0.012134098196945622
0.012043514511221936
0.01195293082549825
0.011862347139774566
0.011771763454050881
0.011681179768327195
0.01159059608260351
0.011500012396879826
0.01140942871115614
0.011325336919224403
0.011241894316671865
0.011158451714119322
0.011075009111566784
0.010991566509014242
0.01090812390646171
0.010824681303909168
0.010741238701356627
0.010657796098804087
0.01057435349625154
0.010496188604173807
0.010419196536646034
0.01034220446911826
0.010265212401590486
0.010188220334062713
0.010111228266534938
0.010034236199007177
0.009957244131479404
0.00988025206395163
0.009803259996423857
0.009730609906443644
0.009659588058043766
0.009588566209643889
0.009517544361244011
0.009446522512844134
0.009375500664444257
0.00930447881604438
0.009233456967644502
0.009162435119244625
0.009091413270844747
0.009023877108534294
0.008958332766846372
0.008892788425158449
0.008827244083470524
0.008761699741782602
0.008696155400094677
0.008630611058406755
0.008565066716718832
0.008499522375030908
0.008433978033342986
0.008371050803753919
0.008310304500913896
0.008249558198073874
0.008188811895233853
0.008128065592393832
0.00806731928955381
0.008006572986713787
0.007945826683873766
0.007885080381033744
0.007824334078193723
0.007765810838731202
0.007709955275321685
0.007654099711912167
0.007598244148502648
0.007542388585093132
0.007486533021683613
0.007430677458274096
0.007374821894864578
0.007318966331455059
0.007263110768045552
0.007208811220514444
0.007157234700770558
0.007105658181026672
0.007054081661282786
0.0070025051415388995
0.006950928621795012
0.0068993521020511255
0.006847775582307239
0.006796199062563353
0.006744622542819466
0.006694115595674468
0.00664646084212651
0.00659880608857855
0.006551151335030591
0.006503496581482632
0.006455841827934673
0.006408187074386713
0.006360532320838754
0.006312877567290796
0.006265222813742835
0.0062182169670436695
0.006174131201164073
0.0061300454352844775
0.006085959669404881
0.006041873903525285
0.005997788137645689
0.005953702371766092
0.005909616605886496
0.0058655308400069
0.005821445074127303
0.005777654321162149
0.005736813697341418
0.005695973073520687
0.0056551324496999554
0.005614291825879225
0.005573451202058493
0.005532610578237762
0.005491769954417031
0.0054509293305963
0.005410088706775569
0.0053692480829548375
0.00533157560861277
0.005293903134270702
0.005256230659928641
0.005218558185586574
0.005180885711244506
0.0051432132369024375
0.00510554076256037
0.005067868288218302
0.005030195813876235
0.004992523339534167
0.004957409545942133
0.004922551620425103
0.004887693694908072
0.004852835769391042
0.004817977843874012
0.004783119918356981
0.004748261992839952
0.004713404067322922
0.004678546141805892
0.004643688216288861
0.004610903325571669
0.004578579109254441
0.004546254892937212
0.004513930676619983
0.004481606460302755
0.004449282243985526
0.004416958027668297
0.0043846338113510686
0.00435230959503384
0.004319985378716611
0.004289447780864338
0.004259580164936423
0.004229712549008508
0.004199844933080593
0.004169977317152678
0.0041401097012247635
0.004110242085296848
0.004080374469368933
0.004050506853441018
0.004020639237513103
0.003992173839055527
0.00396450970772386
0.003936845576392194
0.003909181445060526
0.003881517313728859
0.0038538531823971967
0.0038261890510655296
0.0037985249197338626
0.003770860788402195
0.003743196657070528
0.003716642076513983
0.0036910121216033737
0.0036653821666927638
0.0036397522117821548
0.0036141222568715453
0.003588492301960936
0.003562862347050327
0.003537232392139717
0.003511602437229108
0.0034859724823184985
0.0034611811906445225
0.003437396294854507
0.0034136113990644915
0.0033898265032744753
0.0033660416074844605
0.0033422567116944447
0.003318471815904429
0.0032946869201144137
0.0032709020243243984
0.0032471171285343827
0.003223984082307248
0.003201991772815155
0.0031799994633230624
0.0031580071538309697
0.003136014844338877
0.003114022534846784
0.0030920302253546915
0.0030700379158625987
0.0030480456063705056
0.0030260532968784132
0.00300448968502717
0.0029840692668848595
0.0029636488487425495
0.002943228430600239
0.0029228080124579286
0.002902387594315618
0.0028819671761733077
0.0028615467580309977
0.0028411263398886873
0.0028207059217463804
0.002800536788945534
0.002781498440181278
0.002762460091417021
0.0027434217426527646
0.002724383393888508
0.002705345045124251
0.0026863066963599947
0.002667268347595738
0.0026482299988314817
0.0026291916500672248
0.002610274689451823
0.0025925716103249717
0.0025748685311981203
0.0025571654520712686
0.0025394623729444172
0.002521759293817565
0.0025040562146907137
0.0024863531355638624
0.0024686500564370106
0.0024509469773101593
0.0024332438981833075
