0.16243365348741975
0.17387181685868092
0.18530998022994205
0.1967481436012032
0.20818630697246432
0.2196244703437255
0.23106263371498664
0.24250079708624778
0.2539389604575089
0.26537712382877005
0.2768152872000312
0.28844743144501783
0.300098973777377
0.31175051610973614
0.32340205844209535
0.33505360077445445
0.3467051431068136
0.35835668543917276
0.370008227771532
0.3816597701038911
0.3933113124362502
0.40327956813163635
0.41287376012991733
0.4224679521281983
0.4320621441264793
0.4416563361247603
0.4512505281230413
0.4608447201213222
0.4704389121196032
0.48003310411788425
0.4896272961161652
0.4972330039114349
0.5040930301305754
0.5109530563497159
0.5178130825688564
0.524673108787997
0.5315331350071374
0.5383931612262779
0.5452531874454184
0.5521132136645589
0.5589732398836994
0.5641651358640379
0.5684038145650612
0.5726424932660843
0.5768811719671074
0.5811198506681305
0.5853585293691537
0.5895972080701769
0.5938358867712
0.5980745654722232
0.6023132441732463
0.6053553506209777
0.6074003135242992
0.6094452764276209
0.6114902393309426
0.6135352022342642
0.6155801651375857
0.6176251280409074
0.619670090944229
0.6217150538475507
0.6237600167508722
0.6250343399867774
0.6253838956217831
0.6257334512567886
0.6260830068917942
0.6264325625267998
0.6267821181618054
0.627131673796811
0.6274812294318166
0.6278307850668222
0.6281803407018278
0.6280805052624454
0.627194235442884
0.6263079656233227
0.6254216958037613
0.6245354259842
0.6236491561646387
0.6227628863450773
0.6218766165255158
0.6209903467059545
0.6201040768863931
0.6189848604652876
0.6172444531067307
0.615504045748174
0.6137636383896171
0.6120232310310604
0.6102828236725035
0.6085424163139467
0.6068020089553898
0.6050616015968331
0.6033211942382762
0.6014797815984974
0.5991838451932184
0.5968879087879397
0.5945919723826609
0.592296035977382
0.5900000995721033
0.5877041631668245
0.5854082267615456
0.5831122903562668
0.5808163539509881
0.5784902861597668
0.5758629045091223
0.5732355228584777
0.5706081412078331
0.5679807595571884
0.5653533779065438
0.5627259962558993
0.5600986146052547
0.5574712329546101
0.5548438513039654
0.5522164696533208
0.5494012648109377
0.5465860599685546
0.5437708551261713
0.540955650283788
0.5381404454414049
0.5353252405990216
0.5325100357566385
0.5296948309142553
0.526879626071872
0.5240644212294888
0.5212052446055649
0.518341670803487
0.515478097001409
0.512614523199331
0.509750949397253
0.506887375595175
0.5040238017930971
0.5011602279910191
0.49829665418894115
0.4954330803868632
0.49259306412420906
0.4897582828703157
0.4869235016164225
0.48408872036252926
0.4812539391086359
0.47841915785474265
0.4755843766008494
0.47274959534695615
0.46991481409306285
0.46708003283916955
0.4642956645249613
0.46153020106313486
0.4587647376013084
0.45599927413948205
0.4532338106776556
0.4504683472158292
0.4477028837540028
0.4449374202921763
0.44217195683035
0.4394064933685235
0.43670483022200646
0.4340396243985231
0.4313744185750399
0.4287092127515567
0.4260440069280734
0.42337880110459014
0.42071359528110686
0.4180483894576236
0.4153831836341404
0.41271797781065717
0.4101153495301835
0.4075648692022179
0.40501438887425234
0.4024639085462868
0.3999134282183212
0.39736294789035564
0.39481246756239
0.39226198723442446
0.38971150690645884
0.3871610265784933
0.3846693021193529
0.3822480847028026
0.3798268672862523
0.3774056498697021
0.37498443245315183
0.3725632150366016
0.3701419976200513
0.367720780203501
0.3652995627869508
0.36287834537040053
0.3605040461236679
0.35821185367411607
0.3559196612245642
0.3536274687750124
0.35133527632546047
0.34904308387590866
0.34675089142635684
0.3444586989768049
0.34216650652725306
0.3398743140777013
0.3376170275430924
0.33545282344833166
0.3332886193535709
0.3311244152588101
0.3289602111640493
0.3267960070692885
0.32463180297452776
0.32246759887976695
0.3203033947850062
0.3181391906902455
0.31599765804667623
0.3139581469334687
0.31191863582026125
0.30987912470705375
0.30783961359384626
0.3058001024806388
0.30376059136743133
0.30172108025422384
0.2996815691410164
0.29764205802780885
0.29561346212378165
0.2936940183115559
0.2917745744993301
0.2898551306871043
0.28793568687487847
0.2860162430626527
0.2840967992504269
0.2821773554382011
0.2802579116259753
0.27833846781374955
0.27641902400152374
0.27461435061259204
0.27280967722366023
0.27100500383472836
0.26920033044579655
0.26739565705686474
0.26559098366793293
0.2637863102790011
0.2619816368900693
0.2601769635011375
0.25837229011220564
0.2566668898225312
0.25497141684278257
0.25327594386303387
0.2515804708832851
0.24988499790353635
0.24818952492378765
0.2464940519440389
0.2447985789642902
0.24310310598454143
0.24140763300479273
0.2397969190758492
0.23820504049152907
0.23661316190720902
0.23502128332288885
0.2334294047385687
0.2318375261542486
0.23024564756992846
0.2286537689856083
0.22706189040128819
0.22547001181696805
0.2239494727458711
0.22245568599223284
0.2209618992385946
0.2194681124849564
0.21797432573131814
0.21648053897767988
0.21498675222404162
0.21349296547040336
0.21199917871676513
0.21050539196312687
0.20907356037697739
0.20767713174367852
0.20628070311037972
0.2048842744770809
0.20348784584378213
0.20209141721048332
0.20069498857718449
0.19929855994388568
0.19790213131058687
0.19650570267728804
0.19515432530770838
0.19384049065789472
0.19252665600808105
0.19121282135826737
0.18989898670845376
0.18858515205864007
0.1872713174088264
0.18595748275901275
0.18464364810919906
0.1833298134593854
0.18205473964360672
0.1808261788286701
0.17959761801373345
0.1783690571987968
0.17714049638386015
0.1759119355689236
0.17468337475398693
0.17345481393905027
0.17222625312411366
0.170997692309177
0.16979664057755556
0.16864372974173564
0.16749081890591572
0.16633790807009585
0.16518499723427593
0.16403208639845607
0.1628791755626362
0.16172626472681634
0.16057335389099645
0.15942044305517655
0.15828808837125885
0.15721055009241364
0.15613301181356842
0.1550554735347232
0.15397793525587805
0.15290039697703284
0.15182285869818762
0.1507453204193425
0.14966778214049728
0.1485902438616521
0.14752508468488637
0.14651563146747815
0.14550617825006995
0.14449672503266175
0.14348727181525356
0.14247781859784536
0.1414683653804372
0.140458912163029
0.13944945894562086
0.13844000572821263
0.13743652790526728
0.13649280402695016
0.13554908014863304
0.13460535627031595
0.13366163239199885
0.1327179085136817
0.1317741846353646
0.1308304607570475
0.12988673687873037
0.1289430130004133
0.12799928912209618
0.12711835672985544
0.12623742433761473
0.125356491945374
0.12447555955313325
0.12359462716089253
0.12271369476865178
0.12183276237641105
0.12095182998417031
0.12007089759192958
0.1191899651996889
0.11836117342323851
0.11753759570836719
0.11671401799349587
0.11589044027862455
0.1150668625637532
0.11424328484888188
0.11341970713401055
0.11259612941913923
0.1117725517042679
0.11094897398939661
0.1101711579390579
0.10940351114750424
0.10863586435595057
0.1078682175643969
0.10710057077284323
0.10633292398128955
0.10556527718973588
0.10479763039818221
0.10402998360662855
0.10326233681507486
0.10253135775564338
0.10181412909575767
0.10109690043587197
0.10037967177598622
0.09966244311610052
0.09894521445621479
0.09822798579632909
0.09751075713644336
0.09679352847655766
0.09607629981667193
0.09538990499789951
0.09472112951690614
0.09405235403591272
0.09338357855491933
0.09271480307392593
0.09204602759293253
0.09137725211193912
0.09070847663094572
0.09003970114995231
0.0893709256689589
0.08872696132183455
0.08810367291960108
0.08748038451736762
0.08685709611513413
0.08623380771290065
0.08561051931066715
0.08498723090843367
0.08436394250620019
0.0837406541039667
0.08311736570173323
0.08251416389813361
0.08193506601289467
0.08135596812765575
0.08077687024241681
0.08019777235717787
0.07961867447193895
0.07903957658670001
0.07846047870146107
0.0778813808162222
0.07730228293098325
0.07673703615886476
0.07619602883470701
0.07565502151054926
0.07511401418639152
0.07457300686223378
0.07403199953807603
0.07349099221391828
0.07294998488976054
0.0724089775656028
0.07186797024144505
0.07133718493125529
0.07083365832498018
0.07033013171870504
0.06982660511242991
0.0693230785061548
0.06881955189987968
0.06831602529360455
0.06781249868732941
0.0673089720810543
0.06680544547477918
0.06630829216661449
0.06583981869994647
0.06537134523327848
0.06490287176661047
0.06443439829994248
0.06396592483327448
0.06349745136660648
0.06302897789993847
0.06256050443327046
0.06209203096660247
0.06162660643610721
0.061191671267339445
0.06075673609857168
0.06032180092980391
0.059886865761036134
0.05945193059226836
0.05901699542350059
0.05858206025473282
0.058147125085965055
0.05771218991719728
0.05727725474842951
0.05687203495378978
0.056466815159150086
0.056061595364510344
0.05565637556987062
0.05525115577523089
0.05484593598059115
0.05444071618595142
0.05403549639131168
0.05363027659667195
0.053225056802032225
0.05284585016470181
0.05246924484310232
0.05209263952150284
0.05171603419990335
0.05133942887830387
0.05096282355670438
0.050586218235104896
0.05020961291350541
0.049833007591905926
0.04945640227030644
0.0491016020873235
0.04875164749069979
0.048401692894076094
0.04805173829745239
0.04770178370082867
0.047351829104204955
0.04700187450758124
0.046651919910957525
0.04630196531433381
0.045952010717710094
0.04562017238607949
0.0452951276538213
0.04497008292156312
0.04464503818930493
0.04431999345704674
0.043994948724788555
0.04366990399253037
0.04334485926027218
0.043019814528014
0.042694769795755816
0.04238444006906245
0.04208251891697757
0.04178059776489269
0.04147867661280781
0.04117675546072295
0.040874834308638065
0.04057291315655318
0.0402709920044683
0.03996907085238342
0.03966714970029853
0.03937702314672363
0.03909672542524038
0.03881642770375713
0.038536129982273876
0.03825583226079063
0.03797553453930738
0.037695236817824135
0.03741493909634088
0.03713464137485763
0.03685434365337438
0.03658317764050281
0.03632296967796524
0.03606276171542769
0.03580255375289013
0.03554234579035257
0.035282137827815016
0.03502192986527748
0.03476172190273992
0.034501513940202365
0.03424130597766481
0.03398787447563174
0.03374630177948153
0.033504729083331304
0.033263156387181095
0.03302158369103088
0.03278001099488067
0.03253843829873045
0.032296865602580244
0.03205529290643003
0.03181372021027981
0.03157690087221614
0.03135275715571659
0.031128613439217034
0.030904469722717477
0.03068032600621792
0.030456182289718366
0.03023203857321881
0.030007894856719255
0.029783751140219722
0.02955960742372016
0.029338400717691532
0.029130410558782058
0.028922420399872587
0.028714430240963113
0.028506440082053636
0.02829844992314417
0.028090459764234695
0.02788246960532522
0.027674479446415746
0.027466489287506276
0.027259858114556182
0.0270668168011999
0.02687377548784362
0.026680734174487332
0.026487692861131052
0.026294651547774772
0.02610161023441849
0.025908568921062206
0.025715527607705922
0.02552248629434966
0.025329444980993376
0.025150679546824522
0.02497191411265567
0.024793148678486816
0.024614383244317965
0.02443561781014911
0.024256852375980256
0.024078086941811405
0.02389932150764255
0.023720556073473696
0.02354179063930484
0.023374529916691686
0.023208419665234098
0.023042309413776517
0.02287619916231893
0.02271008891086134
0.022543978659403753
0.022377868407946172
0.022211758156488584
0.022045647905030996
0.02187953765357341
0.021723225867490047
0.02156909151815649
0.021414957168822926
0.021260822819489374
0.021106688470155816
0.02095255412082226
0.020798419771488698
0.020644285422155143
0.020490151072821584
0.02033601672348803
0.020190027849325227
0.020047093528351465
0.019904159207377703
0.019761224886403937
0.01961829056543018
0.019475356244456413
0.01933242192348265
0.019189487602508888
0.019046553281535122
0.01890361896056136
0.0187672735846887
0.018634693320302386
0.01850211305591609
0.018369532791529777
0.01823695252714346
0.01810437226275715
0.017971791998370838
0.017839211733984527
0.01770663146959821
0.0175740512052119
0.017446707453395684
0.017323727462054545
0.0172007474707134
0.017077767479372265
0.016954787488031125
0.016831807496689985
0.016708827505348845
0.016585847514007705
0.01646286752266657
0.01633988753132543
0.0162209221166963
0.01610677419412159
0.015992626271546885
0.015878478348972186
0.015764330426397476
0.015650182503822767
0.01553603458124806
0.015421886658673351
0.015307738736098643
0.015193590813523936
0.015082478276266725
0.014976677663315134
0.014870877050363546
0.01476507643741196
0.01465927582446037
0.014553475211508782
0.014447674598557192
0.014341873985605602
0.014236073372654015
0.014130272759702427
0.014026559992398066
0.013928414813486313
0.013830269634574562
0.013732124455662808
0.013633979276751059
0.013535834097839317
0.013437688918927562
0.013339543740015811
0.01324139856110406
0.013143253382192308
0.013046427231915262
0.012955536710494396
0.01286464618907353
0.012773755667652664
0.012682865146231797
0.012591974624810931
0.012501084103390066
0.012410193581969202
0.012319303060548334
0.01222841253912747
0.012138104960195684
0.012053626806154715
0.011969148652113746
0.011884670498072776
0.011800192344031808
0.01171571418999084
0.011631236035949871
0.011546757881908908
0.01146227972786794
0.01137780157382697
0.011293323419786002
0.011214947059240374
0.011136570698694746
0.011058194338149117
0.010979817977603489
0.010901441617057861
0.010823065256512231
0.010744688895966605
0.010666312535420976
0.01058793617487535
0.01050955981432972
0.010436326351984658
0.010363607179459654
0.01029088800693465
0.010218168834409647
0.010145449661884642
0.010072730489359638
0.010000011316834633
0.00992729214430963
0.009854572971784631
0.009781853799259627
0.009713427031491641
0.009645954131447438
0.009578481231403233
0.009511008331359032
0.009443535431314827
0.009376062531270624
0.009308589631226421
0.009241116731182218
0.009173643831138013
0.009106170931093812
0.009042231035401136
0.008979616016340288
0.008917000997279437
0.008854385978218589
0.00879177095915774
0.00872915594009689
0.008666540921036041
0.00860392590197519
0.008541310882914342
0.008478695863853499
0.008418818949123169
0.008360506665438854
0.008302194381754538
0.008243882098070223
0.008185569814385906
0.008127257530701591
0.008068945247017274
0.008010632963332959
0.007952320679648643
0.007894008395964328
0.007838097796291419
0.0077841885999613515
0.007730279403631283
0.0076763702073012145
0.007622461010971146
0.007568551814641078
0.00751464261831101
0.007460733421980942
0.007406824225650874
0.007352915029320805
0.007300761863211697
0.007250715933367743
0.007200670003523786
0.007150624073679827
0.007100578143835868
0.00705053221399191
0.007000486284147952
0.006950440354303994
0.0069003944244600355
0.006850348494616077
0.006801604909189044
0.006755140426491627
0.006708675943794212
0.006662211461096796
0.006615746978399379
0.006569282495701963
0.006522818013004548
0.006476353530307131
0.006429889047609716
0.0063834245649123
0.006337866267006603
0.006294724461878825
0.006251582656751046
0.006208440851623272
0.006165299046495494
0.006122157241367716
0.006079015436239938
0.00603587363111216
0.005992731825984381
0.005949590020856603
0.005907007498251852
0.005866941747000718
0.005826875995749584
0.00578681024449845
0.005746744493247316
0.005706678741996182
0.005666612990745048
0.005626547239493914
0.00558648148824278
0.005546415736991647
0.0055066091937723775
0.005469394730871757
0.005432180267971137
0.005394965805070517
0.005357751342169901
0.00532053687926928
0.00528332241636866
0.005246107953468039
0.005208893490567419
0.005171679027666799
0.005134464564766178
0.0050998953896257285
0.005065326214485279
0.005030757039344828
0.004996187864204379
0.004961618689063928
0.004927049513923479
0.004892480338783029
0.004857911163642579
0.004823341988502129
0.0047887728133616785
0.0047564309878433296
0.00472431189728719
0.004692192806731051
0.004660073716174912
0.004627954625618772
0.004595835535062635
0.004563716444506496
0.004531597353950357
0.004499478263394217
0.004467359172838074
0.004437098419965841
0.004407250631023365
0.004377402842080889
0.004347555053138413
0.0043177072641959365
0.00428785947525346
0.00425801168631099
0.004228163897368513
0.004198316108426037
0.00416846831948356
0.004140153647941937
0.004112413895425633
0.004084674142909328
0.004056934390393024
0.00402919463787672
0.004001454885360416
0.003973715132844112
0.003945975380327807
0.003918235627811502
0.0038904958752951986
0.0038639988149965507
0.003838211864536564
0.003812424914076577
0.00378663796361659
0.0037608510131566034
0.0037350640626966163
0.0037092771122366297
0.0036834901617766426
0.003657703211316656
0.0036319162608566685
0.0036069517070689153
0.0035826724838413553
0.0035583932606137953
0.0035341140373862357
0.003509834814158676
0.0034855555909311157
0.003461276367703556
0.003436997144475996
0.003412717921248436
0.003388438698020876
0.003365077340307464
0.003342817421211028
0.003320557502114592
0.003298297583018156
0.0032760376639217204
0.003253777744825285
0.0032315178257288487
0.0032092579066324133
0.003186997987535977
0.0031647380684395455
0.0031430430353343417
0.0031223365527137934
0.0031016300700932456
0.0030809235874726974
0.003060217104852149
0.003039510622231601
0.0030188041396110527
0.0029980976569905044
0.002977391174369956
0.0029566846917494084
0.002936371244380836
0.002917105891017534
0.0028978405376542324
0.00287857518429093
0.002859309830927628
0.0028400444775643257
0.0028207791242010234
0.002801513770837721
0.002782248417474419
0.002762983064111117
0.0027439610746146275
0.002726034222518798
0.002708107370422968
0.002690180518327138
0.0026722536662313083
0.002654326814135478
0.0026363999620396487
0.0026184731099438184
0.0026005462578479886
0.002582619405752159
0.002564805359009375
0.0025481193657970547
0.002531433372584734
0.002514747379372413
0.002498061386160093
0.0024813753929477716
0.0024646893997354513
0.0024480034065231305
0.0024313174133108097
0.002414631420098489
0.002397945426886168
0.0023824112606421646
0.0023668770943981606
0.0023513429281541596
0.002335808761910156
0.0023202745956661525
0.0023047404294221484
0.002289206263178145
0.002273672096934141
0.002258137930690137
0.0022426037644461333
0.0022280423927265552
0.0022135783004594203
0.0021991142081922844
0.0021846501159251495
0.002170186023658014
0.0021557219313908787
0.0021412578391237433
0.002126793746856608
0.002112329654589473
0.0020978655623223375
0.002084213495196991
0.0020707418781031536
0.002057270261009316
0.0020437986439154785
0.0020303270268216406
0.0020168554097278035
0.0020033837926339655
0.001989912175540128
0.0019764405584462904
0.001962968941352453
0.001950167516644816
0.0019376174140820035
0.0019250673115191914
0.0019125172089563796
0.0018999671063935678
0.0018874170038307555
0.0018748669012679435
0.0018623167987051317
0.0018497666961423197
0.0018372165935795076
0.0018252114661395549
0.0018135177530555222
0.0018018240399714895
0.0017901303268874564
0.0017784366138034234
0.001766742900719393
0.00175504918763536
0.001743355474551327
0.0017316617614672944
0.0017199680483832615
0.0017087078821406553
0.0016978090049325715
0.0016869101277244875
0.0016760112505164039
0.0016651123733083199
0.0016542134961002358
0.001643314618892152
0.001632415741684068
0.0016215168644759844
0.0016106179872679004
0.0016000548499067032
0.0015898946003617704
0.0015797343508168371
0.0015695741012719039
0.001559413851726971
0.001549253602182038
0.001539093352637105
0.0015289331030921718
0.0015187728535472388
0.0015086126040023055
0.0014987019929411129
0.0014892282492264652
0.0014797545055118177
0.00147028076179717
0.0014608070180825224
0.001451333274367875
0.0014418595306532273
0.0014323857869385798
0.0014229120432239324
0.0014134382995092845
0.001404138502144835
0.0013953025617142463
0.0013864666212836576
0.0013776306808530687
0.0013687947404224803
0.0013599587999918916
0.001351122859561303
0.0013422869191307143
0.0013334509787001256
0.0013246150382695385
0.001315886857851562
0.001307643597490341
0.0012994003371291198
0.0012911570767678987
0.0012829138164066776
0.0012746705560454567
0.0012664272956842357
0.0012581840353230146
0.0012499407749617933
0.0012416975146005722
0.0012335043760233126
0.0012258124552856694
0.001218120534548026
0.0012104286138103825
0.0012027366930727392
0.0011950447723350955
0.0011873528515974523
0.0011796609308598088
0.0011719690101221654
0.001164277089384522
0.0011565851686468785
