0.2505554236640349
0.2755510329350299
0.3005466422060248
0.3255422514770198
0.35053786074801474
0.3755334700190097
0.40052907929000464
0.4255246885609996
0.4505202978319946
0.4755159071029896
0.5005115163739845
0.525352534843177
0.550178094232189
0.5750036536212011
0.5998292130102134
0.6246547723992255
0.6494803317882376
0.6743058911772497
0.699131450566262
0.7239570099552741
0.7487825693442862
0.7697360868777051
0.7898291506654367
0.8099222144531681
0.8300152782408995
0.8501083420286311
0.8702014058163624
0.890294469604094
0.9103875333918253
0.9304805971795569
0.9505736609672883
0.9663810747103625
0.9805813696866903
0.994781664663018
1.0089819596393457
1.0231822546156735
1.0373825495920013
1.0515828445683288
1.0657831395446566
1.0799834345209844
1.094183729497312
1.1048834831086969
1.1135829273686857
1.1222823716286745
1.1309818158886633
1.1396812601486523
1.1483807044086412
1.15708014866863
1.1657795929286188
1.1744790371886076
1.1831784814485964
1.189398371023401
1.1935519650272193
1.197705559031037
1.201859153034855
1.206012747038673
1.210166341042491
1.214319935046309
1.218473529050127
1.222627123053945
1.226780717057763
1.2293434289531602
1.2299970823184525
1.230650735683745
1.2313043890490376
1.2319580424143302
1.2326116957796227
1.233265349144915
1.2339190025102074
1.2345726558755
1.2352263092407922
1.234949000694404
1.2330425088025736
1.2311360169107435
1.2292295250189134
1.227323033127083
1.2254165412352527
1.2235100493434226
1.2216035574515922
1.219697065559762
1.2177905736679318
1.215396415479816
1.211701813834938
1.2080072121900607
1.2043126105451831
1.2006180089003053
1.1969234072554276
1.19322880561055
1.1895342039656722
1.1858396023207947
1.1821450006759169
1.1782348584883493
1.1733547838586766
1.1684747092290042
1.1635946345993315
1.1587145599696589
1.1538344853399862
1.1489544107103138
1.1440743360806411
1.1391942614509685
1.1343141868212958
1.1293677262353572
1.1237574060867574
1.1181470859381577
1.1125367657895582
1.1069264456409584
1.101316125492359
1.0957058053437592
1.0900954851951594
1.0844851650465597
1.07887484489796
1.0732645247493602
1.0672574290951704
1.0612503334409804
1.0552432377867904
1.0492361421326006
1.0432290464784106
1.0372219508242209
1.0312148551700309
1.0252077595158409
1.0192006638616509
1.0131935682074609
1.0070167843216447
1.000823031612666
0.9946292789036871
0.9884355261947082
0.9822417734857294
0.9760480207767506
0.9698542680677718
0.9636605153587929
0.9574667626498139
0.9512730099408351
0.9451077529633235
0.9389488283705824
0.9327899037778413
0.9266309791851002
0.9204720545923589
0.9143131299996179
0.9081542054068766
0.9019952808141356
0.8958363562213945
0.8896774316286533
0.883628856053382
0.8776216613596621
0.8716144666659421
0.8656072719722221
0.8596000772785021
0.853592882584782
0.8475856878910619
0.8415784931973419
0.8355712985036219
0.829564103809902
0.8236922527560295
0.8178977409249271
0.8121032290938247
0.8063087172627225
0.8005142054316201
0.7947196936005176
0.7889251817694154
0.7831306699383129
0.7773361581072106
0.7715416462761083
0.7658902858610921
0.7603582182928142
0.7548261507245366
0.7492940831562589
0.7437620155879812
0.7382299480197034
0.7326978804514257
0.727165812883148
0.7216337453148702
0.7161016777465925
0.7106993971014777
0.7054528607641585
0.700206324426839
0.6949597880895197
0.6897132517522002
0.684466715414881
0.6792201790775616
0.6739736427402423
0.6687271064029229
0.6634805700656036
0.658347597388529
0.6534133611168828
0.6484791248452363
0.6435448885735902
0.6386106523019437
0.6336764160302975
0.6287421797586512
0.623807943487005
0.6188737072153585
0.6139394709437124
0.6090898038554299
0.6044656545894515
0.5998415053234729
0.5952173560574945
0.5905932067915158
0.5859690575255374
0.5813449082595588
0.5767207589935803
0.5720966097276018
0.5674724604616235
0.5629041001490687
0.5585867901269206
0.5542694801047727
0.5499521700826248
0.5456348600604767
0.5413175500383287
0.5370002400161807
0.5326829299940328
0.5283656199718848
0.5240483099497368
0.5197581433450164
0.515739410914568
0.5117206784841196
0.5077019460536712
0.5036832136232229
0.4996644811927745
0.49564574876232614
0.4916270163318778
0.4876082839014294
0.4835895514709811
0.4795708190405327
0.4758391281631043
0.4721074372856757
0.4683757464082471
0.46464405553081856
0.46091236465338997
0.4571806737759614
0.45344898289853286
0.4497172920211042
0.44598560114367564
0.44225391026624705
0.43877081810966584
0.4353125858251695
0.431854353540673
0.42839612125617643
0.42493788897167994
0.4214796566871834
0.41802142440268686
0.41456319211819037
0.4111049598336939
0.4076467275491974
0.4044001186514867
0.4012005371730616
0.39800095569463684
0.3948013742162118
0.39160179273778684
0.3884022112593618
0.3852026297809369
0.38200304830251186
0.3788034668240869
0.37560388534566186
0.37258125663783664
0.3696249852189864
0.3666687138001361
0.3637124423812859
0.3607561709624356
0.3577998995435854
0.3548436281247351
0.3518873567058847
0.3489310852870345
0.3459748138681842
0.3431695917653711
0.3404506835574363
0.3377317753495015
0.33501286714156675
0.332293958933632
0.32957505072569726
0.3268561425177625
0.3241372343098277
0.32141832610189297
0.3186994178939581
0.31609073593123527
0.3135739091728556
0.31105708241447594
0.3085402556560963
0.3060234288977167
0.3035066021393371
0.3009897753809574
0.2984729486225778
0.2959561218641981
0.29343929510581845
0.29101468113009976
0.2887007224935742
0.28638676385704864
0.28407280522052314
0.2817588465839975
0.27944488794747213
0.2771309293109465
0.27481697067442096
0.27250301203789545
0.2701890534013699
0.2679399684464535
0.26580441243435327
0.26366885642225296
0.2615333004101527
0.25939774439805247
0.2572621883859522
0.255126632373852
0.2529910763617518
0.25085552034965153
0.24871996433755125
0.24663104207149505
0.24466647646155648
0.24270191085161788
0.24073734524167928
0.23877277963174065
0.23680821402180208
0.23484364841186345
0.23287908280192493
0.23091451719198633
0.22894995158204776
0.22701389863194268
0.22520615265108865
0.22339840667023464
0.22159066068938063
0.21978291470852657
0.21797516872767256
0.21616742274681855
0.2143596767659645
0.21255193078511056
0.21074418480425655
0.20894966769741696
0.20728743933072225
0.20562521096402753
0.20396298259733278
0.2023007542306381
0.20063852586394337
0.19897629749724866
0.1973140691305539
0.19565184076385916
0.19398961239716453
0.1923273840304698
0.19079978304787715
0.1892721820652845
0.18774458108269182
0.18621698010009916
0.1846893791175065
0.18316177813491383
0.18163417715232116
0.1801065761697285
0.17857897518713584
0.17705137420454323
0.17563586198877532
0.17423155864968987
0.17282725531060444
0.17142295197151897
0.17001864863243354
0.16861434529334807
0.16721004195426264
0.16580573861517717
0.16440143527609175
0.16299713193700638
0.16168609977853066
0.16039579454907935
0.159105489319628
0.15781518409017667
0.15652487886072536
0.15523457363127402
0.15394426840182268
0.15265396317237137
0.15136365794292003
0.15007335271346872
0.14886054868889786
0.14767680761615712
0.14649306654341637
0.14530932547067563
0.14412558439793488
0.14294184332519413
0.1417581022524534
0.14057436117971264
0.1393906201069719
0.13820687903423115
0.13708325092187768
0.13599397307260264
0.13490469522332754
0.1338154173740525
0.1327261395247774
0.13163686167550234
0.13054758382622728
0.1294583059769522
0.12836902812767714
0.12727975027840205
0.1262388213051221
0.12523818306183807
0.12423754481855406
0.12323690657527002
0.12223626833198599
0.12123563008870195
0.12023499184541789
0.11923435360213387
0.11823371535884983
0.11723307711556578
0.11626949701160101
0.11535038667481934
0.1144312763380377
0.11351216600125603
0.11259305566447439
0.11167394532769273
0.11075483499091107
0.10983572465412941
0.10891661431734784
0.10799750398056619
0.10710651526260985
0.10626473937759787
0.10542296349258587
0.1045811876075739
0.1037394117225619
0.1028976358375499
0.10205585995253791
0.10121408406752591
0.10037230818251393
0.09953053229750194
0.09870660235445684
0.09793026158999012
0.0971539208255234
0.0963775800610567
0.09560123929658998
0.09482489853212328
0.09404855776765655
0.09327221700318986
0.09249587623872313
0.09171953547425642
0.09095467420417001
0.09024147065879463
0.08952826711341927
0.08881506356804389
0.08810186002266851
0.08738865647729314
0.08667545293191778
0.0859622493865424
0.08524904584116703
0.08453584229579165
0.08382791556197622
0.08317275694376018
0.08251759832554414
0.08186243970732811
0.08120728108911207
0.08055212247089602
0.07989696385268
0.07924180523446395
0.07858664661624791
0.07793148799803187
0.07727632937981584
0.07667554152465561
0.07607475366949544
0.07547396581433521
0.07487317795917499
0.07427239010401476
0.07367160224885452
0.07307081439369431
0.07247002653853407
0.07186923868337386
0.07126845082821362
0.07071066472740742
0.0701571788020366
0.0696036928766658
0.06905020695129499
0.06849672102592416
0.06794323510055336
0.06738974917518256
0.06683626324981175
0.06628277732444093
0.06572929139907013
0.065212422445898
0.06470369059765893
0.06419495874941988
0.06368622690118081
0.06317749505294173
0.06266876320470265
0.06216003135646356
0.061651299508224476
0.061142567659985395
0.06063383581174631
0.060155053754917615
0.05968750286986782
0.059219951984818026
0.05875240109976823
0.05828485021471844
0.05781729932966864
0.05734974844461885
0.056882197559569046
0.05641464667451926
0.05594709578946946
0.05550348779669683
0.05507356145665402
0.0546436351166112
0.05421370877656839
0.05378378243652561
0.0533538560964828
0.05292392975643998
0.052494003416397164
0.052064077076354354
0.051634150736311536
0.051223145210333824
0.050827907029410355
0.05043266884848689
0.05003743066756343
0.049642192486639966
0.0492469543057165
0.04885171612479304
0.04845647794386958
0.048061239762946115
0.04766600158202265
0.047285197004376764
0.04692171275066395
0.046558228496951154
0.04619474424323834
0.04583125998952554
0.04546777573581273
0.04510429148209996
0.04474080722838715
0.044377322974674345
0.04401383872096154
0.04366097608100123
0.04332670126510781
0.04299242644921439
0.04265815163332096
0.04232387681742753
0.04198960200153411
0.04165532718564068
0.04132105236974726
0.04098677755385383
0.0406525027379604
0.04032549613927085
0.040017871453124965
0.03971024676697908
0.03940262208083319
0.0390949973946873
0.03878737270854142
0.03847974802239553
0.03817212333624964
0.03786449865010378
0.0375568739639579
0.037253710866097633
0.03697062491552267
0.03668753896494771
0.03640445301437275
0.03612136706379779
0.03583828111322282
0.03555519516264786
0.0352721092120729
0.034989023261497935
0.034705937310922974
0.03442488877668044
0.034164214405762186
0.03390354003484393
0.03364286566392566
0.0333821912930074
0.033121516922089145
0.03286084255117089
0.03260016818025263
0.03233949380933437
0.03207881943841613
0.031818145067497874
0.03157827121306367
0.03133839735862946
0.03109852350419525
0.030858649649761045
0.03061877579532684
0.030378901940892628
0.030139028086458422
0.029899154232024217
0.029659280377590008
0.0294194065231558
0.029196794300215843
0.028975908240425306
0.028755022180634773
0.028534136120844236
0.0283132500610537
0.028092364001263165
0.027871477941472628
0.027650591881682094
0.027429705821891557
0.027208819762101023
0.027002112645047392
0.026798556404157504
0.02659500016326761
0.026391443922377723
0.026187887681487824
0.025984331440597933
0.02578077519970804
0.02557721895881815
0.025373662717928257
0.025170106477038365
0.024978281242788253
0.02479085513602806
0.024603429029267872
0.02441600292250768
0.02422857681574749
0.024041150708987297
0.023853724602227108
0.023666298495466916
0.023478872388706724
0.023291446281946532
0.02311338413187142
0.022940672814187782
0.022767961496504157
0.022595250178820518
0.022422538861136883
0.02224982754345324
0.022077116225769598
0.02190440490808596
0.02173169359040232
0.021558982272718682
0.021393642469398826
0.02123444559471545
0.021075248720032077
0.020916051845348702
0.02075685497066533
0.020597658095981956
0.020438461221298585
0.02027926434661521
0.020120067471931836
0.01996087059724846
0.01980727724183362
0.019660408109541012
0.019513538977248404
0.01936666984495581
0.0192198007126632
0.019072931580370593
0.018926062448077985
0.018779193315785377
0.018632324183492772
0.018485455051200163
0.018342779530179248
0.018207442828883806
0.018072106127588354
0.017936769426292912
0.017801432724997464
0.01766609602370202
0.017530759322406574
0.01739542262111113
0.01726008591981568
0.017124749218520235
0.016992274989664356
0.016867434020647325
0.016742593051630297
0.016617752082613263
0.016492911113596236
0.016368070144579215
0.016243229175562184
0.016118388206545153
0.015993547237528122
0.01586870626851109
0.015745606101821172
0.01563033954560324
0.01551507298938531
0.015399806433167379
0.015284539876949447
0.015169273320731518
0.015054006764513586
0.014938740208295656
0.014823473652077727
0.014708207095859795
0.014593756513532678
0.014487465670113707
0.014381174826694734
0.01427488398327576
0.014168593139856786
0.014062302296437814
0.01395601145301884
0.013849720609599877
0.013743429766180903
0.013637138922761931
0.013530848079342957
0.013432724983028691
0.013334601886714422
0.013236478790400154
0.013138355694085889
0.013040232597771621
0.012942109501457353
0.012843986405143084
0.012745863308828818
0.01264774021251455
0.012549617116200285
0.012458272573128036
0.012367605885379987
0.012276939197631941
0.012186272509883894
0.012095605822135848
0.0120049391343878
0.011914272446639753
0.011823605758891707
0.011732939071143669
0.011642272383395621
0.011557617234470598
0.011474297983061803
0.011390978731653009
0.011307659480244214
0.011224340228835419
0.011141020977426624
0.011057701726017829
0.010974382474609034
0.010891063223200239
0.010807743971791444
0.010728768072048455
0.010651420929180144
0.010574073786311835
0.010496726643443524
0.010419379500575214
0.010342032357706903
0.010264685214838594
0.010187338071970285
0.010109990929101973
0.01003264378623367
0.00995882691460891
0.00988702734083761
0.009815227767066307
0.009743428193295005
0.009671628619523705
0.0095998290457524
0.0095280294719811
0.009456229898209798
0.009384430324438496
0.009312630750667192
0.009243982257812006
0.009177959665720247
0.009111937073628487
0.00904591448153673
0.00897989188944497
0.00891386929735321
0.008847846705261451
0.008781824113169693
0.008715801521077933
0.008649778928986173
0.008586017391562468
0.008524969119740428
0.008463920847918385
0.00840287257609634
0.008341824304274294
0.00828077603245225
0.008219727760630206
0.008158679488808161
0.008097631216986118
0.008036582945164072
0.007977202111371188
0.00792073929412933
0.007864276476887472
0.007807813659645615
0.0077513508424037585
0.007694888025161901
0.007638425207920044
0.007581962390678186
0.007525499573436329
0.007469036756194473
0.007413727751100296
0.0073614955783999365
0.007309263405699578
0.007257031232999223
0.0072047990602988644
0.007152566887598504
0.007100334714898144
0.0070481025421977855
0.006995870369497426
0.006943638196797067
0.006892114465336739
0.00684377871945656
0.0067954429735763815
0.006747107227696202
0.006698771481816024
0.006650435735935843
0.0066020999900556635
0.006553764244175485
0.006505428498295305
0.006457092752415126
0.006409083710413027
0.006364341707191731
0.006319599703970437
0.006274857700749141
0.006230115697527851
0.006185373694306555
0.00614063169108526
0.006095889687863964
0.006051147684642669
0.006006405681421374
0.005961663678200078
0.005920239613421061
0.005878815548642044
0.005837391483863027
0.00579596741908401
0.005754543354304993
0.005713119289525975
0.005671695224746958
0.005630271159967941
0.0055888470951889245
0.005547423030409907
0.005508779648937929
0.005470414335796653
0.00543204902265538
0.0053936837095141035
0.005355318396372828
0.005316953083231558
0.005278587770090283
0.005240222456949007
0.005201857143807732
0.005163491830666454
0.005127436224093762
0.005091893885647421
0.00505635154720108
0.00502080920875474
0.004985266870308399
0.004949724531862059
0.004914182193415724
0.004878639854969383
0.004843097516523043
0.004807555178076702
0.0047739099798482735
0.004740976209201564
0.004708042438554854
0.004675108667908144
0.004642174897261434
0.004609241126614724
0.004576307355968014
0.0045433735853213034
0.004510439814674593
0.004477506044027883
0.00444610377383178
0.004415576646750307
0.004385049519668835
0.004354522392587364
0.004323995265505892
0.00429346813842442
0.004262941011342948
0.0042324138842614765
0.004201886757180005
0.004171359630098534
0.004141796492265722
0.004113036678806794
0.004084276865347866
0.004055517051888938
0.004026757238430011
0.003997997424971082
0.003969237611512154
0.003940477798053226
0.003911717984594299
0.0038829581711353704
0.003855364270456275
0.0038291694651129797
0.003802974659769684
0.0037767798544263882
0.0037505850490830933
0.003724390243739797
0.003698195438396502
0.003672000633053206
0.00364580582770991
0.003619611022366619
0.0035941037701946203
0.0035697997360723916
0.003545495701950163
0.0035211916678279344
0.0034968876337057057
0.003472583599583477
0.003448279565461248
0.0034239755313390198
0.0033996714972167907
0.003375367463094562
0.0033515401121521414
0.003328983916355877
0.0033064277205596118
0.003283871524763347
0.0032613153289670817
0.003238759133170817
0.0032162029373745526
0.0031936467415782876
0.0031710905457820225
0.0031485343499857575
0.003126272298894484
0.0031053338989756717
0.00308439549905686
0.003063457099138047
0.0030425186992192356
0.0030215802993004233
0.003000641899381611
0.0029797034994627986
0.0029587650995439863
0.0029378266996251744
0.002917024199596554
0.0028975806984698474
0.002878137197343141
0.002858693696216434
0.002839250195089728
0.002819806693963021
0.0028003631928363148
0.002780919691709608
0.002761476190582902
0.0027420326894561954
0.002722589188329489
0.002704528838625955
0.002686468488922421
0.00266840813921889
0.0026503477895153562
0.002632287439811822
0.0026142270901082882
0.0025961667404047544
0.0025781063907012202
0.0025600460409976864
0.0025419856912941526
0.002525089893805917
0.0025083105515392124
0.0024915312092725073
0.002474751867005802
0.002457972524739097
0.002441193182472392
0.002424413840205687
0.0024076344979389822
0.002390855155672277
0.002374075813405572
0.002358265690118324
0.0023426709488265107
0.0023270762075346977
0.002311481466242885
0.002295886724951071
0.0022802919836592585
0.002264697242367445
0.0022491025010756317
0.002233507759783819
0.002217913018492006
0.002203115918289847
0.002188617933496309
0.0021741199487027704
0.0021596219639092324
0.0021451239791156944
0.002130625994322156
0.0021161280095286176
0.0021016300247350796
0.0020871320399415416
0.002072634055148003
0.002058782874138411
0.0020453012952910726
0.002031819716443735
0.0020183381375963967
0.002004856558749059
0.0019913749799017233
0.0019778934010543855
0.0019644118222070473
0.0019509302433597094
0.0019374486645123714
0.001924480276581279
0.0019119395477470585
0.0018993988189128373
0.0018868580900786164
0.0018743173612443959
0.0018617766324101749
0.001849235903575954
0.0018366951747417332
0.0018241544459075124
0.0018116137170732915
0.0017994693155455792
0.0017878005067856772
0.001776131698025775
0.0017644628892658728
0.001752794080505971
0.0017411252717460688
0.0017294564629861666
0.0017177876542262647
0.0017061188454663627
0.0016944500367064605
0.0016830752385375595
0.0016722149589029102
0.0016613546792682609
0.001650494399633612
0.0016396341199989626
0.0016287738403643138
0.0016179135607296644
0.0016070532810950153
0.0015961930014603662
0.0015853327218257169
0.001574676769007986
0.0015645656877020372
0.0015544546063960888
0.0015443435250901399
0.0015342324437841914
0.0015241213624782428
0.001514010281172294
0.0015038991998663456
0.0014937881185603968
0.00148367703725445
0.0014736922489743756
0.0014642757793107359
0.001454859309647096
0.0014454428399834564
0.0014360263703198164
0.0014266099006561767
0.001417193430992537
0.0014077769613288973
0.0013983604916652575
0.0013889440220016176
0.0013795861597474318
0.0013708143715877867
0.0013620425834281417
0.0013532707952684966
0.001344499007108852
0.0013357272189492067
0.0013269554307895617
0.0013181836426299168
0.0013094118544702716
0.0013006400663106267
0.0012918682781509817
