0.45159942170609035
0.524492652684035
0.5973858836619794
0.6702791146399242
0.7431723456178686
0.8160655765958132
0.8889588075737577
0.9618520385517023
1.0347452695296468
1.1076385005075915
1.180531731485536
1.251382888190937
1.3220298374690835
1.3926767867472298
1.4633237360253766
1.533970685303523
1.6046176345816694
1.675264583859816
1.7459115331379629
1.8165584824161092
1.8872054316942557
1.9448810971400774
1.999674255067604
2.0544674129951312
2.109260570922658
2.1640537288501847
2.218846886777712
2.273640044705239
2.3284332026327657
2.3832263605602924
2.4380195184878195
2.479373564012835
2.5156879423869087
2.5520023207609825
2.5883166991350564
2.6246310775091306
2.660945455883204
2.697259834257278
2.733574212631352
2.7698885910054263
2.8062029693794996
2.832219457677044
2.8523514373594296
2.8724834170418143
2.8926153967241994
2.9127473764065845
2.9328793560889697
2.9530113357713548
2.97314331545374
2.993275295136125
3.01340727481851
3.0266382944994206
3.034118514179103
3.0415987338587853
3.049078953538467
3.056559173218149
3.064039392897831
3.0715196125775135
3.078999832257195
3.086480051936877
3.093960271616559
3.0972508361769884
3.095513814594314
3.0937767930116395
3.092039771428966
3.090302749846291
3.088565728263617
3.086828706680943
3.0850916850982686
3.0833546635155944
3.0816176419329198
3.0775643318850063
3.069457517022923
3.0613507021608406
3.053243887298758
3.0451370724366758
3.0370302575745933
3.028923442712511
3.020816627850428
3.0127098129883456
3.0046029981262627
2.995357187968359
2.9830740570215966
2.9707909260748346
2.9585077951280727
2.9462246641813103
2.933941533234549
2.921658402287786
2.9093752713410246
2.897092140394262
2.8848090094475003
2.872060562503906
2.857218193574564
2.842375824645222
2.8275334557158796
2.812691086786537
2.797848717857196
2.783006348927853
2.768163979998511
2.753321611069169
2.738479242139827
2.7235101534368247
2.707273866997213
2.691037580557601
2.674801294117989
2.6585650076783773
2.6423287212387656
2.6260924347991534
2.6098561483595413
2.5936198619199295
2.577383575480318
2.5611472890407057
2.5443364974712885
2.527525705901871
2.5107149143324534
2.4939041227630354
2.4770933311936183
2.4602825396242007
2.443471748054783
2.4266609564853656
2.409850164915948
2.39303937334653
2.376220413344926
2.359400636500104
2.342580859655281
2.3257610828104585
2.308941305965636
2.292121529120813
2.2753017522759906
2.258481975431168
2.2416621985863454
2.224842421741523
2.2083292982395397
2.1918843199248537
2.1754393416101685
2.1589943632954833
2.1425493849807973
2.126104406666112
2.109659428351426
2.093214450036741
2.0767694717220553
2.06032449340737
2.0443347047367393
2.02851561218263
2.0126965196285207
1.996877427074411
1.9810583345203012
1.965239241966192
1.9494201494120822
1.9336010568579727
1.9177819643038634
1.9019628717497539
1.886641582804784
1.8716047530650368
1.85656792332529
1.8415310935855433
1.826494263845796
1.8114574341060492
1.7964206043663018
1.781383774626555
1.7663469448868079
1.7513101151470611
1.736748735776091
1.7225835650457677
1.708418394315445
1.6942532235851222
1.6800880528547992
1.6659228821244763
1.6517577113941535
1.6375925406638305
1.6234273699335076
1.6092621992031846
1.5955122990794357
1.5822607236835744
1.569009148287713
1.5557575728918525
1.5425059974959912
1.5292544221001303
1.5160028467042692
1.5027512713084084
1.489499695912547
1.476248120516686
1.463332064156924
1.4510031661103358
1.4386742680637468
1.4263453700171582
1.4140164719705695
1.4016875739239807
1.3893586758773921
1.3770297778308034
1.3647008797842144
1.3523719817376263
1.340290904542397
1.3288706829507928
1.317450461359189
1.306030239767585
1.2946100181759808
1.283189796584377
1.2717695749927729
1.260349353401169
1.248929131809565
1.2375089102179615
1.2262484820333401
1.2157071241801405
1.2051657663269408
1.1946244084737412
1.1840830506205413
1.1735416927673419
1.1630003349141422
1.1524589770609424
1.1419176192077427
1.131376261354543
1.1209112467311195
1.1112096644054514
1.1015080820797833
1.0918064997541155
1.0821049174284474
1.0724033351027793
1.0627017527771114
1.0530001704514433
1.0432985881257753
1.0335970058001074
1.0238954234744393
1.0149877201026254
1.0060800167308108
0.9971723133589965
0.988264609987182
0.9793569066153677
0.9704492032435532
0.9615414998717388
0.9526337964999244
0.94372609312811
0.9348183897562956
0.9265880513189371
0.9184254493750243
0.9102628474311114
0.9021002454871985
0.8939376435432855
0.8857750415993725
0.8776124396554595
0.8694498377115465
0.8612872357676336
0.8531246338237206
0.8455303029782564
0.8380622545991142
0.8305942062199725
0.8231261578408303
0.8156581094616882
0.808190061082546
0.8007220127034038
0.7932539643242618
0.7857859159451195
0.7783178675659773
0.7713188634983636
0.7644957510475731
0.7576726385967825
0.750849526145992
0.7440264136952015
0.7372033012444108
0.7303801887936203
0.7235570763428295
0.7167339638920389
0.7099108514412483
0.7034665773885183
0.697238782420394
0.6910109874522699
0.6847831924841458
0.6785553975160218
0.6723276025478977
0.6660998075797735
0.6598720126116493
0.6536442176435252
0.647416422675401
0.641488048395268
0.6358091913551276
0.6301303343149871
0.6244514772748467
0.6187726202347066
0.6130937631945661
0.6074149061544257
0.6017360491142854
0.596057192074145
0.5903783350340045
0.5849299897608896
0.5797582586082053
0.5745865274555211
0.5694147963028366
0.5642430651501524
0.5590713339974684
0.5538996028447841
0.5487278716920998
0.5435561405394155
0.5383844093867313
0.5333789974772348
0.5286646442433172
0.5239502910093996
0.519235937775482
0.5145215845415644
0.5098072313076467
0.5050928780737294
0.5003785248398118
0.49566417160589415
0.4909498183719765
0.4863516097964822
0.4820631203101166
0.4777746308237511
0.4734861413373855
0.4691976518510199
0.46490916236465435
0.4606206728782888
0.4563321833919234
0.4520436939055578
0.44775520441919225
0.44353640115163195
0.43963118586869526
0.4357259705857585
0.4318207553028219
0.42791554001988513
0.4240103247369485
0.4201051094540118
0.41619989417107517
0.4122946788881386
0.40838946360520195
0.4045162979880893
0.4009636290292177
0.39741096007034615
0.3938582911114746
0.390305622152603
0.38675295319373143
0.38320028423485986
0.3796476152759882
0.3760949463171167
0.3725422773582453
0.36898960839937367
0.3657583055624344
0.362527002725495
0.35929569988855564
0.3560643970516163
0.35283309421467696
0.3496017913777376
0.3463704885407982
0.34313918570385893
0.33990788286691953
0.33667658002998035
0.3337111826652137
0.33077237584766445
0.32783356903011507
0.32489476221256575
0.3219559553950164
0.31901714857746705
0.3160783417599177
0.31313953494236835
0.310200728124819
0.30726192130726987
0.30454091641534997
0.3018683119513477
0.2991957074873455
0.2965231030233432
0.293850498559341
0.29117789409533873
0.2885052896313365
0.2858326851673343
0.28316008070333204
0.2804874762393298
0.2779906702652992
0.27555978872500786
0.27312890718471644
0.2706980256444251
0.2682671441041337
0.26583626256384235
0.26340538102355093
0.26097449948325957
0.2585436179429682
0.25611273640267684
0.25382178807766226
0.25161080158994886
0.24939981510223536
0.2471888286145219
0.2449778421268084
0.2427668556390949
0.24055586915138139
0.2383448826636679
0.2361338961759544
0.23392290968824092
0.23182084891264615
0.22980955956381696
0.22779827021498783
0.22578698086615867
0.22377569151732946
0.2217644021685003
0.21975311281967108
0.2177418234708419
0.2157305341220127
0.21371924477318352
0.21179148743285603
0.20996396850273064
0.20813644957260524
0.20630893064247982
0.20448141171235446
0.202653892782229
0.2008263738521036
0.19899885492197822
0.197171335991853
0.1953438170617276
0.1935751876321775
0.1919096148286342
0.19024404202509088
0.1885784692215476
0.1869128964180043
0.185247323614461
0.1835817508109177
0.18191617800737442
0.1802506052038311
0.1785850324002878
0.17696022418590687
0.1754441215426256
0.17392801889934428
0.172411916256063
0.17089581361278172
0.1693797109695004
0.1678636083262191
0.16634750568293782
0.16483140303965654
0.16331530039637523
0.16182389602182817
0.1604436338565843
0.15906337169134047
0.15768310952609663
0.15630284736085276
0.15492258519560892
0.15354232303036508
0.1521620608651212
0.15078179869987737
0.14940153653463353
0.14803249189548678
0.14677562251731113
0.14551875313913548
0.14426188376095983
0.14300501438278418
0.14174814500460853
0.14049127562643288
0.13923440624825723
0.13797753687008157
0.13672066749190592
0.13546379811373027
0.13431883965546806
0.13317388119720597
0.1320289227389438
0.1308839642806816
0.1297390058224194
0.1285940473641572
0.127449088905895
0.1263041304476328
0.1251591719893706
0.12401421353110842
0.12296166885948898
0.12191836556653379
0.12087506227357864
0.11983175898062348
0.1187884556876683
0.11774515239471314
0.11670184910175797
0.1156585458088028
0.11461524251584762
0.11357193922289247
0.11260423240073598
0.11165332479431256
0.1107024171878892
0.10975150958146578
0.10880060197504234
0.10784969436861891
0.10689878676219547
0.10594787915577203
0.1049969715493486
0.10404606394292516
0.10315620187919845
0.10228923189398302
0.1014222619087676
0.10055529192355216
0.09968832193833672
0.0988213519531213
0.09795438196790587
0.09708741198269043
0.096220441997475
0.09535347201225958
0.09453499695643557
0.09374423328883522
0.09295346962123488
0.09216270595363456
0.09137194228603426
0.09058117861843394
0.08979041495083359
0.08899965128323327
0.08820888761563293
0.0874181239480326
0.08666514207784762
0.08594364503884208
0.08522214799983656
0.08450065096083105
0.08377915392182553
0.08305765688282002
0.0823361598438145
0.08161466280480897
0.08089316576580347
0.08017166872679796
0.07947883810591379
0.07882040718677524
0.07816197626763673
0.0775035453484982
0.07684511442935965
0.07618668351022112
0.07552825259108267
0.07486982167194414
0.0742113907528056
0.07355295983366707
0.07291537049301619
0.07231425391471868
0.07171313733642116
0.07111202075812366
0.07051090417982615
0.06990978760152863
0.06930867102323113
0.06870755444493362
0.06810643786663612
0.06750532128833861
0.06691841988453485
0.06636942561271446
0.06582043134089405
0.06527143706907365
0.06472244279725324
0.06417344852543283
0.06362445425361243
0.06307545998179202
0.06252646570997167
0.061977471438151265
0.061437092840852255
0.06093548477889946
0.06043387671694668
0.059932268654993896
0.05943066059304111
0.058929052531088336
0.05842744446913555
0.05792583640718277
0.057424228345229984
0.05692262028327721
0.05642492594607017
0.05596636885632061
0.05550781176657105
0.05504925467682147
0.05459069758707191
0.054132140497322345
0.05367358340757278
0.05321502631782321
0.05275646922807366
0.05229791213832413
0.051839355048574565
0.051420234195921295
0.05100111334326804
0.05058199249061476
0.0501628716379615
0.04974375078530823
0.04932462993265496
0.0489055090800017
0.04848638822734843
0.04806726737469516
0.04764814652204189
0.047261570367325284
0.04687824868240233
0.04649492699747939
0.04611160531255644
0.045728283627633495
0.04534496194271055
0.0449616402577876
0.04457831857286466
0.044194996887941713
0.04381167520301876
0.043454995049264485
0.04310423523576987
0.04275347542227525
0.04240271560878063
0.04205195579528601
0.041701195981791395
0.04135043616829678
0.04099967635480216
0.04064891654130754
0.04029815672781292
0.03996902006858303
0.03964799209220242
0.039326964115821796
0.03900593613944118
0.03868490816306056
0.03836388018667995
0.038042852210299336
0.03772182423391871
0.037400796257538095
0.03707976828115748
0.03677599422269724
0.03648207954590579
0.03618816486911436
0.03589425019232291
0.03560033551553146
0.03530642083874001
0.03501250616194856
0.0347185914851571
0.03442467680836565
0.034130762131574205
0.03385031070635411
0.033581078657443475
0.03331184660853284
0.03304261455962221
0.032773382510711574
0.03250415046180094
0.03223491841289031
0.03196568636397967
0.03169645431506904
0.031427222266158406
0.03116818591210526
0.030921384391881104
0.030674582871656947
0.030427781351432814
0.030180979831208654
0.029934178310984494
0.029687376790760334
0.02944057527053618
0.02919377375031202
0.028946972230087863
0.028707712176974723
0.02848164969130586
0.028255587205636996
0.028029524719968134
0.02780346223429927
0.027577399748630403
0.02735133726296154
0.02712527477729268
0.026899212291623814
0.026673149805954952
0.026452196084144987
0.026244865732625418
0.026037535381105856
0.025830205029586287
0.025622874678066725
0.025415544326547176
0.025208213975027614
0.025000883623508045
0.024793553271988483
0.024586222920468914
0.02438201740565855
0.024191873656039593
0.024001729906420632
0.02381158615680168
0.023621442407182718
0.023431298657563764
0.023241154907944803
0.02305101115832585
0.022860867408706888
0.022670723659087934
0.02248200528962447
0.022307540721715948
0.022133076153807427
0.0219586115858989
0.021784147017990384
0.02160968245008186
0.02143521788217334
0.021260753314264833
0.02108628874635631
0.02091182417844779
0.02073735961053927
0.0205772144993617
0.020417069388184134
0.020256924277006566
0.020096779165829
0.019936634054651434
0.019776488943473863
0.0196163438322963
0.01945619872111873
0.019296053609941164
0.019135908498763596
0.0189876791893696
0.018840641460153962
0.018693603730938323
0.01854656600172268
0.018399528272507043
0.0182524905432914
0.018105452814075766
0.017958415084860124
0.0178113773556445
0.01766433962642886
0.017527064245862266
0.01739195827610657
0.01725685230635088
0.017121746336595182
0.01698664036683949
0.016851534397083798
0.016716428427328102
0.016581322457572406
0.016446216487816714
0.016311110518061018
0.016183981224845836
0.016059843185333343
0.01593570514582085
0.01581156710630836
0.01568742906679587
0.015563291027283377
0.015439152987770887
0.015315014948258394
0.015190876908745902
0.015066738869233421
0.014948890997678243
0.014834637507812958
0.014720384017947669
0.014606130528082384
0.014491877038217096
0.014377623548351811
0.014263370058486526
0.014149116568621238
0.014034863078755953
0.013920609588890666
0.013811480605360542
0.013706622043776385
0.01360176348219223
0.013496904920608073
0.013392046359023916
0.013287187797439759
0.013182329235855605
0.013077470674271448
0.012972612112687291
0.012867753551103134
0.012766713635395601
0.01267025609474002
0.012573798554084432
0.01247734101342884
0.012380883472773253
0.012284425932117662
0.012187968391462075
0.012091510850806484
0.011995053310150897
0.011898595769495307
0.011804927143756526
0.011716139119122159
0.01162735109448779
0.011538563069853423
0.011449775045219057
0.01136098702058469
0.011272198995950323
0.011183410971315953
0.011094622946681586
0.011005834922047219
0.010918983492314691
0.010837296315653732
0.010755609138992775
0.010673921962331821
0.010592234785670864
0.010510547609009904
0.010428860432348946
0.010347173255687988
0.010265486079027029
0.01018379890236607
0.010103287567403342
0.010028067520082659
0.009952847472761974
0.00987762742544129
0.009802407378120607
0.009727187330799924
0.009651967283479237
0.009576747236158555
0.00950152718883787
0.009426307141517187
0.009351622167380431
0.009282287925082953
0.009212953682785477
0.009143619440488
0.009074285198190531
0.009004950955893053
0.008935616713595577
0.008866282471298101
0.008796948229000623
0.008727613986703147
0.00865827974440567
0.008594414767927001
0.008530549791448332
0.008466684814969663
0.008402819838490994
0.008338954862012325
0.008275089885533654
0.008211224909054985
0.008147359932576316
0.008083494956097646
0.008019629979618978
0.007960341947968873
0.007901511610801623
0.007842681273634374
0.007783850936467125
0.007725020599299876
0.007666190262132633
0.007607359924965384
0.007548529587798135
0.0074896992506308865
0.007430868913463632
0.007375779620848115
0.0073215216714663175
0.007267263722084518
0.007213005772702721
0.007158747823320922
0.007104489873939124
0.007050231924557335
0.006995973975175537
0.006941716025793738
0.006887458076411939
0.006836269563438821
0.006786232089118958
0.0067361946147990945
0.0066861571404792305
0.006636119666159367
0.006586082191839503
0.0065360447175196405
0.0064860072431997765
0.006435969768879913
0.006385932294560049
0.006338356556502766
0.006292187524881245
0.006246018493259722
0.0061998494616382
0.006153680430016678
0.006107511398395157
0.006061342366773635
0.006015173335152112
0.005969004303530591
0.0059228352719090695
0.005878470212385465
0.00583560846294346
0.0057927467135014555
0.005749884964059451
0.0057070232146174465
0.005664161465175441
0.005621299715733436
0.005578437966291431
0.005535576216849427
0.005492714467407422
0.005451467708665981
0.0054121589387652195
0.005372850168864459
0.005333541398963697
0.005294232629062936
0.005254923859162174
0.005215615089261412
0.005176306319360651
0.00513699754945989
0.005097688779559135
0.005059476150633816
0.00502318176841552
0.004986887386197225
0.00495059300397893
0.004914298621760635
0.004878004239542339
0.004841709857324045
0.004805415475105749
0.004769121092887454
0.004732826710669159
0.004697286319977054
0.004663756573354788
0.004630226826732521
0.004596697080110255
0.004563167333487989
0.004529637586865722
0.004496107840243456
0.004462578093621189
0.004429048346998923
0.0043955186003766565
0.0043624479799493476
0.004331443427399346
0.004300438874849345
0.0042694343222993425
0.0042384297697493425
0.004207425217199341
0.004176420664649339
0.0041454161120993375
0.004114411559549336
0.004083407006999335
0.00405261229148195
0.004023915946290736
0.003995219601099522
0.003966523255908308
0.003937826910717094
0.003909130565525879
0.003880434220334665
0.0038517378751434504
0.0038230415299522363
0.003794345184761022
0.0037656488395698077
0.0037391584095400935
0.0037126679795103797
0.0036861775494806694
0.003659687119450956
0.0036331966894212414
0.003606706259391527
0.003580215829361813
0.0035537253993320984
0.0035272349693023846
0.00350074453927267
0.0034760560631956275
0.0034515477825138524
0.003427039501832077
0.003402531221150302
0.003378022940468527
0.0033535146597867514
0.0033290063791049764
0.0033044980984232013
0.0032799898177414263
0.003255481537059651
0.003232448939707929
0.0032097442719851077
0.003187039604262286
0.003164334936539465
0.003141630268816643
0.0031189256010938217
0.003096220933371
0.003073516265648179
0.0030508115979253573
0.003028106930202536
0.0030066497525325906
0.0029856603836324732
0.0029646710147323563
0.0029436816458322393
0.0029226922769321224
0.002901702908032005
0.0028807135391318876
0.0028597241702317706
0.002838734801331654
0.0028177454324315367
0.002797743055056529
0.0027783046728387262
0.0027588662906209236
0.0027394279084031205
0.0027199895261853183
0.0027005511439675187
0.002681112761749716
0.0026616743795319134
0.002642235997314111
0.002622797615096308
0.002604141497939663
0.002586137268333983
0.002568133038728303
0.0025501288091226227
0.0025321245795169424
0.002514120349911262
0.002496116120305582
0.002478111890699902
0.002460107661094222
0.0024421034314885417
0.0024246997325779542
0.0024080166705014784
0.002391333608425002
0.002374650546348526
0.0023579674842720503
0.002341284422195574
0.002324601360119098
0.0023079182980426218
0.002291235235966146
0.00227455217388967
0.002258311811924006
0.0022428461751522635
0.002227380538380521
0.0022119149016087787
0.002196449264837036
0.0021809836280652934
0.002165517991293551
0.002150052354521809
0.0021345867177500664
0.0021191210809783237
0.0021039637179305786
0.0020896284181468276
0.002075293118363077
0.0020609578185793254
0.0020466225187955748
0.0020322872190118232
0.0020179519192280726
0.0020036166194443215
0.0019892813196605704
0.001974946019876822
0.0019607916953235534
0.0019474517593074565
0.0019341118232913596
0.0019207718872752627
0.0019074319512591659
0.001894092015243069
0.001880752079226972
0.0018674121432108752
0.0018540722071947783
0.0018407322711786814
0.0018274784229524305
0.00181508545262464
0.0018026924822968496
0.0017902995119690591
0.0017779065416412693
0.0017655135713134785
0.0017531206009856882
0.0017407276306578977
0.0017283346603301072
0.001715941690002317
0.0017035487196745266
