1.0710068929397063
1.0938838245051026
1.1167607560704989
1.1396376876358951
1.1625146192012914
1.1853915507666877
1.2082684823320837
1.23114541389748
1.2540223454628763
1.2768992770282726
1.2997762085936688
1.3241118117350268
1.348593282033981
1.373074752332935
1.3975562226318892
1.4220376929308434
1.4465191632297976
1.4710006335287513
1.4954821038277057
1.5199635741266597
1.544445044425614
1.5654662986289785
1.585718615922212
1.6059709332154455
1.626223250508679
1.6464755678019127
1.666727885095146
1.6869802023883795
1.7072325196816132
1.7274848369748466
1.74773715426808
1.7634140907853284
1.7773752595115826
1.7913364282378366
1.8052975969640905
1.819258765690344
1.833219934416598
1.847181103142852
1.861142271869106
1.87510344059536
1.889064609321614
1.8990103913889755
1.9066616667941132
1.9143129421992506
1.9219642176043878
1.9296154930095257
1.9372667684146632
1.9449180438198006
1.952569319224938
1.9602205946300755
1.9678718700352131
1.9725670546454452
1.9747988302599229
1.9770306058744007
1.9792623814888786
1.9814941571033562
1.9837259327178338
1.9859577083323114
1.9881894839467893
1.9904212595612671
1.9926530351757448
1.9929484787914264
1.990920324008553
1.9888921692256791
1.9868640144428054
1.9848358596599316
1.982807704877058
1.9807795500941845
1.9787513953113107
1.9767232405284372
1.9746950857455632
1.9715229112775263
1.966348702360453
1.9611744934433795
1.9560002845263063
1.950826075609233
1.9456518666921596
1.9404776577750864
1.9353034488580132
1.9301292399409398
1.9249550310238666
1.9191815019950684
1.9118097860016705
1.9044380700082728
1.8970663540148751
1.8896946380214774
1.8823229220280795
1.8749512060346818
1.867579490041284
1.8602077740478862
1.8528360580544885
1.8452025549832536
1.8363910100617515
1.8275794651402495
1.8187679202187477
1.8099563752972454
1.8011448303757436
1.7923332854542413
1.7835217405327395
1.7747101956112372
1.7658986506897352
1.75700916962884
1.7473403271740073
1.7376714847191745
1.728002642264342
1.7183337998095094
1.708664957354677
1.6989961148998445
1.689327272445012
1.6796584299901791
1.6699895875353465
1.660320745080514
1.6501778071891198
1.6400348692977254
1.6298919314063305
1.619748993514936
1.6096060556235414
1.599463117732147
1.5893201798407524
1.5791772419493577
1.5690343040579633
1.5588913661665686
1.5486778120518878
1.5384571963148788
1.5282365805778693
1.5180159648408598
1.5077953491038503
1.4975747333668408
1.4873541176298315
1.4771335018928222
1.4669128861558127
1.4566922704188032
1.4465976527062896
1.4365310345547748
1.4264644164032603
1.4163977982517457
1.406331180100231
1.3962645619487164
1.3861979437972014
1.376131325645687
1.3660647074941723
1.3559980893426578
1.3461398828610198
1.336359830755586
1.326579778650152
1.3167997265447182
1.3070196744392844
1.2972396223338503
1.2874595702284162
1.2776795181229823
1.2678994660175484
1.2581194139121146
1.2485907037625736
1.2392056175878279
1.2298205314130828
1.2204354452383377
1.2110503590635924
1.201665272888847
1.1922801867141017
1.1828951005393566
1.173510014364611
1.164124928189866
1.1549868461791166
1.146054600971697
1.1371223557642773
1.128190110556858
1.1192578653494385
1.1103256201420189
1.1013933749345992
1.0924611297271798
1.0835288845197601
1.0745966393123405
1.0658989704475565
1.0574827931939343
1.0490666159403121
1.0406504386866904
1.0322342614330682
1.0238180841794464
1.0154019069258242
1.0069857296722022
0.9985695524185801
0.9901533751649582
0.981928016754669
0.974036591320212
0.966145165885755
0.9582537404512984
0.9503623150168414
0.9424708895823846
0.9345794641479278
0.9266880387134708
0.9187966132790137
0.9109051878445572
0.9031576739813693
0.895793924308232
0.8884301746350949
0.8810664249619576
0.8737026752888203
0.866338925615683
0.8589751759425459
0.8516114262694086
0.8442476765962713
0.8368839269231344
0.8296148647608924
0.8227718963976787
0.815928928034465
0.8090859596712516
0.8022429913080378
0.7954000229448241
0.7885570545816106
0.7817140862183969
0.7748711178551834
0.7680281494919697
0.7612310848084762
0.7548930569221809
0.7485550290358854
0.7422170011495902
0.7358789732632949
0.7295409453769994
0.7232029174907041
0.7168648896044088
0.7105268617181135
0.7041888338318181
0.6978508059455227
0.6919971397799446
0.6861434736143662
0.6802898074487878
0.6744361412832094
0.668582475117631
0.6627288089520526
0.6568751427864741
0.6510214766208957
0.6451678104553172
0.639314144289739
0.6338786636916718
0.628485001650356
0.6230913396090401
0.6176976775677239
0.6123040155264079
0.6069103534850919
0.6015166914437758
0.5961230294024598
0.5907293673611437
0.5853357053198277
0.580297085016159
0.5753373628764119
0.5703776407366651
0.5654179185969179
0.5604581964571709
0.5554984743174237
0.5505387521776766
0.5455790300379295
0.5406193078981824
0.5356595857584353
0.5309951592677026
0.5264414686453504
0.5218877780229981
0.517334087400646
0.5127803967782937
0.5082267061559413
0.5036730155335891
0.4991193249112369
0.49456563428888456
0.4900119436665323
0.4857080012009695
0.4815467719678578
0.4773855427347461
0.4732243135016344
0.4690630842685229
0.4649018550354112
0.4607406258022996
0.45657939656918783
0.45241816733607615
0.44825693810296446
0.4442793383610878
0.4404547631952403
0.43663018802939285
0.43280561286354535
0.42898103769769813
0.4251564625318506
0.4213318873660031
0.41750731220015563
0.4136827370343082
0.4098581618684607
0.4061848322079942
0.40269299715398477
0.39920116209997536
0.39570932704596595
0.39221749199195655
0.38872565693794736
0.3852338218839379
0.3817419868299285
0.37825015177591914
0.3747583167219097
0.37137295591411607
0.3681739250371999
0.3649748941602838
0.3617758632833677
0.35857683240645155
0.35537780152953546
0.3521787706526195
0.3489797397757034
0.3457807088987873
0.34258167802187117
0.3394581252104009
0.33653584724011965
0.33361356926983843
0.3306912912995571
0.3277690133292759
0.32484673535899466
0.3219244573887134
0.3190021794184323
0.31607990144815107
0.31315762347786974
0.3102815707167516
0.3076135313968671
0.3049454920769827
0.3022774527570982
0.2996094134372137
0.2969413741173293
0.29427333479744483
0.2916052954775603
0.288937256157676
0.28626921683779155
0.2836223718467919
0.28118747014464024
0.2787525684424886
0.27631766674033686
0.27388276503818526
0.27144786333603355
0.2690129616338819
0.2665780599317302
0.26414315822957857
0.261708256527427
0.25927335482527536
0.25705197746221486
0.25483060009915437
0.2526092227360939
0.2503878453730334
0.24816646800997288
0.2459450906469124
0.2437237132838519
0.2415023359207914
0.23928095855773088
0.2370595811946705
0.23501565817252795
0.23298948058447722
0.23096330299642642
0.22893712540837566
0.2269109478203249
0.22488477023227413
0.22285859264422336
0.22083241505617263
0.21880623746812186
0.2167800598800712
0.21490252138194574
0.21305801379269262
0.21121350620343948
0.2093689986141863
0.2075244910249332
0.20567998343568006
0.20383547584642692
0.20199096825717378
0.20014646066792063
0.1983019530786675
0.19657328480716024
0.19488805627980765
0.19320282775245504
0.1915175992251024
0.18983237069774977
0.18814714217039716
0.18646191364304454
0.18477668511569192
0.1830914565883393
0.1814062280609867
0.17981554061934746
0.17827887665525882
0.17674221269117008
0.1752055487270814
0.1736688847629927
0.172132220798904
0.17059555683481528
0.16905889287072656
0.16752222890663787
0.16598556494254915
0.16452279342232304
0.16312159893864905
0.1617204044549751
0.1603192099713011
0.15891801548762716
0.15751682100395314
0.1561156265202792
0.1547144320366052
0.1533132375529312
0.15191204306925724
0.15056896471263723
0.149295625708482
0.1480222867043268
0.14674894770017158
0.1454756086960164
0.14420226969186117
0.14292893068770596
0.14165559168355074
0.14038225267939564
0.13910891367524045
0.13787451260412506
0.1367082529158294
0.13554199322753369
0.134375733539238
0.1332094738509423
0.13204321416264664
0.13087695447435096
0.12971069478605526
0.1285444350977596
0.12737817540946392
0.12623989641092695
0.1251762325850799
0.12411256875923285
0.1230489049333858
0.12198524110753876
0.12092157728169173
0.11985791345584468
0.11879424962999764
0.11773058580415059
0.11666692197830356
0.1156202389704731
0.11464996964371678
0.11367970031696048
0.11270943099020417
0.11173916166344786
0.11076889233669154
0.10979862300993523
0.10882835368317895
0.10785808435642263
0.10688781502966632
0.10592547602823262
0.105042440280025
0.10415940453181738
0.10327636878360975
0.10239333303540214
0.10151029728719452
0.1006272615389869
0.0997442257907793
0.09886119004257167
0.09797815429436404
0.09709511854615643
0.09628689374530797
0.09547866894445955
0.09467044414361107
0.0938622193427626
0.09305399454191413
0.09224576974106566
0.09143754494021718
0.09062932013936871
0.08982109533852023
0.08901287053767176
0.08826879256941941
0.08753112928442669
0.08679346599943398
0.08605580271444124
0.0853181394294485
0.0845804761444558
0.08384281285946306
0.08310514957447035
0.08236748628947761
0.08162982300448487
0.08094465223915431
0.08027114647819311
0.07959764071723194
0.07892413495627074
0.07825062919530953
0.07757712343434832
0.0769036176733871
0.0762301119124259
0.07555660615146467
0.07488310039050347
0.07425215714570288
0.07363717484446256
0.0730221925432222
0.07240721024198186
0.07179222794074153
0.07117724563950117
0.07056226333826084
0.0699472810370205
0.06933229873578016
0.06871731643453982
0.06813614596544015
0.067574296543278
0.06701244712111586
0.06645059769895371
0.06588874827679161
0.06532689885462947
0.06476504943246733
0.06420320001030519
0.06364135058814305
0.0630795011659809
0.06254412978580756
0.062030823440624897
0.061517517095442245
0.06100421075025958
0.06049090440507693
0.05997759805989426
0.059464291714711605
0.058950985369528947
0.05843767902434629
0.05792437267916363
0.05743113408326286
0.05696197678650032
0.056492819489737806
0.056023662192975276
0.055554504896212754
0.05508534759945023
0.054616190302687745
0.05414703300592523
0.0536778757091627
0.05320871841240018
0.05275415204395916
0.052325119800080776
0.0518960875562024
0.051467055312324025
0.05103802306844564
0.050608990824567254
0.05017995858068887
0.04975092633681048
0.049321894092932105
0.048892861849053726
0.04847384728178664
0.04808154651881637
0.047689245755846085
0.0472969449928758
0.04690464422990553
0.046512343466935245
0.04612004270396497
0.04572774194099469
0.04533544117802444
0.04494314041505416
0.04455691138106267
0.04419800512747572
0.043839098873888774
0.04348019262030184
0.04312128636671489
0.042762380113127954
0.042403473859541005
0.04204456760595406
0.04168566135236712
0.04132675509878018
0.040970607242563226
0.04064204336004628
0.04031347947752933
0.03998491559501237
0.039656351712495416
0.039327787829978464
0.03899922394746151
0.03867066006494456
0.03834209618242761
0.03801353229991068
0.03768496841739373
0.03738427256557693
0.03708357671376012
0.03678288086194332
0.03648218501012651
0.03618148915830971
0.03588079330649291
0.0355800974546761
0.0352794016028593
0.03497870575104249
0.03467800989922569
0.034400336198404144
0.03412496471268212
0.0338495932269601
0.03357422174123808
0.03329885025551606
0.033023478769794036
0.032748107284072014
0.03247273579834999
0.03219736431262797
0.03192199282690594
0.03166543640598794
0.03141306111058192
0.031160685815175886
0.03090831051976986
0.03065593522436383
0.030403559928957803
0.030151184633551775
0.029898809338145746
0.029646434042739714
0.029394058747333685
0.029157103099231307
0.028925929818867803
0.0286947565385043
0.02846358325814079
0.028232409977777283
0.02800123669741378
0.027770063417050274
0.027538890136686762
0.027307716856323258
0.027076543575959754
0.026857623023946342
0.026645704030990133
0.026433785038033942
0.02622186604507773
0.02600994705212152
0.02579802805916531
0.0255861090662091
0.025374190073252888
0.02516227108029668
0.024950352087340467
0.024748020233737223
0.024553677662928118
0.02435933509211901
0.024164992521309905
0.0239706499505008
0.023776307379691688
0.023581964808882583
0.023387622238073474
0.02319327966726437
0.02299893709645526
0.0228120338465646
0.022634057781776074
0.02245608171698755
0.02227810565219904
0.022100129587410516
0.02192215352262199
0.021744177457833462
0.021566201393044937
0.021388225328256412
0.021210249263467887
0.021037487817180248
0.020873851953269157
0.020710216089358066
0.020546580225446982
0.02038294436153589
0.020219308497624804
0.020055672633713714
0.019892036769802626
0.019728400905891535
0.019564765041980448
0.019404788571462068
0.019254570483324237
0.019104352395186413
0.018954134307048582
0.018803916218910754
0.01865369813077294
0.018503480042635113
0.018353261954497286
0.01820304386635946
0.01805282577822163
0.017904833259958754
0.01776685580613316
0.01762887835230757
0.01749090089848198
0.017352923444656387
0.017214945990830795
0.017076968537005202
0.016938991083179613
0.01680101362935402
0.016663036175528428
0.016526098546969632
0.016399559171078826
0.016273019795188016
0.016146480419297202
0.016019941043406392
0.015893401667515582
0.015766862291624772
0.015640322915733973
0.015513783539843165
0.015387244163952353
0.015260704788061543
0.015144249242423373
0.015027793696785204
0.014911338151147032
0.014794882605508864
0.014678427059870694
0.014561971514232525
0.014445515968594353
0.014329060422956185
0.014212604877318015
0.014096149331679844
0.013988254563103595
0.013881215872233534
0.013774177181363478
0.013667138490493419
0.01356009979962336
0.0134530611087533
0.013346022417883241
0.013238983727013185
0.013131945036143134
0.013024906345273077
0.012924910052786698
0.012826478737718918
0.012728047422651136
0.012629616107583355
0.012531184792515575
0.012432753477447794
0.01233432216238001
0.01223589084731223
0.01213745953224445
0.01203902821717667
0.011946333701939165
0.011855790486638018
0.01176524727133687
0.01167470405603572
0.011584160840734572
0.011493617625433425
0.011403074410132276
0.011312531194831128
0.011221987979529979
0.011131444764228839
0.011045317673998183
0.010961714083807812
0.010878110493617438
0.010794506903427065
0.010710903313236693
0.01062729972304632
0.010543696132855947
0.010460092542665575
0.010376488952475203
0.010292885362284829
0.010213078439912345
0.010136435407388102
0.010059792374863857
0.009983149342339612
0.009906506309815367
0.009829863277291124
0.009753220244766879
0.009676577212242635
0.00959993417971839
0.009523291147194145
0.009449406651958706
0.009378832401469838
0.009308258150980964
0.009237683900492087
0.009167109650003212
0.009096535399514338
0.009025961149025463
0.008955386898536588
0.008884812648047713
0.008814238397558839
0.008745688774121595
0.008680682248024709
0.008615675721927823
0.008550669195830939
0.008485662669734051
0.008420656143637165
0.008355649617540279
0.008290643091443393
0.008225636565346507
0.008160630039249621
0.008097018151969206
0.008037125301532711
0.007977232451096215
0.007917339600659726
0.007857446750223231
0.007797553899786737
0.007737661049350242
0.007677768198913746
0.007617875348477252
0.0075579824980407575
0.0074989421156314694
0.007443737839344613
0.007388533563057757
0.0073333292867709
0.007278125010484045
0.007222920734197188
0.007167716457910332
0.007112512181623476
0.00705730790533662
0.007002103629049764
0.006947290710973881
0.006896391375007726
0.006845492039041572
0.006794592703075418
0.006743693367109267
0.006692794031143113
0.006641894695176958
0.006590995359210803
0.006540096023244648
0.0064891966872784946
0.006438297351312339
0.006391355027767232
0.006344412704222123
0.0062974703806770145
0.006250528057131907
0.006203585733586799
0.00615664341004169
0.006109701086496582
0.006062758762951474
0.006015816439406366
0.005968874115861258
0.0059252341927162585
0.005881924509611271
0.005838614826506283
0.005795305143401295
0.0057519954602963065
0.005708685777191323
0.005665376094086335
0.005622066410981346
0.005578756727876359
0.005535447044771367
0.005494868836945697
0.005454897623626544
0.00541492641030739
0.005374955196988237
0.005334983983669083
0.005295012770349929
0.005255041557030783
0.005215070343711629
0.005175099130392475
0.0051351279170733215
0.0050973909528980454
0.005060491832151725
0.0050235927114054045
0.004986693590659083
0.004949794469912762
0.004912895349166441
0.00487599622842012
0.004839097107673799
0.004802197986927478
0.0047652988661811575
0.004730195926510503
0.004696119376025944
0.004662042825541384
0.004627966275056825
0.004593889724572266
0.004559813174087706
0.004525736623603147
0.004491660073118587
0.004457583522634028
0.004423506972149469
0.004390628596866691
0.004358748700918731
0.00432686880497077
0.00429498890902281
0.00426310901307485
0.004231229117126889
0.004199349221178929
0.004167469325230969
0.004135589429283009
0.0041037095333350485
0.0040731209289867655
0.0040440818745580975
0.004015042820129429
0.00398600376570076
0.003956964711272092
0.003927925656843422
0.003898886602414754
0.0038698475479860854
0.003840808493557417
0.0038117694391287533
0.003783527969488067
0.003756682273226352
0.003729836576964637
0.003702990880702922
0.003676145184441207
0.0036492994881794916
0.0036224537919177765
0.003595608095656061
0.003568762399394346
0.003541916703132631
0.0035156218420523363
0.0034907958747891657
0.0034659699075259946
0.003441143940262823
0.003416317972999652
0.003391492005736481
0.00336666603847331
0.003341840071210139
0.0033170141039469674
0.003292188136683797
0.003267700785853301
0.003244737208969846
0.0032217736320863913
0.003198810055202936
0.003175846478319481
0.0031528829014360257
0.0031299193245525707
0.0031069557476691156
0.0030839921707856606
0.0030610285939022056
0.003038220868976584
0.003016971663629302
0.0029957224582820192
0.002974473252934737
0.0029532240475874548
0.002931974842240172
0.0029107256368928894
0.0028894764315456076
0.002868227226198325
0.0028469780208510423
0.00282572881550376
0.0028060600298454677
0.002786391244187175
0.0027667224585288855
0.0027470536728705927
0.0027273848872123004
0.002707716101554007
0.002688047315895715
0.002668378530237422
0.0026487097445791296
0.002629040958920837
0.0026106982259598674
0.0025924880982686298
0.002574277970577392
0.002556067842886155
0.0025378577151949177
0.00251964758750368
0.002501437459812443
0.0024832273321212057
0.0024650172044299685
0.002446807076738731
0.002429696496041096
0.0024128302591198167
0.0023959640221985377
0.0023790977852772587
0.0023622315483559793
0.0023453653114347004
0.002328499074513421
0.002311632837592142
0.002294766600670863
0.002277900363749584
0.0022619358932423617
0.002246309585140411
0.00223068327703846
0.0022150569689365096
0.0021994306608345586
0.002183804352732608
0.002168178044630657
0.0021525517365287065
0.0021369254284267555
0.002121299120324805
0.0021064014983446333
0.00209192026843405
0.0020774390385234665
0.002062957808612883
0.0020484765787022997
0.002033995348791719
0.002019514118881135
0.0020050328889705516
0.001990551659059968
0.0019760704291493848
0.001962165283240631
0.001948740207333403
0.0019353151314261748
0.0019218900555189465
0.0019084649796117185
0.0018950399037044904
0.001881614827797262
0.0018681897518900339
0.0018547646759828056
0.0018413396000755775
0.0018283580209886895
0.0018159086380862104
0.0018034592551837312
0.001791009872281252
0.001778560489378773
0.0017661111064762938
0.0017536617235738147
0.0017412123406713353
0.001728762957768856
0.0017163135748663769
0.001704191941988253
0.0016926438716527508
0.001681095801317249
0.0016695477309817469
0.0016579996606462446
0.0016464515903107425
0.0016349035199752404
0.0016233554496397384
0.0016118073793042363
0.0016002593089687342
0.0015889383804465586
0.0015782231634265881
0.0015675079464066175
0.0015567927293866466
0.0015460775123666759
0.0015353622953467052
0.0015246470783267345
0.0015139318613067638
0.0015032166442867931
0.0014925014272668244
0.0014819261005588526
0.0014719802802548763
0.0014620344599509
0.0014520886396469238
0.0014421428193429472
0.001432196999038971
0.0014222511787349947
0.0014123053584310184
0.0014023595381270422
0.0013924137178230656
0.001382532599271035
0.001373298498238463
0.0013640643972058911
0.001354830296173319
0.0013455961951407472
0.001336362094108175
0.001327127993075603
0.0013178938920430311
0.001308659791010459
0.001299425689977887
0.001290191588945315
