0.18721324106123602
0.18629891949602018
0.1853845979308043
0.1844702763655885
0.18355595480037265
0.1826416332351568
0.18172731166994094
0.18081299010472512
0.17989866853950925
0.17898434697429344
0.1780700254090776
0.17710158556416333
0.17612773389127925
0.17515388221839515
0.17418003054551107
0.17320617887262696
0.17223232719974288
0.17125847552685877
0.17028462385397466
0.1693107721810906
0.1683369205082065
0.16731467758779442
0.1662816810568206
0.1652486845258468
0.16421568799487296
0.1631826914638991
0.16214969493292528
0.16111669840195145
0.16008370187097762
0.1590507053400038
0.15801770880902996
0.1569560906119763
0.1558837392901427
0.15481138796830907
0.15373903664647548
0.1526666853246419
0.15159433400280828
0.15052198268097466
0.14944963135914108
0.14837728003730746
0.14730492871547388
0.1462255850994254
0.14514224588668267
0.14405890667394
0.14297556746119727
0.1418922282484546
0.14080888903571187
0.13972554982296917
0.13864221061022647
0.13755887139748377
0.13647553218474104
0.13540135160815125
0.1343348032283555
0.13326825484855975
0.132201706468764
0.13113515808896825
0.13006860970917253
0.12900206132937675
0.12793551294958103
0.12686896456978528
0.12580241618998952
0.12475362200871687
0.12372613286567194
0.12269864372262695
0.12167115457958204
0.12064366543653707
0.11961617629349211
0.11858868715044717
0.11756119800740222
0.11653370886435727
0.11550621972131231
0.11449854864346955
0.11352555917973063
0.1125525697159917
0.11157958025225279
0.11060659078851388
0.10963360132477495
0.10866061186103602
0.10768762239729711
0.10671463293355819
0.10574164346981926
0.10478603481955545
0.10387677500522523
0.10296751519089502
0.10205825537656481
0.1011489955622346
0.10023973574790439
0.09933047593357418
0.09842121611924397
0.09751195630491374
0.09660269649058355
0.09570581075856163
0.0948646083969271
0.09402340603529256
0.09318220367365804
0.09234100131202348
0.09149979895038897
0.09065859658875443
0.08981739422711989
0.08897619186548535
0.08813498950385082
0.08730004698350166
0.0865277028760063
0.0857553587685109
0.0849830146610155
0.08421067055352012
0.08343832644602475
0.08266598233852936
0.08189363823103396
0.08112129412353858
0.08034895001604318
0.0795766059085478
0.07887154507233952
0.07816648423613122
0.07746142339992293
0.07675636256371463
0.07605130172750633
0.07534624089129804
0.07464118005508975
0.07393611921888145
0.07323105838267314
0.07252599754646485
0.0718793132876654
0.07123846668660685
0.07059762008554829
0.06995677348448971
0.06931592688343115
0.06867508028237257
0.06803423368131403
0.06739338708025545
0.0667525404791969
0.06611169387813833
0.06552016806498208
0.06493960242691522
0.0643590367888484
0.06377847115078156
0.0631979055127147
0.06261733987464786
0.062036774236581015
0.06145620859851419
0.06087564296044734
0.06029507732238049
0.05975517296388384
0.05923051658522602
0.05870586020656819
0.058181203827910366
0.05765654744925253
0.0571318910705947
0.05660723469193687
0.05608257831327904
0.055557921934621224
0.05503326555596339
0.05454132294624421
0.054068073918775675
0.053594824891307145
0.05312157586383863
0.052648326836370093
0.05217507780890157
0.05170182878143305
0.05122857975396451
0.05075533072649599
0.05028208169902747
0.04983443599355959
0.04940812638975893
0.04898181678595827
0.0485555071821576
0.048129197578356944
0.04770288797455629
0.04727657837075562
0.04685026876695496
0.046423959163154296
0.045997649559353634
0.04559072048987046
0.04520704806156825
0.044823375633266035
0.04443970320496383
0.04405603077666161
0.04367235834835941
0.043288685920057204
0.04290501349175499
0.042521341063452775
0.04213766863515057
0.04176801872720296
0.041422908229875884
0.04107779773254881
0.040732687235221735
0.040387576737894657
0.04004246624056758
0.039697355743240514
0.039352245245913436
0.03900713474858636
0.038662024251259294
0.03832639232307729
0.03801603657928215
0.03770568083548702
0.037395325091691876
0.037084969347896735
0.0367746136041016
0.03646425786030645
0.036153902116511316
0.035843546372716174
0.035533190628921046
0.035228513774918015
0.034949391924979444
0.03467027007504087
0.0343911482251023
0.03411202637516373
0.033832904525225166
0.033553782675286595
0.033274660825348024
0.03299553897540945
0.03271641712547088
0.03243984101422648
0.032188722289923595
0.03193760356562071
0.03168648484131783
0.031435366117014946
0.031184247392712063
0.03093312866840918
0.030682009944106296
0.030430891219803413
0.03017977249550053
0.029928653771197647
0.029702588683744476
0.029476523596291295
0.029250458508838107
0.029024393421384926
0.02879832833393174
0.02857226324647856
0.02834619815902538
0.028120133071572195
0.027894067984119014
0.02766800289666583
0.027462278841323722
0.02725858888919273
0.02705489893706173
0.02685120898493073
0.02664751903279973
0.026443829080668727
0.026240139128537725
0.026036449176406726
0.025832759224275727
0.025629069272144724
0.025441707128390972
0.025257973386498832
0.025074239644606706
0.024890505902714563
0.024706772160822423
0.024523038418930283
0.024339304677038143
0.024155570935146004
0.023971837193253864
0.023788103451361724
0.023617296247647954
0.02345133649575108
0.023285376743854204
0.023119416991957326
0.02295345724006045
0.022787497488163572
0.022621537736266694
0.022455577984369816
0.02228961823247294
0.02212365848057606
0.021967764439401422
0.021817622232925205
0.02166748002644899
0.021517337819972778
0.021367195613496568
0.021217053407020355
0.02106691120054414
0.020916768994067927
0.02076662678759171
0.020616484581115497
0.020474014325115194
0.02033793736117815
0.020201860397241103
0.02006578343330406
0.019929706469367023
0.019793629505429976
0.01965755254149293
0.019521475577555885
0.019385398613618838
0.019249321649681794
0.0191189268391039
0.018995350612556985
0.01887177438601007
0.018748198159463155
0.018624621932916238
0.018501045706369332
0.018377469479822415
0.0182538932532755
0.018130317026728585
0.01800674080018167
0.017887406776837943
0.017775496609099786
0.017663586441361633
0.01755167627362348
0.017439766105885324
0.01732785593814717
0.01721594577040902
0.017104035602670868
0.01699212543493271
0.01688021526719456
0.01677082034881652
0.01666813276206545
0.016565445175314383
0.01646275758856331
0.016360070001812242
0.016257382415061174
0.016154694828310102
0.016052007241559037
0.015949319654807968
0.015846632068056896
0.015745540937626618
0.015651633860639884
0.01555772678365315
0.015463819706666418
0.015369912629679683
0.015276005552692951
0.015182098475706217
0.015088191398719485
0.014994284321732755
0.014900377244746021
0.014807205216340878
0.014721383673751615
0.014635562131162351
0.014549740588573088
0.014463919045983827
0.014378097503394563
0.0142922759608053
0.014206454418216038
0.014120632875626775
0.014034811333037515
0.013948989790448252
0.013869796592933019
0.013790603395417784
0.013711410197902549
0.013632217000387314
0.013553023802872082
0.013473830605356847
0.013394637407841612
0.013315444210326379
0.013236251012811145
0.013157057815295914
0.013083494103182065
0.013010493339608355
0.012937492576034645
0.012864491812460932
0.012791491048887223
0.012718490285313511
0.0126454895217398
0.012572488758166089
0.01249948799459238
0.012426487231018671
0.012358004659191093
0.012290526129973767
0.012223047600756442
0.012155569071539115
0.012088090542321787
0.012020612013104462
0.011953133483887136
0.01188565495466981
0.011818176425452482
0.011750697896235156
0.011686806175586276
0.01162425950815056
0.011561712840714843
0.011499166173279125
0.01143661950584341
0.011374072838407693
0.011311526170971978
0.01124897950353626
0.011186432836100544
0.011123886168664828
0.011064148031384951
0.011006014768479842
0.01094788150557473
0.01088974824266962
0.010831614979764507
0.010773481716859396
0.010715348453954283
0.010657215191049172
0.010599081928144061
0.01054094866523895
0.010484975446245553
0.01043080226384525
0.01037662908144495
0.010322455899044649
0.010268282716644348
0.010214109534244044
0.010159936351843743
0.01010576316944344
0.010051589987043138
0.009997416804642835
0.009944861340734473
0.00989424713901644
0.009843632937298409
0.009793018735580377
0.009742404533862345
0.00969179033214431
0.009641176130426279
0.009590561928708247
0.009539947726990218
0.009489333525272186
0.009439886128518486
0.009392480640452363
0.009345075152386239
0.009297669664320118
0.009250264176253993
0.00920285868818787
0.009155453200121748
0.009108047712055627
0.009060642223989503
0.009013236735923382
0.008966622590570508
0.008922118692452971
0.008877614794335437
0.008833110896217898
0.008788606998100362
0.008744103099982824
0.008699599201865287
0.00865509530374775
0.008610591405630214
0.008566087507512678
0.008522062216693237
0.008480190658715206
0.008438319100737173
0.008396447542759143
0.00835457598478111
0.00831270442680308
0.008270832868825049
0.008228961310847016
0.008187089752868984
0.008145218194890953
0.00810356461501115
0.008064090816113622
0.008024617017216093
0.007985143218318566
0.007945669419421039
0.00790619562052351
0.007866721821625983
0.007827248022728455
0.007787774223830927
0.007748300424933399
0.007708826626035871
0.0076715422717603225
0.007634257917484779
0.00759697356320923
0.007559689208933683
0.007522404854658136
0.007485120500382587
0.007447836146107039
0.0074105517918314915
0.007373267437555944
0.007335983083280396
0.0073005251013018475
0.007265249756552997
0.007229974411804148
0.007194699067055299
0.007159423722306449
0.0071241483775576
0.0070888730328087495
0.007053597688059901
0.007018322343311051
0.006983046998562202
0.006949283067334348
0.006915855005777826
0.006882426944221306
0.006848998882664785
0.006815570821108263
0.006782142759551741
0.006748714697995218
0.006715286636438697
0.006681858574882175
0.006648430513325652
0.006616301074835988
0.0065846586199963955
0.006553016165156803
0.00652137371031721
0.0064897312554776185
0.006458088800638025
0.006426446345798434
0.0063948038909588415
0.006363161436119249
0.006331518981279656
0.006300831554616238
0.006270689858339205
0.00624054816206217
0.006210406465785138
0.006180264769508106
0.0061501230732310735
0.006119981376954039
0.006089839680677006
0.006059697984399972
0.006029556288122939
0.006000218465472957
0.005971550537512183
0.005942882609551411
0.005914214681590637
0.005885546753629865
0.0058568788256690915
0.005828210897708318
0.005799542969747545
0.005770875041786772
0.005742207113825999
0.005714167837177199
0.005686882942102766
0.0056595980470283335
0.005632313151953901
0.005605028256879468
0.005577743361805036
0.005550458466730605
0.005523173571656173
0.005495888676581741
0.005468603781507308
0.0054417891482504855
0.005415797473174479
0.005389805798098472
0.005363814123022466
0.00533782244794646
0.005311830772870453
0.0052858390977944475
0.005259847422718441
0.005233855747642435
0.005207864072566429
0.005182204025822673
0.0051574283212982505
0.00513265261677383
0.005107876912249408
0.005083101207724987
0.005058325503200565
0.005033549798676144
0.005008774094151723
0.004983998389627303
0.0049592226851028825
0.0049346557016454
0.004911027962989143
0.004887400224332887
0.0048637724856766314
0.004840144747020375
0.004816517008364119
0.004792889269707862
0.004769261531051606
0.00474563379239535
0.004722006053739093
0.004698476660408923
0.004675930720339608
0.004653384780270294
0.004630838840200979
0.0046082929001316645
0.00458574696006235
0.004563201019993035
0.004540655079923721
0.004518109139854406
0.004495563199785093
0.0044730172597157785
0.0044515050857952205
0.0044299929118746615
0.004408480737954103
0.004386968564033545
0.004365456390112987
0.004343944216192429
0.00432243204227187
0.004300919868351312
0.004279407694430754
0.004257895520510195
0.0042372724175310725
0.0042167382216460915
0.004196204025761112
0.004175669829876132
0.004155135633991151
0.004134601438106171
0.004114067242221192
0.004093533046336212
0.0040729988504512316
0.0040524646545662514
0.004032692828755632
0.004013090418517091
0.00399348800827855
0.003973885598040009
0.003954283187801468
0.003934680777562927
0.003915078367324386
0.0038954759570858444
0.0038758735468473037
0.003856271136608762
0.0038373146017291163
0.0038186002701090568
0.0037998859384889964
0.0037811716068689365
0.003762457275248876
0.0037437429436288166
0.003725028612008756
0.0037063142803886967
0.0036875999487686363
0.0036688856171485764
0.003650711398200567
0.0036328458150651586
0.003614980231929752
0.0035971146487943436
0.0035792490656589354
0.0035613834825235268
0.003543517899388118
0.0035256523162527096
0.003507786733117301
0.003489921149981893
0.003472497859497963
0.003455443146223598
0.003438388432949233
0.0034213337196748682
0.0034042790064005035
0.0033872242931261383
0.0033701695798517735
0.0033531148665774087
0.0033360601533030435
0.0033190054400286787
0.0033023020281140424
0.00328602017783108
0.0032697383275481183
0.0032534564772651576
0.003237174626982195
0.003220892776699233
0.003204610926416271
0.003188329076133308
0.0031720472258503466
0.003155765375567384
0.0031397557309472443
0.0031242224462370446
0.0031086891615268444
0.0030931558768166447
0.003077622592106445
0.003062089307396245
0.0030465560226860446
0.003031022737975845
0.003015489453265645
0.002999956168555445
0.002984617497766747
0.002969797797435388
0.002954978097104029
0.0029401583967726694
0.002925338696441311
0.002910518996109953
0.002895699295778594
0.002880879595447235
0.002866059895115876
0.002851240194784517
0.0028365447792790544
0.002822408645490122
0.0028082725117011898
0.002794136377912258
0.002780000244123326
0.0027658641103343942
0.002751727976545462
0.00273759184275653
0.002723455708967598
0.002709319575178666
0.002695243065424314
0.002681762796015766
0.002668282526607218
0.0026548022571986694
0.0026413219877901217
0.0026278417183815735
0.0026143614489730254
0.002600881179564478
0.00258740091015593
0.0025739206407473817
0.0025604403713388336
0.0025475894267935686
0.0025347384822483046
0.002521887537703039
0.0025090365931577747
0.0024961856486125098
0.002483334704067245
0.00247048375952198
0.0024576328149767154
0.002444781870431451
0.002431930925886186
0.002419628399776571
0.0024073807155105204
0.0023951330312444712
0.0023828853469784208
0.0023706376627123707
0.002358389978446321
0.0023461422941802707
0.002333894609914221
0.002321646925648172
0.002309399241382122
0.0022976252316370613
0.0022859564828966645
0.002274287734156268
0.002262618985415872
0.002250950236675475
0.0022392814879350787
0.0022276127391946824
0.0022159439904542856
0.0022042752417138893
0.0021926064929734925
0.002181341805603516
0.0021702286412474477
0.002159115476891379
0.00214800231253531
0.0021368891481792418
0.002125775983823173
0.002114662819467104
0.0021035496551110354
0.0020924364907549666
0.002081323326398899
0.0020705450239518366
0.0020599580711670637
0.0020493711183822904
0.002038784165597517
0.0020281972128127442
0.002017610260027971
0.002007023307243198
0.0019964363544584247
0.0019858494016736514
0.0019752624488888785
0.0019649577368353534
0.0019548882253912023
0.0019448187139470504
0.001934749202502899
0.0019246796910587477
0.001914610179614596
0.0019045406681704445
0.0018944711567262932
0.0018844016452821417
0.00187433213383799
0.001864484708236561
0.0018549037856463993
0.0018453228630562367
0.001835741940466074
0.0018261610178759114
0.0018165800952857488
0.0018069991726955865
0.001797418250105424
0.0017878373275152612
0.0017782564049250989
0.0017688457161048755
0.0017597329363820456
0.001750620156659216
0.0017415073769363864
0.0017323945972135568
0.0017232818174907271
0.0017141690377678975
0.0017050562580450677
0.001695943478322238
0.0016868306985994084
0.0016778402844308386
0.0016691761784069614
0.0016605120723830846
0.001651847966359208
0.0016431838603353313
0.001634519754311454
0.001625855648287577
0.0016171915422637001
0.0016085274362398231
0.0015998633302159461
0.0015912772589928002
0.0015830423443729444
0.0015748074297530887
0.0015665725151332325
0.0015583376005133772
0.001550102685893521
0.0015418677712736653
0.0015336328566538094
0.0015253979420339534
0.0015171630274140979
0.001508965390807759
0.0015011405343365867
0.0014933156778654147
0.0014854908213942427
0.0014776659649230715
0.0014698411084518995
0.0014620162519807275
0.0014541913955095553
0.0014463665390383835
0.0014385416825672115
0.0014307168260960395
0.0014232843599271587
0.0014158518937582775
0.0014084194275893968
0.0014009869614205158
0.001393554495251635
0.001386122029082754
0.001378689562913873
0.001371257096744992
0.001363824630576111
0.0013563921644072303
0.0013493007356415714
0.001342243410616235
0.0013351860855908984
0.001328128760565562
0.0013210714355402252
0.0013140141105148894
0.001306956785489553
0.0012998994604642164
0.0012928421354388797
0.0012857848104135426
0.0012790202298371494
0.001272320703582744
0.0012656211773283384
0.0012589216510739327
0.0012522221248195272
0.0012455225985651217
0.0012388230723107173
0.0012321235460563116
0.001225424019801906
0.0012187244935475004
0.001212273609026381
0.0012059159651552436
0.0011995583212841064
0.001193200677412969
0.0011868430335418318
0.0011804853896706944
0.0011741277457995572
0.00116777010192842
0.0011614124580572828
0.0011550548141861456
0.0011489045753917387
0.0011428728537840353
0.0011368411321763317
0.0011308094105686281
0.0011247776889609248
0.0011187459673532212
0.0011127142457455178
0.0011066825241378142
0.0011006508025301106
0.0010946190809224072
0.0010887522796589448
0.0010830229120156831
0.0010772935443724213
0.0010715641767291598
0.0010658348090858982
0.0010601054414426363
0.001054376073799375
0.001048646706156113
0.0010429173385128514
0.0010371879708695898
0.0010315977293655133
0.0010261744392284586
0.0010207511490914044
0.0010153278589543498
0.0010099045688172956
0.0010044812786802412
0.0009990579885431868
0.0009936346984061322
0.0009882114082690777
0.0009827881181320244
0.0009774673003597714
0.0009723258092259217
0.0009671843180920718
0.0009620428269582219
0.0009569013358243721
0.0009517598446905222
0.0009466183535566724
0.0009414768624228225
0.0009363353712889727
0.0009311938801551229
0.0009261255631834813
0.0009212523773110619
0.0009163791914386427
0.0009115060055662231
0.0009066328196938038
0.0009017596338213845
0.0008968864479489652
0.0008920132620765458
0.0008871400762041264
0.000882266890331707
0.0008774402215580601
0.0008728228797288891
0.000868205537899718
0.0008635881960705468
0.0008589708542413758
0.0008543535124122047
0.0008497361705830336
0.0008451188287538625
0.0008405014869246914
0.0008358841450955203
0.0008312888968894983
0.0008269145849149681
0.0008225402729404379
0.0008181659609659076
0.0008137916489913773
0.0008094173370168469
0.0008050430250423167
0.0008006687130677863
0.0007962944010932561
0.0007919200891187257
0.0007875457771441955
0.000783402410352475
0.0007792590435607546
0.0007751156767690349
0.0007709723099773144
0.0007668289431855939
0.0007626855763938733
0.000758542209602153
0.0007543988428104324
0.000750255476018712
0.0007461121092269914
0.000742168503524975
0.000738244873931929
0.0007343212443388829
0.000730397614745837
0.0007264739851527908
0.0007225503555597448
0.0007186267259666987
0.0007147030963736528
0.0007107794667806067
0.0007068558371875605
0.0007031028586204265
0.000699387802503495
0.0006956727463865635
0.000691957690269632
0.0006882426341527006
0.0006845275780357691
0.0006808125219188376
0.0006770974658019061
0.0006733824096849747
0.0006696673535680431
0.000666096351585282
0.0006625793699028347
0.0006590623882203875
0.00065554540653794
0.0006520284248554928
0.0006485114431730454
0.0006449944614905982
0.000641477479808151
0.0006379604981257036
0.0006344435164432564
0.0006310460055360885
0.0006277167636433662
0.0006243875217506439
0.0006210582798579215
0.0006177290379651991
0.0006143997960724774
0.000611070554179755
0.0006077413122870328
0.0006044120703943105
0.000601082828501588
0.0005978509758585655
0.0005947002809236264
0.000591549585988687
0.0005883988910537477
0.0005852481961188083
0.0005820975011838691
0.0005789468062489297
0.0005757961113139904
0.0005726454163790511
0.0005694947214441118
0.0005664208570956186
0.0005634391894508606
0.0005604575218061025
0.0005574758541613446
0.0005544941865165867
0.0005515125188718287
0.0005485308512270707
0.0005455491835823128
0.0005425675159375547
0.0005395858482927968
0.0005366624739736437
0.000533841112974299
0.0005310197519749545
0.0005281983909756099
0.0005253770299762652
0.0005225556689769208
0.0005197343079775762
0.0005169129469782315
0.0005140915859788869
0.0005112702249795423
0.000508490257795131
0.0005058206741172078
0.0005031510904392848
0.0005004815067613617
0.0004978119230834387
0.0004951423394055156
0.0004924727557275926
0.0004898031720496695
0.00048713358837174645
0.0004844640046938239
0.0004818206423070737
0.0004792952757306017
0.00047676990915412957
0.0004742445425776576
0.0004717191760011855
0.00046919380942471347
0.0004666684428482414
0.00046414307627176937
0.0004616177096952973
0.00045909234311882526
0.0004565793748907056
0.00045419039014610974
0.00045180140540151395
0.0004494124206569181
0.00044702343591232236
0.0004446344511677265
0.00044224546642313066
0.0004398564816785348
0.000437467496933939
0.0004350785121893432
0.0004326895274447474
