0.3176653475659793
0.36736001643166144
0.4193768447678766
0.4734614208827873
0.5292729359063413
0.5865636947095476
0.6450316738200393
0.7044169483950043
0.7644959875822652
0.8249927599471931
0.8857225311167665
0.9464487552594182
1.0069856332192177
1.0671688737229958
1.1268080657261614
1.1857783451043142
1.243933499166581
1.3011550438198678
1.3573315266923638
1.412367969819818
1.466180730029657
1.5186992445200835
1.5698645106620435
1.619605728056325
1.6679012601462975
1.714701984133965
1.7599884948443494
1.8037303344127138
1.845920187535627
1.8865466624392688
1.9256118299414275
1.963109028859654
1.9990468693181203
2.03344066483392
2.066297504571755
2.0976316093412777
2.1274682234820848
2.1558221260604062
2.182716424929245
2.2081802791224656
2.232235218156376
2.254910143445688
2.276240211581569
2.2962381930178157
2.3149493199546596
2.3323927598518366
2.34861024778988
2.3636330531578196
2.377473514555377
2.39018396520716
2.401780924785652
2.4123134792851033
2.4217972428736916
2.43026292104559
2.437748379963877
2.444278513864666
2.4498934744552012
2.4546061197232403
2.458455498334623
2.4614665183760915
2.4636717658209917
2.4650954686803304
2.4657586712703337
2.465702450928022
2.464933506498555
2.4635003593230063
2.4613973550276214
2.4586721454076668
2.455347385628064
2.451433713903476
2.446969907078369
2.441949685519256
2.436420871580193
2.430400777931901
2.423900186158633
2.4169449906757388
2.409544930389928
2.401730736133282
2.3935130797965654
2.3849179954030215
2.3759457581090864
2.3666288520722496
2.3569743568628447
2.347001763999955
2.3367313766510747
2.326158085179086
2.3153190165976296
2.3042138548222466
2.2928623309402343
2.2812789655952344
2.2694609753487556
2.2574416344704944
2.2452182958676548
2.2328069447812164
2.2202207115263572
2.2074630785538925
2.194552819412663
2.181496055029687
2.168299220368402
2.154974327374274
2.14153285768463
2.127977362882854
2.1143221303147834
2.100571644681222
2.0867330867359937
2.0725927758929497
2.058150377422303
2.044099031348148
2.029990625594353
2.0158288131765265
2.001626211895959
1.987377175097247
1.9730980314143598
1.9587890134911898
1.9444589785726905
1.930099995050922
1.9152209083250111
1.9008534517250424
1.886483055844943
1.872113107891851
1.8577504896615977
1.843395085522595
1.8290556903942385
1.814730450155087
1.8004267764980504
1.7861482365358294
1.7718973801518616
1.7576760504370188
1.743488988205129
1.7293386754639868
1.7152278258078095
1.7011592798772213
1.6871359015353211
1.6731594129282212
1.6592309822755773
1.6453550552633545
1.6315337560732217
1.61776737864062
1.604059971538311
1.5904107616713388
1.576823813121065
1.5632996631495737
1.5498402464086833
1.5364483162634222
1.523121419786372
1.5098646442874377
1.4966784776819755
1.483563292727337
1.4705202734842815
1.4575512904809536
1.4446550016535653
1.4318171000800373
1.419034559598444
1.4063708070665797
1.3937843008728275
1.3812753944504608
1.3688462883682755
1.356497706567092
1.3442298631033471
1.3320433564735674
1.3199378977516147
1.307914658700604
1.2959728500693566
1.2841147331148812
1.2723407540706315
1.2606494764547556
1.2490417021290792
1.2375178028307547
1.226077803616339
1.2147220511983696
1.2034507569434663
1.1922639181342007
1.1811611199809575
1.1701426704577256
1.15920922367683
1.1483602791556728
1.1375952964228668
1.1269146387360651
1.1163186122632038
1.1058066032435352
1.0953785249842998
1.0850345680705695
1.0747741049731252
1.0645963823653444
1.0545025912975554
1.044491973733004
1.0345637115397146
1.0247185316483778
1.0149551402182286
1.0052739473602808
0.9956741353905558
0.9861561188954521
0.9767182440327791
0.9673623605973863
0.9580861596029049
0.9488899352954935
0.9397733530052842
0.9307356939429234
0.9217776450391418
0.9128975760167879
0.9040953326393006
0.8953716972306436
0.8867245397059069
0.878153749605443
0.8696601128444514
0.8612423271092164
0.8528997182665098
0.844632415950124
0.8364396916876596
0.8283209323061378
0.8202759818929377
0.8123037502389914
0.8044054713539107
0.7965780474782755
0.7888232037887745
0.7811394478342022
0.7735267264385894
0.7659838045532836
0.7585111629521829
0.7511079267039098
0.7437731113408173
0.7365066155368778
0.7293089069222302
0.7221775176670164
0.7151138093738908
0.7081159139239309
0.701184181895582
0.6943177171109544
0.6875160400725193
0.6807791710704509
0.6741060990731105
0.6674956481589486
0.6609530585003461
0.6544687051520997
0.6481082243246229
0.6418797116548198
0.63557668133738
0.6293339230541362
0.62315152266826
0.6170282464243497
0.6109638540750979
0.6049578774401475
0.5990103023544253
0.5931199000506449
0.5872865978493838
0.5815095320905765
0.5757884736636507
0.5701236767804471
0.5645128765953366
0.5589577629935052
0.5534559880749117
0.5480082848310814
0.5426137266152535
0.5372751267502732
0.5320347257869528
0.5267956668197373
0.5217125159283298
0.5165752571260791
0.5114879871911098
0.5064505958023781
0.501462824476784
0.49652461051164193
0.49163462874035607
0.486793117191277
0.4819983592407029
0.4772520679641817
0.472552435561566
0.46789886568800654
0.4632918243365325
0.4587291892385731
0.45421310939846654
0.4497412875939547
0.44531347908262353
0.44093007855758987
0.4365895557310686
0.43229264508360765
0.428038124623759
0.4238259182892588
0.41965592620304115
0.41552717580585763
0.4114392337805822
0.4073922817244335
0.40338570842032134
0.3994189336663928
0.39549212937963607
0.39160345225967175
0.3877544766053942
0.38394381854239273
0.3801707388476297
0.3764361342165635
0.372737599967763
0.3690770111916295
0.36545297640216573
0.36186463277286973
0.35831284609298786
0.35479556459653094
0.3513144189071752
0.3478679343379553
0.3444557681515093
0.3410778357851951
0.3377333602084688
0.33442283295023995
0.3311455797786764
0.32790116626111465
0.32468865533195024
0.321508940167891
0.31836086540998665
0.3152446485539887
0.312159511761929
0.3091044562133102
0.30608136202310776
0.30308789155513083
0.3001247948212312
0.2971913120459153
0.2942867182628083
0.29141201407503514
0.28856569971457846
0.2857486612093645
0.28296521752021314
0.28020380098749403
0.27748232329029765
0.27477606854399095
0.27209676057586085
0.2694443620228697
0.2668189701025849
0.2642191856654889
0.2616463394864733
0.2590988305882937
0.2565770230771096
0.2540807156869777
0.25160852211802237
0.24916228846356242
0.2467400779569367
0.24434222828095192
0.24196858116108094
0.23961810388210963
0.23729180076187717
0.2349886629918676
0.23270869215897233
0.2304516237846749
0.22821692551198708
0.22600474044667024
0.22381497072380882
0.2216469703229083
0.21950048664760402
0.21737573563332419
0.21527207084304628
0.2131900726898892
0.21112850120700039
0.20908729079086075
0.2070669535171206
0.2050665046286337
0.20308669428822992
0.20112624805987728
0.19918516049073987
0.19726397735603748
0.19536172301766797
0.19347879930877337
0.19161442039376309
0.18976862957839924
0.1879414012444351
0.1861324827237484
0.1843415032364185
0.1825685048083634
0.1808132316904479
0.17907524038457734
0.1773550674928363
0.1756516659353634
0.17396556222365672
0.17229624226919016
0.1706431356070615
0.1690071773326452
0.16738704021644354
0.1657833584758612
0.16419551950330336
0.16262319497999966
0.16106698884310827
0.15952603259119344
0.15800059915464598
0.15649026714046194
0.15499480332775573
0.15351430647933176
0.15204872800847957
0.15059750263245836
0.14916073234104785
0.1477382190949213
0.14632963877899766
0.1449355366119215
0.1435549233787375
0.14218807217754895
0.1408347870969901
0.1394957688975047
0.1381839645172805
0.13687015201631336
0.13559967743950457
0.13431137633190096
0.1330355932625198
0.1317725056021076
0.13052207800028967
0.12928381243795306
0.12805788558754733
0.1268441434965933
0.1256423871212095
0.12445247102397305
0.12327417217899947
0.12210770965243162
0.12095274548120401
0.11980899630269398
0.11867694239859226
0.11755575702294827
0.1164455474545979
0.11534652231497183
0.1142581642675781
0.113180745813486
0.11211370466865868
0.11105728340650689
0.11001132990913279
0.10897547022666376
0.10795015953114515
0.1069347077287395
0.10592914235417043
0.10493363237122744
0.10394773428942883
0.10297158771101689
0.10200502105602734
0.10104796524639663
0.10010024684730781
0.0991618589671422
0.09823273299066088
0.09731268664771364
0.09640150766149097
0.09549937920117102
0.09460619434421277
0.0937221891309096
0.09285698483131115
0.0919894465571466
0.09115296049914098
0.09030169514818903
0.08945905277877259
0.08862449341424045
0.08779782881860933
0.08697961164335244
0.08616917985261335
0.08536660658022482
0.08457199888524983
0.08378508049872775
0.08300586005280733
0.08223410717254256
0.08147010390323045
0.08071324347433813
0.07996372761694183
0.07922181665998528
0.07848697397061094
0.07775920345893027
0.07703866414224779
0.0763250595264604
0.0756183360125555
0.07491839276198287
0.07422534257204985
0.07353901262822365
0.07285910364542279
0.07218603377465
0.07151945832865231
0.07085914261317934
0.07020546429916882
0.06955807396296246
0.06891685349416377
0.0682818227341552
0.0676529494568689
0.06702990966963826
0.06641297954215622
0.06580224507652747
0.0651973647698426
0.06459811016280934
0.0640048439291235
0.06341724004300942
0.06283517070261643
0.06225875675642159
0.061687894175440884
0.06112250781489079
0.06056247891073337
0.060007987698866255
0.059458854990377674
0.05891482915986619
0.05837614972884826
0.05784264940758811
0.05731411318681093
0.05679071842427433
0.05627235466990115
0.05575890572200372
0.05525036439047189
0.05474677287633895
0.05424799617475752
0.05375345947254433
0.05326410633023848
0.05277948178471757
0.052299331288858525
0.05182381547968557
0.05135289700342952
0.050886429379260134
0.05042443033988862
0.049966909433435056
0.049513719806561426
0.04906473302535823
0.04862007488575893
0.04817968413875849
0.04774336486273989
0.047311246540969826
0.04688330890811725
0.0464593294202506
0.04603937632665572
0.04562349092530339
0.045211492322648573
0.044803322509021345
0.04439906088399698
0.04399865755605366
0.04360195880336475
0.043209133047300285
0.04282006421282923
0.04243456237180679
0.04205224159488455
0.0416740872766493
0.04129943730438802
0.040928276568686764
0.04056064720773629
0.04019648957162156
0.03983574284075828
0.03947842095260225
0.03912451662657218
0.0387738297583343
0.0384264415168914
0.038082397423171294
0.0377415189667671
0.03740382166152003
0.03706934610379531
0.036738045444988834
0.03640981832193641
0.036084681508219155
0.03576265219188853
0.03544354284416856
0.03512740350101473
0.03481429673398913
0.03450405685910203
0.03419670300707757
0.03389229029555895
0.033590702756203045
0.03329189703773018
0.03299590364807845
0.03270267854652874
0.03241215191513862
0.03212429588886352
0.0318387015912342
0.03155624991120409
0.03127641394205768
0.03099927576894417
0.030724651207901466
0.030452562956769392
0.0301830232025645
0.02991600939612707
0.02965142845108234
0.029389262066714612
0.02912959860827838
0.028872296346283
0.02861739045255237
0.028364915522902812
0.0281147137781827
0.02786680824275982
0.027621221486793603
0.027377916707112874
0.027136846074860162
0.026897983730235837
0.026661372256901752
0.026426943142505887
0.026194650346382152
0.025964571415643768
0.025736557995585947
0.025510615477416974
0.025286782540938253
0.025065014806492193
0.024845264673027077
0.024627514444016903
0.024411827763679134
0.02419809379333822
0.023986294777290744
0.02377599819899271
0.023568100210055246
0.023362088921000883
0.023158011786926648
0.022955795741810933
0.022755429960530385
0.0225569005829611
0.02236022416517492
0.022165315806960566
0.02197215756378551
0.021780839771717315
0.02159122198343822
0.021403303991445084
0.021217135677582988
0.021032645610054072
0.020849852906162286
0.020668737418504668
0.02048927987378537
0.020311439287395375
0.02013518177027941
0.019960616029112543
0.019787604619556955
0.01961612362794283
0.01944624802765903
0.01927789757679635
0.019111092264771257
0.018945809051172303
0.018782015546678202
0.01861970474337604
0.018458831445766273
0.01829946057169058
0.01814151805766425
0.017984961907381917
0.017829322465462316
0.01767564562893391
0.017523338157509723
0.017372432002254606
0.01722288995260015
0.017074693509043812
0.01692781469906816
0.01678228348056187
0.01663806238664014
0.016495107833187767
0.016353499737376744
0.016213153266263183
0.01607403810719052
0.0159362090024534
0.015799613797673036
0.01566422460389829
0.015530045956321042
0.015397079750483461
0.015265312014324125
0.015134720895641472
0.01500533071973527
0.014877090783141539
0.014749983437960332
0.01462404367578448
0.014499231773327147
0.014375514834494748
0.014252900554235538
0.014131389988347806
0.014010976944285092
0.01389163304797138
0.013773377860027775
0.013656164855630367
0.013539507274718986
0.013424375802048239
0.013310276432606533
0.013197176144459057
0.013085081736317516
0.012974002583212033
0.012863962162857508
0.012754852062222918
0.012646738018002968
0.012539573860896984
0.01243333858801456
0.0123287533734136
0.012224408494678471
0.012120968209154908
0.012018455034155487
0.011916870731807482
0.011817630958087608
0.011717801983018264
0.01161887774757148
0.011520818103862174
0.011423603398010055
0.011327257069136218
0.011231771557775293
0.01113711483282546
0.01104332121538231
0.010950369964568671
0.010858218019867465
0.010766876185152176
0.01067636315797111
0.010586634288243505
0.010497678790980885
0.010409512406618462
0.010322125997677057
0.010235519096512057
0.010149675832975338
0.010064593294331476
0.009980237106519787
0.00989661705534815
0.009813757305862762
0.009731609799666103
0.009650170059797823
0.009569450008703094
0.009489461049712471
0.009410172952579572
0.009331580944604782
0.009253683502332284
0.00917644840747794
0.009099882963792633
0.009024006788349838
0.008948783110623578
0.008874207369897809
0.008800299669975784
0.008727040075814704
0.00865441150177704
0.00858242183942528
0.008511066769043446
0.008440316122161317
0.008370174961558926
0.008300658802134953
0.008231745719868407
0.008163438053344428
0.00809407381245042
0.008026982538836283
0.007960463866107737
0.007894533004699292
0.007829179258708083
0.007764377865973074
0.007700131201564479
0.007636452135185953
0.007573324655578813
0.007510750431650577
0.007448726148383914
0.0073872288760012395
0.007326255587507091
0.007265816497530157
0.007205905631054608
0.007146501254603439
0.0070876104356841305
0.0070292394003206495
0.006971378734692
0.006914014343399331
0.0068571542856228525
0.006800772902374368
0.006744871514385612
0.0066894544473858585
0.006634521643716893
0.006580052672964796
0.0065260452446174524
0.006472523861159818
0.006419453377870532
0.0063668392361509165
0.006314687681381923
0.006262972714675191
0.006211694985683291
0.006160863089160053
0.006110476565149377
0.006060515999234217
0.006010987758872247
0.005961892891929355
0.005913208832885597
0.005864938925414445
0.005817096225882952
0.0057696517975091705
0.005722605660658381
0.0056759644764760595
0.005629722381075565
0.005583881955151488
0.005538433834204954
0.005493376367260218
0.00544869567951067
0.005404389713383802
0.0053604793429869145
0.005316938229524882
0.0052737600072258715
0.005230953474687529
0.005188512089888972
0.005146441790661626
0.005104726186629095
0.005063365966132467
0.005022351200092914
0.004981676540951983
0.004941363633651471
0.004901385295268009
0.004861737972464204
0.0048224342645251115
0.004783467304856142
0.004744831569774031
0.004706523638035537
0.004668539334822815
0.004630876179734719
0.0045935256575049205
0.0045565013823229295
0.004519787363822678
0.0044833758892712985
0.004447287536305199
0.004411498651253334
0.004376008899907862
0.0043408235364509745
0.004305933439691359
0.004271332962407118
0.004237018629144062
0.004202998468962616
0.004169266296202682
0.004135819375436809
0.004102659460333579
0.0040697739955796435
0.004037160458847391
0.004004832500843169
0.0039727743505640145
0.003940980517694602
0.003909449654178889
0.0038781852728822525
0.003847192197918556
0.003816456311779382
0.0037859815165919497
0.0037557581966414857
0.003725781490068595
0.003696062194703211
0.0036665922541368823
0.003637363776742206
0.0036083770730830087
0.0035796383270294482
0.003551143446790827
0.003522884715591015
0.0034948685205458897
0.0034670829811249623
0.003439523301035217
0.00341219645287782
0.0033851009236593355
0.0033582259788906364
0.0033315762409683635
0.0033051541654893508
0.003278948568944829
0.0032529625123680263
0.003227194807845813
0.0032016384914672225
0.0031762891976785806
0.0031511512264890936
0.0031262265463913646
0.0031015057584990154
0.0030769955416785942
0.0030526906045229567
0.003028584598724877
0.003004678954496927
0.002980975224087133
0.002957464958060998
0.0029341446100061624
0.0029088803473239083
0.002885974345313231
0.00286326292993911
0.0028407381773840334
0.002818399611268811
0.00279624127759386
0.0027742646207771504
0.002752475120325829
0.002730862059638418
0.0027094232462512033
0.0026881612334274853
0.002667080349287779
0.002646177164175669
0.002625444920334008
0.0026048834587822766
0.002584486904504551
0.002564255746043131
0.0025441975028269105
0.0025243010053931114
0.0025045646632753053
0.0024849946448172373
0.0024655862606430515
0.0024463372742765006
0.002427246264669372
0.0024083120035744247
0.002389529007331594
0.0023708977246812216
0.002352423232814407
0.0023340988342515274
0.002315926491596969
0.0022979065112013505
0.002280032381890992
0.0022623029971560633
0.002244720357866091
0.002227281581795011
0.002209981611805844
0.002192820716906154
0.0021758019381595863
0.0021589243775984794
0.0021421858579477146
0.0021255839629884285
0.002109115481381236
0.0020927783877556835
0.0020765778046656796
0.002060509216892382
0.0020445681338106354
0.002028755285888411
0.002013074400636522
0.001997525778744976
0.001982102113615847
0.0019668041426564482
0.0019516282308750606
0.0019365731715933897
0.001921641991845924
0.0019068332342541407
0.0018921417829140396
0.0018775673677408613
0.0018631167992074111
0.0018487821902328358
0.0018345637636281525
0.0018204610973752444
0.0018064701883426918
0.0017925904956720444
0.0017788231943766338
0.0017651712139709057
0.0017516273750362
0.0017381946779495673
0.001724872035603081
0.0017116544154593479
0.0016985448808445542
0.0016855419341973471
0.0016726414361020751
0.0016598430505128845
0.0016471471857000242
0.0016345559271312
0.0016220673156448193
0.0016096789562260825
0.0015973906318387649
0.001585198804112396
0.0015731052191614561
0.0015611110343721922
0.0015492116530108613
0.0015374067511703979
0.0015256963054319666
0.001514082290971139
0.0015025636291447367
0.0014911358234450973
0.001479799636930456
0.0014685523002703643
0.0014573938294235541
0.0014463282715335966
0.001435349055821439
0.001424455781954677
0.0014136507215161695
0.0014029336616179513
0.0013923036843423147
0.001381757405834243
0.0013712950974078771
0.001360914715816357
0.001350616406932436
0.00134040409284951
0.0013302715199410209
0.0013202183077831646
0.0013102483008382928
0.0013003563816419384
0.001290543969013918
0.0012808095691500532
0.0012711521404630472
0.0012615700952823253
0.001252062448371048
0.0012426325517685916
0.001233277302537126
0.001223997622425445
0.0012147919809899774
0.001205658091061809
0.0011965961500582196
0.0011876080595239768
0.0011786910122935687
0.0011698433295310624
0.0011610642021919722
0.0011523553208824741
0.0011437187444874044
0.0011351493682143514
0.001126647967864143
0.0011182125952317096
0.0011098423411171718
0.0011015404667700946
0.0010933035639437445
0.0010851303920443832
0.0010770204878520588
0.0010689763729015071
0.0010609976420690229
0.0010530807629093304
0.001045226625912963
0.0010374340539313297
0.00102970131523482
0.001022030721690835
0.001014420827477905
0.0010068694930509211
0.0009993777484538955
0.0009919461832028575
0.0009845729531906499
0.0009772576390135422
0.0009699998099692057
0.000962797977713153
0.0009556512242307918
0.0009485608054307811
0.0009415272119290934
0.0009345481674836491
0.000927624767738865
0.0009207553739292621
0.0009139394549712146
0.0009071780136130893
0.0009004694545925757
0.0008938124750445376
0.0008872062122505572
0.0008806512876160124
0.0008741491639570106
0.0008676989327983506
0.0008612984156820612
0.0008549475681338328
0.0008486451739528691
0.0008423922615070239
0.0008361887862548087
