3.112453816819929
3.116761715096767
3.1210696133736056
3.1253775116504436
3.1296854099272817
3.13399330820412
3.138301206480958
3.142609104757796
3.146917003034634
3.151224901311472
3.1555327995883107
3.1606536164200736
3.165855725107329
3.1710578337945843
3.17625994248184
3.1814620511690954
3.1866641598563503
3.191866268543606
3.1970683772308615
3.202270485918117
3.207472594605372
3.209633877457127
3.2111194212343266
3.2126049650115265
3.2140905087887264
3.2155760525659254
3.2170615963431253
3.2185471401203243
3.220032683897524
3.2215182276747236
3.223003771451923
3.2207658589148163
3.217131650259845
3.2134974416048725
3.209863232949901
3.206229024294929
3.2025948156399573
3.1989606069849854
3.1953263983300135
3.191692189675042
3.18805798102007
3.181370452134638
3.172938168831801
3.1645058855289636
3.156073602226126
3.1476413189232897
3.1392090356204516
3.1307767523176144
3.1223444690147772
3.11391218571194
3.105479902409103
3.0949836023162582
3.0827672882317407
3.0705509741472237
3.058334660062706
3.046118345978188
3.033902031893671
3.021685717809154
3.009469403724636
2.997253089640119
2.9850367755556015
2.9716236966762475
2.956774500043089
2.9419253034099304
2.9270761067767723
2.912226910143614
2.8973777135104557
2.882528516877297
2.8676793202441386
2.8528301236109805
2.837980926977822
2.8225493108349937
2.806098460550243
2.789647610265492
2.7731967599807414
2.756745909695991
2.74029505941124
2.723844209126489
2.7073933588417387
2.6909425085569874
2.674491658272237
2.6578270455664605
2.6405923997379497
2.6233577539094393
2.606123108080929
2.588888462252418
2.5716538164239076
2.5544191705953967
2.537184524766886
2.519949878938375
2.5027152331098645
2.4854505981449755
2.468051012066385
2.450651425987795
2.4332518399092042
2.4158522538306135
2.3984526677520233
2.3810530816734325
2.3636534955948423
2.3462539095162516
2.3288543234376613
2.311479805297898
2.294355966546407
2.2772321277949152
2.2601082890434245
2.242984450291933
2.2258606115404422
2.208736772788951
2.19161293403746
2.174489095285969
2.157365256534477
2.140241417782986
2.1236403159063246
2.1070392140296628
2.0904381121530005
2.073837010276339
2.0572359083996767
2.0406348065230153
2.0240337046463535
2.0074326027696916
1.9908315008930295
1.9742303990163677
1.9583518984302106
1.9425456579731042
1.9267394175159978
1.9109331770588907
1.895126936601784
1.8793206961446773
1.8635144556875711
1.847708215230464
1.8319019747733574
1.8160957343162507
1.801036825784502
1.7861439910139434
1.7712511562433852
1.7563583214728273
1.7414654867022685
1.7265726519317104
1.7116798171611523
1.6967869823905941
1.6818941476200355
1.6670013128494772
1.6527963550404199
1.6388493510919253
1.6249023471434307
1.6109553431949362
1.5970083392464414
1.5830613352979468
1.569114331349452
1.5551673274009574
1.541220323452463
1.5272733195039683
1.5139409878207848
1.5009598974320648
1.4879788070433446
1.474997716654625
1.4620166262659047
1.4490355358771847
1.4360544454884647
1.4230733550997448
1.4100922647110246
1.3971111743223048
1.3846465169685516
1.3726122204772708
1.36057792398599
1.3485436274947094
1.3365093310034286
1.3244750345121479
1.3124407380208671
1.3004064415295864
1.2883721450383057
1.276337848547025
1.2647321993280716
1.2536409268359106
1.2425496543437498
1.231458381851589
1.2203671093594282
1.2092758368672674
1.1981845643751066
1.1870932918829458
1.176002019390785
1.1649107468986242
1.154143936927982
1.1439449363699974
1.1337459358120128
1.1235469352540284
1.1133479346960438
1.1031489341380594
1.092949933580075
1.0827509330220904
1.0725519324641057
1.0623529319061216
1.0523844436041137
1.0430306546513777
1.0336768656986417
1.0243230767459057
1.0149692877931697
1.0056154988404336
0.9962617098876976
0.9869079209349616
0.9775541319822254
0.9682003430294899
0.9589908761442623
0.9504308585628222
0.9418708409813821
0.9333108233999421
0.924750805818502
0.9161907882370619
0.9076307706556219
0.8990707530741819
0.8905107354927418
0.8819507179113018
0.87345801748369
0.8656384885943553
0.8578189597050208
0.8499994308156863
0.8421799019263518
0.8343603730370173
0.8265408441476827
0.8187213152583482
0.8109017863690138
0.8030822574796791
0.7952627285903446
0.7881301468124073
0.7809975650344698
0.7738649832565321
0.7667324014785946
0.7595998197006569
0.7524672379227193
0.7453346561447817
0.738202074366844
0.7310694925889064
0.7239369108109688
0.7173811842702452
0.7108831432532431
0.7043851022362408
0.6978870612192385
0.6913890202022361
0.684890979185234
0.6783929381682317
0.6718948971512293
0.6653968561342269
0.6588988151172247
0.6528785490452169
0.646964455183208
0.6410503613211995
0.6351362674591905
0.6292221735971817
0.6233080797351728
0.6173939858731639
0.611479892011155
0.605565798149146
0.5996517042871372
0.5941272296746395
0.5887488622807083
0.5833704948867773
0.5779921274928463
0.5726137600989152
0.567235392704984
0.561857025311053
0.5564786579171218
0.5511002905231908
0.5457219231292597
0.5406641532277879
0.5357895818934357
0.5309150105590836
0.5260404392247315
0.5211658678903797
0.5162912965560276
0.5114167252216755
0.5065421538873234
0.5016675825529713
0.4967930112186191
0.4921545279136262
0.4877127846330992
0.4832710413525723
0.47882929807204533
0.4743875547915186
0.4699458115109917
0.4655040682304647
0.4610623249499378
0.4566205816694109
0.4521788383888839
0.44792594792398877
0.4438996808378517
0.4398734137517146
0.43584714666557756
0.4318208795794405
0.42779461249330364
0.42376834540716657
0.4197420783210295
0.41571581123489243
0.41168954414875536
0.4077956944907135
0.40413357533183825
0.400471456172963
0.3968093370140877
0.39314721785521245
0.38948509869633713
0.38582297953746203
0.38216086037858676
0.3784987412197115
0.37483662206083623
0.3712667729793167
0.36794297743741267
0.36461918189550857
0.36129538635360453
0.3579715908117005
0.3546477952697964
0.35132399972789236
0.3480002041859884
0.3446764086440844
0.3413526131021803
0.3380846865051384
0.335068170159976
0.3320516538148136
0.32903513746965124
0.32601862112448887
0.32300210477932645
0.3199855884341641
0.3169690720890017
0.31395255574383946
0.3109360393986771
0.3079448877646287
0.3052073832417208
0.3024698787188128
0.2997323741959048
0.29699486967299693
0.29425736515008893
0.291519860627181
0.28878235610427305
0.28604485158136506
0.2833073470584572
0.2805698425355493
0.2780854093755787
0.2756009762156081
0.2731165430556375
0.2706321098956669
0.2681476767356963
0.2656632435757257
0.263178810415755
0.2606943772557844
0.2582099440958138
0.25572551093584334
0.2534496960858946
0.25119474306694806
0.24893979004800149
0.24668483702905494
0.2444298840101084
0.24217493099116183
0.2399199779722153
0.23766502495326874
0.23541007193432217
0.23315511891537574
0.231073047437589
0.22902939408006
0.22698574072253103
0.22494208736500204
0.22289843400747303
0.22085478064994402
0.21881112729241503
0.21676747393488605
0.21472382057735703
0.21268016721982805
0.2107709882350932
0.20891223714015603
0.20705348604521887
0.20519473495028168
0.20333598385534454
0.20147723276040738
0.1996184816654702
0.19775973057053303
0.19590097947559587
0.1940422283806587
0.19229216480334677
0.19060420837896358
0.1889162519545803
0.18722829553019707
0.1855403391058138
0.18385238268143053
0.18216442625704726
0.180476469832664
0.17878851340828072
0.17710055698389748
0.17549699764351331
0.17396376920646167
0.17243054076941008
0.17089731233235847
0.16936408389530683
0.1678308554582552
0.16629762702120357
0.16476439858415193
0.16323117014710029
0.16169794171004864
0.16023038186732683
0.15884162433780072
0.15745286680827464
0.15606410927874853
0.15467535174922248
0.15328659421969637
0.1518978366901703
0.1505090791606442
0.14912032163111824
0.14773156410159213
0.14638706354826794
0.14512001270329708
0.14385296185832616
0.14258591101335527
0.14131886016838438
0.1400518093234135
0.1387847584784426
0.1375177076334717
0.13625065678850082
0.13498360594352993
0.13374796852699072
0.13259610025293603
0.13144423197888133
0.1302923637048266
0.1291404954307719
0.12798862715671722
0.12683675888266252
0.12568489060860782
0.12453302233455311
0.12338115406049842
0.12224825650660567
0.12120072719344117
0.12015319788027667
0.11910566856711217
0.11805813925394767
0.11701060994078319
0.1159630806276187
0.11491555131445419
0.1138680220012897
0.1128204926881252
0.11178175759811033
0.11083096473959166
0.10988017188107296
0.1089293790225543
0.10797858616403562
0.10702779330551693
0.10607700044699825
0.10512620758847957
0.1041754147299609
0.10322462187144221
0.10227382901292353
0.1014062025417839
0.10053857607064433
0.09967094959950466
0.09880332312836504
0.09793569665722537
0.09706807018608574
0.0962004437149461
0.09533281724380645
0.0944651907726668
0.09359756430152714
0.09280067774881304
0.09201086518794147
0.0912210526270699
0.09043124006619833
0.08964142750532678
0.0888516149444552
0.08806180238358365
0.08727198982271207
0.08648217726184051
0.08569236470096896
0.08496020632411644
0.08424085998815706
0.08352151365219772
0.08280216731623834
0.08208282098027894
0.08136347464431955
0.08064412830836017
0.07992478197240077
0.07920543563644139
0.078486089300482
0.07781330986786142
0.07715799302399291
0.07650267618012441
0.07584735933625589
0.0751920424923874
0.07453672564851888
0.07388140880465036
0.07322609196078185
0.07257077511691334
0.07191545827304482
0.07129702775840108
0.07069967514617143
0.07010232253394177
0.06950496992171214
0.06890761730948254
0.0683102646972529
0.06771291208502327
0.06711555947279363
0.06651820686056399
0.06592085424833434
0.06535228132397261
0.06480769147283412
0.06426310162169564
0.06371851177055715
0.06317392191941867
0.0626293320682802
0.06208474221714171
0.06154015236600323
0.060995562514864744
0.06045097266372627
0.05992812463912789
0.059431366806377624
0.05893460897362737
0.05843785114087712
0.05794109330812687
0.05744433547537661
0.0569475776426264
0.05645081980987614
0.055954061977125887
0.055457304144375635
0.05497631555490526
0.054522923141174684
0.054069530727444096
0.05361613831371352
0.05316274589998293
0.05270935348625236
0.05225596107252177
0.051802568658791195
0.051349176245060614
0.05089578383133003
0.050453179791546586
0.050039344748955515
0.049625509706364444
0.04921167466377337
0.0487978396211823
0.04838400457859123
0.047970169536000154
0.04755633449340908
0.047142499450818054
0.04672866440822698
0.04632135402299288
0.04594340459586512
0.04556545516873737
0.04518750574160962
0.04480955631448186
0.044431606887354105
0.04405365746022635
0.0436757080330986
0.04329775860597085
0.042919809178843096
0.042544817746320705
0.042199406259851954
0.0418539947733832
0.04150858328691445
0.04116317180044571
0.04081776031397695
0.040472348827508206
0.04012693734103945
0.039781525854570704
0.03943611436810198
0.03909070288163323
0.03877508706948817
0.038459471257343114
0.038143855445198056
0.037828239633053
0.03751262382090794
0.03719700800876288
0.03688139219661782
0.03656577638447277
0.0362501605723277
0.035934544760182645
0.03564348675291376
0.03535488452613248
0.035066282299351215
0.03477768007256994
0.03448907784578866
0.034200475619007395
0.03391187339222612
0.03362327116544485
0.033334668938663575
0.0330460667118823
0.03277749307719183
0.03251337024074373
0.032249247404295626
0.03198512456784753
0.03172100173139942
0.031456878894951315
0.031192756058503218
0.030928633222055118
0.030664510385607018
0.030400387549158914
0.030152641721254196
0.029911037271553247
0.029669432821852297
0.029427828372151344
0.029186223922450395
0.02894461947274945
0.0287030150230485
0.028461410573347546
0.028219806123646596
0.027978201673945647
0.027749586727510055
0.02752839435436896
0.027307201981227883
0.027086009608086783
0.026864817234945687
0.02664362486180459
0.02642243248866349
0.026201240115522394
0.025980047742381294
0.025758855369240198
0.0255478082134662
0.02534521540549812
0.02514262259753003
0.024940029789561946
0.024737436981593863
0.024534844173625777
0.02433225136565769
0.024129658557689605
0.02392706574972152
0.023724472941753436
0.023529730779175615
0.023344409391066107
0.0231590880029566
0.02297376661484711
0.022788445226737605
0.0226031238386281
0.022417802450518592
0.022232481062409083
0.022047159674299578
0.02186183828619007
0.021682021547464264
0.021511837945159935
0.0213416543428556
0.02117147074055127
0.021001287138246942
0.020831103535942606
0.020660919933638278
0.020490736331333945
0.020320552729029613
0.020150369126725284
0.019984037985929366
0.01982798007582254
0.01967192216571572
0.019515864255608896
0.019359806345502075
0.019203748435395268
0.019047690525288447
0.018891632615181626
0.018735574705074802
0.01857951679496798
0.018425799894443134
0.01828261753703716
0.018139435179631184
0.017996252822225212
0.01785307046481924
0.01770988810741327
0.017566705750007298
0.017423523392601326
0.01728034103519535
0.01713715867778938
0.0169950666857994
0.016863878347969305
0.016732690010139214
0.01660150167230912
0.016470313334479028
0.016339124996648934
0.016207936658818842
0.01607674832098876
0.01594555998315867
0.015814371645328576
0.015683183307498485
0.015562561017818149
0.015441938728137811
0.015321316438457473
0.015200694148777134
0.015080071859096798
0.01495944956941646
0.014838827279736122
0.014718204990055784
0.014597582700375448
0.014476960410695109
0.014365292850220224
0.014254520762665883
0.014143748675111544
0.014032976587557202
0.01392220450000286
0.013811432412448522
0.013700660324894181
0.01358988823733984
0.01347911614978551
0.01336834406223117
0.01326494570172438
0.01316318594722816
0.013061426192731936
0.012959666438235717
0.012857906683739494
0.012756146929243272
0.01265438717474705
0.01255262742025083
0.012450867665754607
0.012349107911258385
0.012253336568217942
0.012159810879473414
0.012066285190728887
0.01197275950198436
0.011879233813239833
0.011785708124495305
0.011692182435750778
0.01159865674700625
0.011505131058261724
0.011411605369517205
0.011322693801809652
0.011236418874694658
0.011150143947579662
0.011063869020464669
0.010977594093349675
0.010891319166234679
0.010805044239119686
0.01071876931200469
0.010632494384889696
0.0105462194577747
0.010463889122422116
0.010384845946871538
0.010305802771320958
0.010226759595770381
0.010147716420219803
0.010068673244669223
0.009989630069118644
0.009910586893568066
0.009831543718017487
0.009752500542466909
0.009676325964616348
0.009603593704005814
0.009530861443395273
0.009458129182784733
0.009385396922174192
0.009312664661563653
0.00923993240095311
0.009167200140342571
0.009094467879732029
0.00902173561912149
0.008951105874266707
0.008884155531984508
0.008817205189702308
0.008750254847420107
0.008683304505137907
0.008616354162855704
0.008549403820573504
0.008482453478291303
0.008415503136009103
0.008348552793726902
0.00828305058646254
0.00822141007257908
0.008159769558695622
0.008098129044812167
0.008036488530928709
0.007974848017045249
0.007913207503161789
0.00785156698927833
0.00778992647539487
0.00772828596151141
0.007667530688636442
0.007610759000299687
0.007553987311962932
0.007497215623626176
0.007440443935289421
0.007383672246952666
0.0073269005586159095
0.007270128870279153
0.007213357181942398
0.007156585493605643
0.007100219459827701
0.007047909971637884
0.0069956004834480666
0.00694329099525825
0.0068909815070684385
0.0068386720188786205
0.0067863625306888034
0.006734053042498987
0.00668174355430917
0.006629434066119353
0.006577124577929536
0.006528905656824488
0.00648068673571944
0.006432467814614391
0.006384248893509341
0.0063360299724042925
0.006287811051299243
0.006239592130194194
0.006191373209089146
0.006143154287984097
0.006094935366879049
0.0060501364564723124
0.006005679547135406
0.005961222637798502
0.005916765728461596
0.005872308819124691
0.0058278519097877905
0.005783395000450884
0.00573893809111398
0.005694481181777074
0.005650024272440165
0.005608390089278541
0.005567383178600312
0.005526376267922083
0.005485369357243855
0.005444362446565626
0.005403355535887397
0.005362348625209176
0.005321341714530948
0.00528033480385272
0.00523932789317449
0.005200628331654908
0.005162794026069818
0.005124959720484728
0.005087125414899638
0.005049291109314548
0.005011456803729457
0.004973622498144367
0.0049357881925592775
0.004897953886974187
0.004860119581389098
0.004824134021202096
0.0047892048869568596
0.004754275752711624
0.004719346618466388
0.004684417484221152
0.004649488349975915
0.004614559215730679
0.004579630081485443
0.004544700947240207
0.004509771812994971
0.0044760928675220725
0.004443455746026122
0.004410818624530171
0.00437818150303422
0.0043455443815382695
0.004312907260042319
0.004280270138546368
0.004247633017050417
0.0042149958955544665
0.004182358774058516
0.004151041695052474
0.004121308667034324
0.004091575639016175
0.004061842610998024
0.004032109582979875
0.004002376554961724
0.003972643526943575
0.003942910498925424
0.003913177470907275
0.00388344444288913
0.003854533623732134
0.003827061670082158
0.0037995897164321817
0.0037721177627822048
0.0037446458091322287
0.0037171738554822526
0.0036897019018322756
0.0036622299481822995
0.003634757994532323
0.0036072860408823465
0.0035803806709406357
0.0035549861908876343
0.003529591710834633
0.0035041972307816305
0.003478802750728629
0.0034534082706756276
0.003428013790622626
0.0034026193105696247
0.0033772248305166223
0.0033518303504636213
0.00332678457896579
0.0033033079959662293
0.003279831412966669
0.0032563548299671076
0.0032328782469675478
0.0032094016639679862
0.0031859250809684256
0.0031624484979688654
0.0031389719149693043
0.0031154953319697436
0.003092178470546673
0.0030704588248885033
0.003048739179230334
0.003027019533572165
0.0030052998879139953
0.002983580242255826
0.002961860596597657
0.0029401409509394877
0.002918421305281318
0.0028967016596231484
0.0028749820139649792
0.0028548866805646984
0.0028347913471644176
0.00281469601376414
0.00279460068036386
0.0027745053469635786
0.0027544100135632977
0.002734314680163017
0.002714219346762736
0.0026941240133624552
0.0026740286799621744
0.0026552970504117226
0.0026367017912462543
0.002618106532080785
0.0025995112729153167
0.0025809160137498476
0.0025623207545843792
0.0025437254954189105
0.0025251302362534417
0.002506534977087973
0.002487939717922504
0.002470471703664706
0.002453254188275279
0.0024360366728858516
0.0024188191574964248
0.0024016016421069975
0.0023843841267175703
0.002367166611328143
0.002349949095938716
0.002332731580549289
0.0023155140651598617
0.002299222698486734
0.002283278637582217
0.002267334576677701
0.0022513905157731853
0.002235446454868669
0.002219502393964153
0.0022035583330596367
0.0021876142721551205
0.002171670211250605
0.002155726150346089
0.002140528861944853
0.00212575830068835
0.0021109877394318464
0.0020962171781753426
0.002081446616918839
0.0020666760556623384
0.0020519054944058345
0.002037134933149331
0.0020223643718928278
0.002007593810636324
0.0019934127643562024
0.0019797229805563993
0.0019660331967565957
0.0019523434129567925
0.0019386536291569891
0.0019249638453571857
0.0019112740615573826
0.0018975842777575792
0.001883894493957776
0.0018702047101579727
0.0018569698990140203
0.0018442810550570899
0.0018315922111001594
0.0018189033671432285
0.001806214523186298
0.0017935256792293674
0.0017808368352724368
0.001768147991315506
0.0017554591473585754
0.0017427703034016448
0.0017304153198810146
0.00171864459212391
0.0017068738643668058
0.0016951031366097015
0.0016833324088525968
0.0016715616810954927
0.0016597909533383882
0.0016480202255812837
0.0016362494978241794
0.0016244787700670752
0.001612941615518009
0.0016020273228570462
0.0015911130301960832
0.0015801987375351199
0.0015692844448741568
0.0015583701522131938
0.0015474558595522307
0.0015365415668912679
0.0015256272742303046
0.0015147129815693435
0.0015039417485698725
0.001493814284047116
0.001483686819524359
0.0014735593550016025
0.0014634318904788459
0.0014533044259560893
0.0014431769614333327
0.001433049496910576
0.0014229220323878193
0.0014127945678650627
0.0014027332607506697
0.0013933335277199169
0.0013839337946891638
0.0013745340616584108
0.0013651343286276577
0.0013557345955969046
0.0013463348625661516
0.0013369351295353985
0.0013275353965046454
0.0013181356634738924
0.0013087359304431393
