0.16447361625099338
0.17590500643867082
0.18733639662634818
0.19876778681402563
0.21019917700170299
0.22163056718938043
0.2330619573770578
0.24449334756473518
0.2559247377524126
0.26735612794009
0.2787875181277674
0.29040525468077966
0.30204162587032535
0.313677997059871
0.32531436824941673
0.3369507394389625
0.3485871106285081
0.36022348181805386
0.3718598530075996
0.3834962241971453
0.39513259538669093
0.40507558879593114
0.41464227603177
0.42420896326760893
0.43377565050344785
0.4433423377392868
0.45290902497512564
0.46247571221096456
0.4720423994468035
0.4816090866826424
0.49117577391848133
0.4987420624411962
0.5055582014464896
0.5123743404517828
0.5191904794570762
0.5260066184623695
0.5328227574676628
0.5396388964729562
0.5464550354782495
0.5532711744835428
0.5600873134888362
0.5652222398382714
0.5693964732415018
0.5735707066447322
0.5777449400479626
0.581919173451193
0.5860934068544235
0.5902676402576539
0.5944418736608843
0.5986161070641147
0.6027903404673453
0.6057539102998036
0.6077085938232853
0.6096632773467672
0.6116179608702489
0.6135726443937306
0.6155273279172123
0.617482011440694
0.6194366949641759
0.6213913784876576
0.6233460620111393
0.6245153639300902
0.6247422079236041
0.6249690519171178
0.6251958959106318
0.6254227399041457
0.6256495838976595
0.6258764278911734
0.6261032718846873
0.6263301158782011
0.626556959871715
0.6263201476001572
0.6252719368647244
0.6242237261292916
0.6231755153938585
0.6221273046584257
0.6210790939229929
0.62003088318756
0.618982672452127
0.6179344617166942
0.6168862509812613
0.6155931284869923
0.6136469079691604
0.6117006874513287
0.6097544669334969
0.607808246415665
0.6058620258978332
0.6039158053800013
0.6019695848621696
0.6000233643443378
0.5980771438265059
0.5960216448484634
0.5934743927994728
0.5909271407504821
0.5883798887014915
0.5858326366525007
0.5832853846035102
0.5807381325545196
0.5781908805055288
0.575643628456538
0.5730963764075475
0.5705150619193546
0.56759312303914
0.5646711841589253
0.5617492452787107
0.558827306398496
0.5559053675182815
0.5529834286380667
0.5500614897578521
0.5471395508776374
0.5442176119974227
0.541295673117208
0.5381501554404119
0.5350046377636157
0.5318591200868195
0.5287136024100232
0.5255680847332269
0.5224225670564309
0.5192770493796346
0.5161315317028384
0.5129860140260422
0.5098404963492459
0.5066277602898838
0.5034083023922651
0.5001888444946464
0.4969693865970276
0.4937499286994089
0.49053047080179024
0.48731101290417156
0.4840915550065529
0.4808720971089341
0.4776526392113154
0.47444532100253434
0.47124070050238387
0.4680360800022334
0.464831459502083
0.46162683900193247
0.458422218501782
0.45521759800163153
0.4520129775014811
0.44880835700133065
0.4456037365011801
0.44244848491930866
0.43931174668179185
0.43617500844427504
0.4330382702067582
0.4299015319692413
0.4267647937317245
0.4236280554942077
0.42049131725669076
0.417354579019174
0.41421784078165713
0.4111513622029004
0.40812503200057787
0.40509870179825536
0.4020723715959329
0.39904604139361033
0.39601971119128787
0.3929933809889654
0.3899670507866429
0.38694072058432033
0.3839143903819979
0.380961509653335
0.3780698368193884
0.3751781639854418
0.3722864911514952
0.36939481831754867
0.3665031454836021
0.3636114726496555
0.3607197998157089
0.3578281269817623
0.3549364541478157
0.35211673517063846
0.34938336082158417
0.3466499864725299
0.3439166121234758
0.3411832377744215
0.3384498634253674
0.33571648907631313
0.33298311472725894
0.33024974037820476
0.3275163660291505
0.3248428355994886
0.32227403202876315
0.3197052284580377
0.3171364248873123
0.3145676213165869
0.31199881774586136
0.309430014175136
0.3068612106044105
0.30429240703368504
0.30172360346295973
0.299200499183495
0.2967992596807258
0.2943980201779565
0.2919967806751873
0.28959554117241804
0.28719430166964877
0.28479306216687955
0.28239182266411034
0.27999058316134107
0.27758934365857196
0.27521838281694705
0.272983675950472
0.270748969083997
0.26851426221752195
0.2662795553510469
0.2640448484845719
0.26181014161809685
0.2595754347516218
0.2573407278851468
0.25510602101867175
0.2528860698296233
0.2508136754148401
0.24874128100005694
0.24666888658527375
0.24459649217049062
0.2425240977557074
0.24045170334092425
0.23837930892614106
0.2363069145113579
0.23423452009657472
0.23216212568179154
0.23024598273677502
0.22832983979175842
0.22641369684674176
0.22449755390172516
0.22258141095670858
0.22066526801169195
0.21874912506667535
0.21683298212165875
0.21491683917664212
0.2130006962316255
0.21121988538011366
0.20945260773795235
0.207685330095791
0.2059180524536296
0.2041507748114682
0.20238349716930681
0.20061621952714545
0.19884894188498406
0.1970816642428227
0.1953143866006613
0.1936621792644211
0.1920355431072745
0.190408906950128
0.18878227079298138
0.1871556346358348
0.1855289984786882
0.18390236232154158
0.18227572616439497
0.18064909000724838
0.17902245385010176
0.1774918252148094
0.1759971994002124
0.17450257358561538
0.17300794777101838
0.17151332195642138
0.17001869614182435
0.16852407032722733
0.1670294445126303
0.16553481869803327
0.16404019288343624
0.162627032940687
0.1612604249247079
0.15989381690872884
0.15852720889274974
0.1571606008767707
0.15579399286079165
0.15442738484481255
0.15306077682883346
0.15169416881285439
0.15032756079687531
0.14902052161258003
0.14776312312135456
0.14650572463012912
0.14524832613890365
0.14399092764767824
0.1427335291564528
0.14147613066522732
0.14021873217400188
0.1389613336827764
0.13770393519155094
0.1364959079091377
0.13534712607729915
0.13419834424546057
0.13304956241362198
0.1319007805817834
0.13075199874994486
0.1296032169181063
0.12845443508626772
0.12730565325442916
0.12615687142259058
0.12504272786774717
0.12398920129764532
0.12293567472754346
0.12188214815744162
0.12082862158733977
0.11977509501723793
0.11872156844713612
0.11766804187703428
0.11661451530693243
0.11556098873683059
0.11453208435139012
0.11356883912504666
0.11260559389870321
0.11164234867235975
0.11067910344601631
0.10971585821967286
0.10875261299332942
0.107789367766986
0.10682612254064255
0.1058628773142991
0.10491471756303473
0.10403444244962629
0.10315416733621784
0.1022738922228094
0.10139361710940095
0.10051334199599249
0.09963306688258405
0.0987527917691756
0.09787251665576721
0.09699224154235875
0.09611888550997223
0.09531472028780506
0.09451055506563787
0.09370638984347067
0.0929022246213035
0.09209805939913632
0.09129389417696912
0.09048972895480194
0.08968556373263475
0.08888139851046761
0.08807723328830042
0.08734282714150546
0.0866084209947105
0.08587401484791553
0.08513960870112057
0.0844052025543256
0.08367079640753064
0.08293639026073568
0.08220198411394072
0.08146757796714575
0.08073317182035084
0.08005670158717781
0.079386024945367
0.07871534830355618
0.07804467166174536
0.07737399501993453
0.07670331837812372
0.0760326417363129
0.07536196509450208
0.07469128845269127
0.07402061181088049
0.07339849646694557
0.07278717252253868
0.07217584857813177
0.07156452463372484
0.07095320068931793
0.07034187674491102
0.06973055280050411
0.0691192288560972
0.06850790491169029
0.06789658096728338
0.06732312697592382
0.06676387421695701
0.06620462145799018
0.06564536869902335
0.06508611594005653
0.0645268631810897
0.06396761042212287
0.06340835766315606
0.06284910490418924
0.06228985214522241
0.061761508674497
0.061250827654195275
0.06074014663389352
0.060229465613591784
0.05971878459329004
0.05920810357298828
0.058697422552686535
0.05818674153238479
0.05767606051208304
0.0571653794917813
0.056678865751011435
0.056212491409851476
0.055746117068691536
0.05527974272753158
0.05481336838637164
0.05434699404521168
0.05388061970405172
0.053414245362891764
0.05294787102173181
0.05248149668057185
0.05203418233747332
0.05160973999204851
0.05118529764662369
0.05076085530119888
0.05033641295577407
0.04991197061034926
0.049487528264924446
0.049063085919499635
0.04863864357407485
0.04821420122865004
0.04780246278084047
0.047412956153857586
0.047023449526874705
0.046633942899891825
0.04624443627290894
0.04585492964592605
0.04546542301894317
0.045075916391960284
0.0446864097649774
0.04429690313799452
0.0439165562878015
0.04356063550904813
0.04320471473029477
0.0428487939515414
0.042492873172788034
0.042136952394034664
0.0417810316152813
0.04142511083652793
0.04106919005777457
0.0407132692790212
0.040362915989678644
0.040037616402684564
0.03971231681569049
0.03938701722869642
0.03906171764170234
0.03873641805470826
0.038411118467714195
0.038085818880720115
0.03776051929372604
0.03743521970673197
0.037112523783865425
0.03681586450227425
0.036519205220683054
0.03622254593909187
0.03592588665750069
0.0356292273759095
0.03533256809431832
0.03503590881272713
0.034739249531135954
0.03444259024954477
0.03414593096795358
0.03387377816782849
0.03360162536770341
0.03332947256757831
0.033057319767453214
0.03278516696732812
0.03251301416720302
0.03224086136707792
0.031968708566952816
0.03169655576682773
0.031424402966702625
0.031173312629534485
0.030924328538662033
0.03067534444778959
0.03042636035691714
0.030177376266044692
0.029928392175172246
0.0296794080842998
0.02943042399342735
0.029181439902554906
0.02893245581168246
0.028700729337315073
0.0284728378888377
0.028244946440360345
0.028017054991882978
0.027789163543405604
0.02756127209492823
0.027333380646450856
0.027105489197973485
0.02687759774949611
0.02664970630101874
0.026435821587608235
0.026227189399847813
0.026018557212087387
0.02580992502432696
0.025601292836566543
0.025392660648806117
0.0251840284610457
0.02497539627328527
0.024766764085524848
0.024558131897764422
0.024360634231219383
0.02416949914822598
0.023978364065232582
0.023787228982239186
0.0235960938992458
0.023404958816252406
0.02321382373325901
0.023022688650265608
0.02283155356727221
0.02264041848427881
0.022458018303060278
0.022282897206654127
0.02210777611024798
0.021932655013841833
0.021757533917435685
0.02158241282102953
0.021407291724623384
0.021232170628217237
0.02105704953181109
0.02088192843540494
0.020713434316798965
0.02055289257155319
0.020392350826307422
0.02023180908106165
0.02007126733581588
0.019910725590570107
0.01975018384532435
0.019589642100078578
0.019429100354832807
0.019268558609587035
0.019112840596506135
0.018965564114713757
0.018818287632921378
0.018671011151129003
0.018523734669336628
0.01837645818754425
0.01822918170575187
0.018081905223959492
0.017934628742167117
0.017787352260374742
0.017643395463919895
0.01750829116169848
0.017373186859477058
0.01723808255725564
0.017102978255034224
0.016967873952812806
0.016832769650591387
0.01669766534836997
0.016562561046148564
0.016427456743927146
0.01629436707414788
0.016170343250358293
0.016046319426568707
0.015922295602779125
0.01579827177898954
0.015674247955199956
0.015550224131410374
0.015426200307620788
0.015302176483831205
0.015178152660041619
0.015055045309622012
0.014941102692902173
0.014827160076182332
0.014713217459462491
0.014599274842742652
0.014485332226022812
0.014371389609302971
0.014257446992583134
0.014143504375863291
0.014029561759143461
0.013915619142423622
0.013810964508337914
0.013706309874252203
0.013601655240166493
0.013497000606080781
0.013392345971995075
0.013287691337909364
0.013183036703823654
0.013078382069737944
0.012973727435652234
0.012869072801566524
0.012772101987000899
0.012675899554387278
0.012579697121773661
0.012483494689160043
0.012387292256546422
0.012291089823932805
0.012194887391319185
0.012098684958705568
0.012002482526091948
0.01190628009347833
0.011816367905029058
0.011727853548616302
0.011639339192203542
0.011550824835790785
0.011462310479378025
0.011373796122965265
0.011285281766552507
0.011196767410139748
0.01110825305372699
0.011019738697314234
0.01093639893218264
0.010854999638781487
0.010773600345380331
0.010692201051979176
0.010610801758578023
0.01052940246517687
0.010448003171775714
0.010366603878374559
0.010285204584973406
0.01020380529157225
0.010126525037467641
0.010051598520103913
0.009976672002740194
0.009901745485376466
0.00982681896801274
0.009751892450649013
0.009676965933285285
0.009602039415921559
0.009527112898557831
0.009452186381194105
0.009380491252504375
0.009311488947709643
0.009242486642914906
0.009173484338120175
0.009104482033325442
0.009035479728530707
0.008966477423735976
0.008897475118941242
0.00882847281414651
0.008759470509351774
0.008692926276834876
0.008629331731051378
0.008565737185267878
0.008502142639484386
0.008438548093700886
0.008374953547917388
0.008311359002133888
0.00824776445635039
0.00818416991056689
0.00812057536478339
0.008058798599717336
0.008000202950906803
0.007941607302096271
0.00788301165328574
0.007824416004475207
0.007765820355664675
0.007707224706854144
0.007648629058043612
0.007590033409233081
0.007531437760422548
0.007474086734186189
0.007420054701480956
0.007366022668775723
0.00731199063607049
0.007257958603365257
0.007203926570660029
0.007149894537954796
0.007095862505249563
0.00704183047254433
0.006987798439839097
0.0069345555502924126
0.006884863804959196
0.006835172059625979
0.006785480314292764
0.006735788568959547
0.006686096823626331
0.006636405078293115
0.0065867133329598985
0.006537021587626683
0.006487329842293466
0.006437971771455231
0.006391950445566802
0.006345929119678372
0.006299907793789942
0.006253886467901515
0.006207865142013085
0.006161843816124656
0.006115822490236231
0.0060698011643478015
0.006023779838459372
0.005977758512570943
0.00593526602272782
0.005892773532884697
0.005850281043041573
0.00580778855319845
0.0057652960633553275
0.005722803573512203
0.00568031108366908
0.0056378185938259565
0.005595326103982834
0.0055528336141397105
0.005513288312000573
0.005474037728631833
0.005434787145263094
0.005395536561894353
0.0053562859785256135
0.005317035395156875
0.005277784811788136
0.005238534228419395
0.0051992836450506594
0.00516003306168192
0.0051232218323928195
0.005086952681788083
0.005050683531183347
0.005014414380578611
0.004978145229973875
0.004941876079369138
0.004905606928764402
0.0048693377781596665
0.00483306862755493
0.004796799476950194
0.00476252266130701
0.0047289929712744086
0.004695463281241806
0.004661933591209205
0.0046284039011766035
0.004594874211144002
0.004561344521111401
0.0045278148310787985
0.004494285141046197
0.004460755451013598
0.0044287587943101035
0.004397638156651811
0.0043665175189935195
0.004335396881335227
0.0043042762436769355
0.004273155606018644
0.004242034968360352
0.00421091433070206
0.004179793693043768
0.004148673055385477
0.004118887834812342
0.004090215461810175
0.004061543088808005
0.004032870715805837
0.004004198342803669
0.0039755259698015
0.0039468535967993315
0.003918181223797163
0.003889508850794994
0.003860836477792825
0.0038331335615128343
0.0038065939932994584
0.0037800544250860806
0.0037535148568727025
0.0037269752886593243
0.003700435720445946
0.003673896152232568
0.00364735658401919
0.0036208170158058117
0.0035942774475924335
0.0035684526894445867
0.0035438788489114198
0.003519305008378253
0.0034947311678450864
0.0034701573273119195
0.003445583486778752
0.0034210096462455853
0.0033964358057124184
0.0033718619651792515
0.0033472881246460846
0.0033232086526045904
0.00330044749654089
0.00327768634047719
0.003254925184413491
0.003232164028349791
0.0032094028722860902
0.00318664171622239
0.0031638805601586894
0.0031411194040949887
0.003118358248031288
0.0030959006617819877
0.003074809139697487
0.0030537176176129864
0.0030326260955284862
0.0030115345734439856
0.002990443051359485
0.0029693515292749844
0.0029482600071904837
0.002927168485105983
0.0029060769630214825
0.0028851254375563727
0.0028655738782851696
0.002846022319013967
0.002826470759742764
0.0028069192004715636
0.0027873676412003604
0.0027678160819291572
0.002748264522657955
0.002728712963386752
0.002709161404115549
0.0026896098448443463
0.0026714805591610577
0.002653351273477769
0.002635221987794481
0.002617092702111192
0.0025989634164279036
0.002580834130744615
0.0025627048450613263
0.0025445755593780377
0.0025264462736947495
0.0025083169880114604
0.0024913800705277387
0.0024745623898639727
0.0024577447092002072
0.0024409270285364417
0.002424109347872676
0.002407291667208912
0.0023904739865451465
0.002373656305881381
0.0023568386252176155
0.0023400209445538483
0.0023241942111325684
0.0023085876882096186
0.002292981165286669
0.002277374642363719
0.0022617681194407697
0.0022461615965178195
0.0022305550735948723
0.0022149485506719226
0.0021993420277489732
0.002183735504826023
0.0021689435553900265
0.002154457071011637
0.0021399705866332473
0.0021254841022548578
0.002110997617876468
0.0020965111334980786
0.0020820246491196895
0.0020675381647413
0.0020530516803629103
0.0020385651959845207
0.0020247367199614664
0.002011284248712889
0.001997831777464312
0.0019843793062157347
0.0019709268349671575
0.0019574743637185803
0.001944021892470003
0.0019305694212214258
0.0019171169499728488
0.0019036644787242716
0.0018906492822930588
0.0018779984815429829
0.0018653476807929067
0.0018526968800428307
0.001840046079292755
0.0018273952785426788
0.0018147444777926029
0.001802093677042527
0.001789442876292451
0.001776792075542375
0.0017646222214014735
0.001753029503191582
0.0017414367849816904
0.0017298440667717985
0.0017182513485619073
0.0017066586303520154
0.001695065912142124
0.001683473193932232
0.0016718804757223406
0.0016602877575124509
0.001648991597342057
0.0016382144137407845
0.0016274372301395123
0.0016166600465382396
0.0016058828629369674
0.001595105679335695
0.0015843284957344226
0.0015735513121331503
0.0015627741285318777
0.0015519969449306055
0.0015414256329100674
0.0015314033117714877
0.0015213809906329083
0.0015113586694943284
0.001501336348355749
0.0014913140272171694
0.0014812917060785897
0.0014712693849400103
0.0014612470638014304
0.001451224742662851
0.0014413296221598769
0.0014320069045171272
0.0014226841868743775
0.0014133614692316279
0.0014040387515888786
0.0013947160339461287
0.0013853933163033793
0.0013760705986606294
0.00136674788101788
0.0013574251633751303
0.0013481613281131621
0.001339486316659007
0.0013308113052048522
0.0013221362937506974
0.0013134612822965422
0.0013047862708423872
0.0012961112593882322
0.0012874362479340777
0.0012787612364799225
0.0012700862250257675
0.0012614112135716127
0.001253336048850132
0.001245260884128651
0.0012371857194071714
0.0012291105546856909
0.0012210353899642099
0.0012129602252427289
0.0012048850605212481
0.0011968098957997671
0.0011887347310782861
0.0011806595663568053
0.0011730903968392452
0.0011655718268420768
0.0011580532568449084
0.0011505346868477403
0.0011430161168505721
0.0011354975468534038
0.0011279789768562356
0.0011204604068590675
0.0011129418368618991
0.0011054232668647307
0.0010983264191943736
0.001091323287596641
0.001084320155998908
0.0010773170244011753
0.0010703138928034425
0.0010633107612057096
0.0010563076296079771
0.0010493044980102442
0.0010423013664125115
0.0010352982348147788
0.0010286430468242137
0.0010221183376863362
0.0010155936285484591
0.0010090689194105819
0.0010025442102727048
0.0009960195011348275
0.0009894947919969503
0.000982970082859073
0.0009764453737211957
0.0009699206645833186
0.0009636781858317503
0.0009575969815866442
0.0009515157773415381
0.0009454345730964321
0.000939353368851326
0.000933272164606221
0.0009271909603611148
0.0009211097561160087
0.0009150285518709026
0.0009089473476257965
0.0009030909002506888
0.0008974217502672464
0.0008917526002838038
0.0008860834503003613
0.0008804143003169188
0.0008747451503334765
0.0008690760003500339
0.0008634068503665914
0.000857737700383149
0.0008520685503997065
0.0008465731226710469
0.0008412861616481268
0.0008359992006252066
0.0008307122396022864
0.0008254252785793662
0.0008201383175564462
0.0008148513565335259
0.0008095643955106059
0.0008042774344876857
0.0007989904734647655
0.0007938326709943045
0.0007889008959906464
0.0007839691209869885
0.0007790373459833305
0.0007741055709796725
0.0007691737959760145
0.0007642420209723565
0.0007593102459686987
0.0007543784709650406
0.0007494466959613827
0.0007446048220104748
0.0007400026842002344
0.0007354005463899938
0.0007307984085797531
0.0007261962707695124
0.0007215941329592718
0.0007169919951490313
0.0007123898573387906
0.0007077877195285501
0.0007031855817183103
0.0006986391509629362
0.0006943434019544618
0.0006900476529459873
0.0006857519039375128
0.0006814561549290384
0.000677160405920564
0.0006728646569120895
0.000668568907903615
0.0006642731588951406
0.0006599774098866661
0.0006557075611979915
0.0006516967157073148
0.0006476858702166382
0.0006436750247259615
0.000639664179235285
0.0006356533337446083
0.0006316424882539316
0.000627631642763255
0.0006236207972725783
0.0006196099517819017
0.000615599106291225
