0.1526981964502914
0.1524349982212322
0.15217179999217295
0.15190860176311374
0.15164540353405453
0.1513822053049953
0.15111900707593606
0.15085580884687685
0.15059261061781765
0.15032941238875844
0.1500662141596992
0.15123016711656576
0.15253683519202485
0.15384350326748394
0.15515017134294307
0.15645683941840216
0.15776350749386125
0.15907017556932038
0.16037684364477947
0.1616835117202386
0.1629901797956977
0.16554635176405344
0.16838019126416398
0.17121403076427455
0.17404787026438506
0.17688170976449563
0.17971554926460614
0.1825493887647167
0.18538322826482723
0.1882170677649378
0.19105090726504834
0.19441559148672524
0.19797934247898955
0.20154309347125388
0.20510684446351815
0.20867059545578245
0.21223434644804676
0.21579809744031103
0.21936184843257533
0.22292559942483967
0.22648935041710394
0.2300298596975713
0.23355708799986902
0.23708431630216664
0.24061154460446432
0.24413877290676197
0.24766600120905966
0.2511932295113573
0.254720457813655
0.25824768611595267
0.26177491441825035
0.2650196615532441
0.26802900771548466
0.27103835387772524
0.27404770003996587
0.2770570462022064
0.28006639236444697
0.28307573852668755
0.2860850846889282
0.2890944308511687
0.29210377701340934
0.29477859444919885
0.297051977413247
0.2993253603772952
0.30159874334134346
0.3038721263053916
0.30614550926943984
0.30841889223348806
0.3106922751975363
0.31296565816158445
0.3152390411256326
0.3172293368081878
0.31872422974813014
0.32021912268807257
0.32171401562801494
0.32320890856795736
0.3247038015078997
0.3261986944478421
0.3276935873877845
0.32918848032772685
0.3306833732676692
0.3319810371242309
0.33275275675844396
0.33352447639265703
0.3342961960268701
0.3350679156610832
0.33583963529529626
0.33661135492950933
0.3373830745637224
0.3381547941979355
0.33892651383214856
0.3395849398888623
0.33973354484682927
0.33988214980479625
0.34003075476276323
0.34017935972073016
0.3403279646786971
0.34047656963666406
0.34062517459463104
0.340773779552598
0.34092238451056495
0.34102465800821125
0.3406636169026504
0.3403025757970895
0.33994153469152866
0.3395804935859678
0.33921945248040697
0.3388584113748462
0.3384973702692853
0.3381363291637245
0.3377752880581636
0.33741424695260275
0.33665359212603013
0.3358929372994576
0.3351322824728849
0.33437162764631234
0.3336109728197397
0.3328503179931671
0.3320896631665945
0.3313290083400219
0.3305683535134493
0.3298076986868767
0.32876475223564333
0.3276935766219439
0.3266224010082446
0.32555122539454506
0.3244800497808457
0.3234088741671463
0.32233769855344696
0.3212665229397475
0.3201953473260481
0.3191241717123487
0.31787979277152306
0.3165969242024471
0.3153140556333713
0.31403118706429534
0.31274831849521945
0.31146544992614356
0.3101825813570676
0.3088997127879917
0.30761684421891583
0.30633397564983994
0.3049486333283064
0.3035248633496014
0.30210109337089625
0.30067732339219116
0.29925355341348603
0.29782978343478095
0.29640601345607587
0.2949822434773708
0.2935584734986657
0.29213470351996057
0.29065418164617
0.2891412301180449
0.2876282785899198
0.2861153270617947
0.2846023755336695
0.28308942400554443
0.2815764724774193
0.2800635209492942
0.27855056942116907
0.277037617893044
0.27549938285160874
0.2739400782157484
0.272380773579888
0.2708214689440277
0.26926216430816735
0.267702859672307
0.26614355503644666
0.2645842504005863
0.26302494576472596
0.2614656411288656
0.2599033183495135
0.2583373737979713
0.25677142924642893
0.2552054846948867
0.25363954014334444
0.2520735955918022
0.2505076510402599
0.24894170648871766
0.24737576193717536
0.2458098173856331
0.24425038766760163
0.24270235890821393
0.24115433014882626
0.23960630138943861
0.23805827263005092
0.23651024387066327
0.2349622151112756
0.23341418635188793
0.23186615759250023
0.23031812883311262
0.22878043631090797
0.22727030708785806
0.22576017786480812
0.22425004864175824
0.22273991941870827
0.2212297901956584
0.21971966097260848
0.21820953174955854
0.2166994025265086
0.21518927330345877
0.2136886649583655
0.21223090056407715
0.21077313616978882
0.2093153717755005
0.20785760738121212
0.20639984298692382
0.20494207859263547
0.20348431419834712
0.2020265498040588
0.20056878540977044
0.19911669152020875
0.1977213026779126
0.19632591383561643
0.1949305249933203
0.19353513615102416
0.19213974730872801
0.19074435846643184
0.18934896962413572
0.18795358078183957
0.18655819193954343
0.18516280309724728
0.18383629148897096
0.18250977988069456
0.18118326827241815
0.17985675666414178
0.1785302450558654
0.177203733447589
0.17587722183931262
0.17455071023103624
0.17322419862275984
0.17189768701448346
0.1706414282244107
0.16939219471615835
0.16814296120790598
0.16689372769965355
0.16564449419140118
0.16439526068314878
0.16314602717489637
0.161896793666644
0.16064756015839157
0.1593983266501392
0.15820565452874688
0.15702555160443457
0.15584544868012234
0.15466534575581004
0.15348524283149773
0.15230513990718542
0.1511250369828731
0.14994493405856082
0.14876483113424854
0.1475847282099362
0.14646036488894565
0.14535690391920075
0.14425344294945586
0.14314998197971096
0.14204652100996606
0.14094306004022114
0.13983959907047624
0.13873613810073132
0.13763267713098642
0.1365292161612415
0.13547057507721658
0.13443754535646016
0.13340451563570377
0.13237148591494738
0.131338456194191
0.13030542647343463
0.1292723967526782
0.12823936703192182
0.12720633731116543
0.126173307590409
0.1251789726536483
0.1242168833702173
0.12325479408678633
0.12229270480335533
0.12133061551992438
0.1203685262364934
0.11940643695306241
0.11844434766963141
0.11748225838620042
0.11652016910276944
0.115589081957423
0.11469519737777802
0.11380131279813302
0.11290742821848804
0.11201354363884305
0.11111965905919811
0.11022577447955312
0.10933188989990814
0.10843800532026315
0.10754412074061817
0.10667388424452648
0.10584503189465307
0.10501617954477967
0.10418732719490625
0.10335847484503283
0.10252962249515943
0.10170077014528606
0.10087191779541264
0.10004306544553923
0.09921421309566582
0.09840216530261288
0.09763492966108121
0.09686769401954953
0.09610045837801787
0.0953332227364862
0.09456598709495453
0.09379875145342285
0.09303151581189123
0.09226428017035955
0.09149704452882788
0.0907403654783369
0.09003119108752902
0.08932201669672114
0.08861284230591328
0.0879036679151054
0.08719449352429752
0.08648531913348964
0.08577614474268176
0.08506697035187391
0.08435779596106605
0.08365366573985607
0.08299997721462515
0.08234628868939423
0.0816926001641633
0.08103891163893237
0.08038522311370144
0.07973153458847053
0.0790778460632396
0.07842415753800869
0.07777046901277779
0.07711678048754686
0.0765128741983447
0.07590896790914255
0.07530506161994038
0.07470115533073822
0.07409724904153607
0.0734933427523339
0.07288943646313174
0.07228553017392958
0.07168162388472743
0.0710777175955253
0.07051691243411874
0.06996041738549175
0.06940392233686477
0.06884742728823777
0.06829093223961077
0.06773443719098378
0.06717794214235678
0.0666214470937298
0.0660649520451028
0.06550845699647584
0.06498814247206276
0.06447586806414168
0.06396359365622059
0.0634513192482995
0.06293904484037842
0.062426770432457326
0.061914496024536234
0.061402221616615155
0.06088994720869406
0.060377672800772976
0.05989492194966052
0.05942324243235128
0.058951562915042034
0.05847988339773278
0.05800820388042355
0.057536524363114294
0.057064844845805054
0.05659316532849581
0.05612148581118656
0.05564980629387731
0.05520215730887507
0.05476824005661971
0.05433432280436433
0.05390040555210895
0.053466488299853565
0.05303257104759818
0.0525986537953428
0.05216473654308742
0.05173081929083204
0.051296902038576654
0.050882861303701815
0.050485384333310755
0.0500879073629197
0.04969043039252864
0.049292953422137575
0.04889547645174651
0.04849799948135544
0.04810052251096438
0.047703045540573315
0.04730556857018225
0.04692186402706012
0.04655468639666072
0.04618750876626133
0.04582033113586192
0.04545315350546253
0.04508597587506312
0.044718798244663724
0.04435162061426432
0.04398444298386495
0.04361726535346556
0.04326088026625575
0.04292338212962774
0.04258588399299973
0.04224838585637172
0.0419108877197437
0.0415733895831157
0.04123589144648768
0.04089839330985967
0.04056089517323166
0.04022339703660365
0.039893349328603035
0.0395831694302755
0.03927298953194795
0.0389628096336204
0.038652629735292855
0.03834244983696531
0.038032269938637765
0.03772209004031021
0.03741191014198267
0.03710173024365512
0.036796242517244525
0.03651186956446003
0.03622749661167554
0.03594312365889105
0.035658750706106565
0.03537437775332207
0.03509000480053758
0.034805631847753093
0.0345212588949686
0.03423688594218411
0.03395453802890175
0.03369244051064062
0.033430342992379486
0.03316824547411836
0.03290614795585724
0.032644050437596106
0.03238195291933498
0.03211985540107386
0.031857757882812726
0.03159566036455161
0.03133356284629048
0.03109266911317503
0.030851775380059607
0.030610881646944157
0.030369987913828715
0.030129094180713266
0.02988820044759782
0.029647306714482374
0.029406412981366925
0.02916551924825148
0.028924625515136033
0.028701444992315247
0.02848003579052392
0.0282586265887326
0.02803721738694128
0.027815808185149955
0.027594398983358633
0.02737298978156731
0.027151580579775986
0.026930171377984667
0.026708762176193345
0.02650196137110147
0.026298406876387258
0.026094852381673053
0.02589129788695884
0.025687743392244618
0.025484188897530402
0.025280634402816186
0.025077079908101967
0.024873525413387748
0.02466997091867353
0.02447835738897145
0.02429122172114893
0.024104086053326403
0.023916950385503875
0.023729814717681354
0.023542679049858822
0.023355543382036298
0.023168407714213773
0.02298127204639125
0.022794136378568725
0.02261655357156835
0.022444429542180632
0.022272305512792915
0.0221001814834052
0.021928057454017498
0.02175593342462978
0.021583809395242067
0.021411685365854354
0.021239561336466636
0.02106743730707892
0.020902851909484804
0.020744548705052022
0.020586245500619244
0.020427942296186462
0.020269639091753684
0.020111335887320905
0.019953032682888124
0.019794729478455342
0.019636426274022564
0.019478123069589782
0.01932557218249428
0.019179924076203513
0.019034275969912744
0.018888627863621978
0.018742979757331208
0.018597331651040442
0.018451683544749686
0.01830603543845892
0.01816038733216815
0.018014739225877385
0.01787330073520654
0.017739229071870564
0.017605157408534588
0.017471085745198615
0.01733701408186264
0.017202942418526664
0.01706887075519069
0.016934799091854715
0.01680072742851874
0.016666655765182767
0.016535495611609417
0.016412099484069728
0.016288703356530043
0.016165307228990355
0.01604191110145067
0.01591851497391098
0.015795118846371296
0.01567172271883161
0.015548326591291935
0.015424930463752248
0.015303309993283339
0.015189679979632918
0.0150760499659825
0.014962419952332079
0.01484878993868166
0.014735159925031242
0.014621529911380823
0.014507899897730402
0.014394269884079984
0.014280639870429565
0.014167824216725773
0.014063152162488282
0.013958480108250789
0.013853808054013296
0.013749135999775801
0.013644463945538308
0.013539791891300815
0.013435119837063322
0.013330447782825829
0.013225775728588345
0.013121103674350851
0.01302465534223942
0.012928207010127988
0.012831758678016555
0.012735310345905124
0.012638862013793693
0.012542413681682258
0.012445965349570827
0.012349517017459394
0.012253068685347963
0.012156620353236532
0.012067033905228048
0.011978133645629859
0.011889233386031673
0.011800333126433485
0.011711432866835295
0.01162253260723711
0.01153363234763892
0.011444732088040732
0.011355831828442544
0.011266931568844356
0.011183673542014492
0.011101669344688692
0.01101966514736289
0.010937660950037089
0.010855656752711289
0.01077365255538549
0.010691648358059688
0.010609644160733886
0.010527639963408084
0.010445635766082286
0.010368285888742348
0.010292681381397108
0.01021707687405187
0.010141472366706629
0.01006586785936139
0.009990263352016152
0.009914658844670913
0.009839054337325674
0.009763449829980436
0.009687845322635195
0.009615961159513065
0.00954620290737557
0.009476444655238083
0.009406686403100589
0.009336928150963094
0.0092671698988256
0.009197411646688105
0.00912765339455061
0.009057895142413116
0.008988136890275621
0.008921307289257052
0.008856918230837585
0.008792529172418118
0.008728140113998653
0.008663751055579188
0.008599361997159721
0.008534972938740256
0.008470583880320789
0.008406194821901324
0.008341805763481857
0.008279645829130901
0.008220160843662162
0.00816067585819342
0.008101190872724685
0.008041705887255944
0.007982220901787202
0.007922735916318462
0.00786325093084972
0.00780376594538098
0.007744280959912238
0.007686460272764582
0.007631552107678821
0.007576643942593062
0.007521735777507303
0.007466827612421543
0.007411919447335784
0.007357011282250024
0.007302103117164265
0.007247194952078505
0.007192286786992745
0.007138558321556425
0.007087975721851944
0.007037393122147464
0.006986810522442983
0.0069362279227385025
0.006885645323034026
0.006835062723329546
0.006784480123625064
0.006733897523920584
0.006683314924216103
0.006633399720113495
0.0065864877962193095
0.006539575872325124
0.00649266394843094
0.006445752024536754
0.006398840100642569
0.006351928176748385
0.0063050162528541995
0.006258104328960014
0.00621119240506583
0.006164602079512705
0.006121227737370202
0.006077853395227699
0.006034479053085194
0.005991104710942691
0.005947730368800187
0.0059043560266576825
0.005860981684515184
0.0058176073423726795
0.005774233000230175
0.005730858658087671
0.005690739394857774
0.005650620131627878
0.00561050086839798
0.005570381605168084
0.005530262341938187
0.005490143078708291
0.005450023815478394
0.005409904552248497
0.0053697852890186
0.005329666025788704
0.005292272302021075
0.005255151132199673
0.005218029962378271
0.005180908792556869
0.005143787622735466
0.005106666452914065
0.005069545283092662
0.00503242411327126
0.004995302943449862
0.00495818177362846
0.0049233219882794214
0.004888964732813132
0.004854607477346841
0.004820250221880552
0.004785892966414262
0.004751535710947972
0.004717178455481682
0.004682821200015392
0.004648463944549102
0.004614106689082812
0.0045816006676431655
0.004549788858963509
0.004517977050283854
0.004486165241604198
0.004454353432924542
0.004422541624244886
0.00439072981556523
0.004358918006885574
0.0043271061982059185
0.004295294389526265
0.004264912688112492
0.004235348190850653
0.004205783693588813
0.004176219196326974
0.0041466546990651335
0.004117090201803294
0.0040875257045414545
0.004057961207279614
0.004028396710017775
0.003998832212755935
0.003970511413115294
0.003943227028158986
0.003915942643202677
0.0038886582582463693
0.0038613738732900613
0.0038340894883337525
0.0038068051033774437
0.0037795207184211357
0.003752236333464827
0.0037249519485085185
0.003698574208551333
0.0036732844425930947
0.003647994676634855
0.003622704910676615
0.003597415144718375
0.003572125378760135
0.003546835612801895
0.003521545846843655
0.0034962560808854152
0.0034709663149271753
0.0034463463750210393
0.0034228986307060856
0.0033994508863911315
0.003376003142076178
0.0033525553977612242
0.0033291076534462706
0.0033056599091313165
0.003282212164816363
0.0032587644205014092
0.003235316676186455
0.0032123330813977205
0.0031905872186789048
0.0031688413559600886
0.003147095493241274
0.0031253496305224584
0.003103603767803642
0.003081857905084826
0.0030601120423660103
0.0030383661796471936
0.0030166203169283774
0.0029951599859552144
0.0029749845478374897
0.0029548091097197655
0.0029346336716020403
0.002914458233484316
0.002894282795366592
0.002874107357248867
0.0028539319191311424
0.0028337564810134177
0.002813581042895693
0.002793537510886436
0.002774813039961854
0.0027560885690372716
0.00273736409811269
0.0027186396271881093
0.002699915156263527
0.002681190685338945
0.0026624662144143626
0.002643741743489781
0.0026250172725651986
0.0026062928016406164
0.0025889106503587524
0.0025715284990768888
0.0025541463477950247
0.0025367641965131607
0.0025193820452312967
0.002501999893949433
0.002484617742667569
0.002467235591385705
0.0024498534401038415
0.0024324712888219775
0.00241621632301036
0.0024000740757457663
0.002383931828481173
0.0023677895812165796
0.0023516473339519864
0.002335505086687395
0.0023193628394228014
0.0023032205921582082
0.0022870783448936147
0.00227093609762902
0.0022557320664760546
0.0022407365277923395
0.0022257409891086244
0.0022107454504249092
0.0021957499117411946
0.0021807543730574795
0.002165758834373767
0.002150763295690052
0.0021357677570063367
0.0021207722183226216
0.0021065490797040967
0.0020926155911100185
0.0020786821025159403
0.0020647486139218616
0.002050815125327783
0.0020368816367337048
0.0020229481481396265
0.002009014659545548
0.0019950811709514697
0.0019811476823573915
0.001967838993478133
0.0019548873330073437
0.001941935672536554
0.001928984012065764
0.0019160323515949747
0.001903080691124185
0.0018901290306533956
0.001877177370182606
0.0018642257097118166
0.001851274049241027
0.0018387413776918503
0.0018265578635773513
0.001814374349462852
0.001802190835348353
0.001790007321233854
0.0017778238071193546
0.0017656402930048554
0.001753456778890356
0.001741273264775857
0.001729089750661358
0.0017173610536056166
0.0017061781370203847
0.0016949952204351527
0.0016838123038499207
0.0016726293872646892
0.001661446470679457
0.0016502635540942253
0.0016390806375089933
0.0016278977209237613
0.0016167148043385315
0.0016058146712024457
0.0015954094091023667
0.0015850041470022878
0.0015745988849022088
0.0015641936228021297
0.0015537883607020507
0.0015433830986019716
0.0015329778365018925
0.0015225725744018135
0.0015121673123017344
0.0015019585963487517
0.001492274003454693
0.0014825894105606344
0.0014729048176665756
0.0014632202247725169
0.0014535356318784581
0.0014438510389843994
0.0014341664460903406
0.001424481853196282
0.0014147972603022233
0.0014052342532647544
0.0013962183825819397
0.0013872025118991254
0.0013781866412163107
0.0013691707705334962
0.0013601548998506817
0.0013511390291678672
0.0013421231584850527
0.0013331072878022382
0.0013240914171194235
0.0013151318923468125
0.0013067358266762343
0.0012983397610056562
0.001289943695335078
0.0012815476296644996
0.0012731515639939214
0.001264755498323343
0.0012563594326527648
0.0012479633669821868
0.0012395673013116085
0.0012311712356410302
0.0012233498093973786
0.001215528383153727
0.0012077069569100768
0.0011998855306664254
0.0011920641044227737
0.001184242678179122
0.0011764212519354705
0.001168599825691819
0.0011607783994481674
0.0011529569732045158
0.001145620814252139
0.0011383331820288896
0.0011310455498056403
0.001123757917582391
0.0011164702853591417
0.0011091826531358924
0.001101895020912643
0.0010946073886893937
0.0010873197564661443
0.001080032124242895
0.0010731493270382077
0.0010663564931709785
0.0010595636593037493
0.00105277082543652
0.001045977991569291
0.0010391851577020619
0.001032392323834833
0.0010255994899676037
0.0010188066561003745
0.0010120138222331453
0.0010055553535253498
0.0009992222717523412
0.000992889189979333
0.0009865561082063247
0.0009802230264333164
0.0009738899446603081
0.0009675568628872998
0.0009612237811142914
0.0009548906993412831
0.0009485576175682748
0.000942495986856443
0.0009365894710367121
0.0009306829552169811
0.0009247764393972501
0.0009188699235775192
0.0009129634077577892
0.0009070568919380582
0.0009011503761183272
0.0008952438602985962
0.0008893373444788652
0.0008836472129517807
0.000878137401668568
0.0008726275903853552
0.0008671177791021428
0.0008616079678189302
0.0008560981565357176
0.000850588345252505
0.0008450785339692923
0.0008395687226860797
0.0008340589114028671
0.000828716500398839
0.0008235749697298326
0.0008184334390608261
0.0008132919083918197
0.0008081503777228134
0.0008030088470538069
0.0007978673163848004
0.0007927257857157938
0.0007875842550467875
0.000782442724377781
0.0007774257477656868
0.0007726267407531887
0.0007678277337406908
0.0007630287267281928
0.0007582297197156947
0.0007534307127031967
0.0007486317056906987
0.0007438326986782006
0.0007390336916657026
0.0007342346846532046
0.0007295224558972269
0.0007250416358253034
0.0007205608157533799
0.0007160799956814563
0.0007115991756095327
0.0007071183555376092
0.0007026375354656856
0.000698156715393762
0.0006936758953218385
0.0006891950752499158
0.0006847680671102198
0.0006805832126655483
0.0006763983582208766
0.0006722135037762051
0.0006680286493315336
0.000663843794886862
0.0006596589404421904
0.0006554740859975189
0.0006512892315528472
0.0006471043771081756
0.000642944561007498
0.0006390351283467597
0.0006351256956860215
0.0006312162630252832
0.0006273068303645449
0.0006233973977038067
0.0006194879650430684
0.00061557853238233
0.0006116690997215917
0.0006077596670608534
0.0006038502344001152
