0.27932173093122087
0.32344952264691285
0.36972516533160305
0.41792786388646685
0.4677559371652499
0.5189899772635266
0.5713600156383278
0.6246331647111762
0.6786075669665008
0.7330330960576619
0.7877416305857003
0.8425167625644346
0.8971880513260125
0.9516041520529582
1.00558888972607
1.0590265461052357
1.1117807273488838
1.1637411448488155
1.2148028165785614
1.2648765221341456
1.3138829180801077
1.3617556529999606
1.4084375696529616
1.4538611726339177
1.4980049921772869
1.5408211474135147
1.5822903732724158
1.6223823805275035
1.6610875979243078
1.6983950355881627
1.734303757262356
1.7688065898889545
1.8019092616952768
1.8336239726572403
1.8639560975224632
1.8929171090276964
1.9205286940824757
1.9468029486184628
1.9717597399399156
1.9954244547711246
2.0178159598169203
2.038959200966848
2.0588852779195093
2.077605222687286
2.095158855143009
2.1115635922974665
2.126855942961445
2.1410638965217768
2.1541981973142064
2.1663053850949763
2.177400630940419
2.187527405273398
2.1966995497519406
2.204944697615729
2.212296478885629
2.218777473881927
2.2244236209235746
2.2292462554276886
2.2332805414346586
2.2365487584855526
2.2390802563540397
2.2408969788855613
2.2420175678023258
2.2424791845103473
2.2422877507104912
2.2414871094538684
2.240072044332911
2.238085604512145
2.2355482358867405
2.232469544465117
2.2288846144799566
2.2247876163148335
2.220221945387098
2.215203244150518
2.2097412677042065
2.2038594980026884
2.197566660282077
2.190890741748008
2.1838413117322117
2.1764421072377576
2.1686932509066947
2.1606243597676777
2.152241825274638
2.143563344135897
2.134607446383967
2.12536937225045
2.1158830570325264
2.1061481279575576
2.096182576244787
2.0859996516460657
2.0755967899685905
2.065004411353151
2.054220025369944
2.0432582779448323
2.0321311203140366
2.0208417907837495
2.0094074475817827
1.9978336454879915
1.9861263023343736
1.9742964104651186
1.9623545141738008
1.9503029464357389
1.938154793662504
1.9259141593447078
1.9135876536111813
1.9009603234499808
1.8880326789804083
1.8754959697390747
1.8629019294995426
1.8502537773573087
1.8375632357467675
1.8248252529789577
1.8120546733932996
1.7992515452800357
1.7864244453555729
1.7735693389324498
1.760377817636182
1.747501319678086
1.7346173520705466
1.7217291794622733
1.7088426350704455
1.6959583431759266
1.6830836888009133
1.670217903260237
1.6573673622569165
1.6445348955028105
1.6317236104695332
1.6189347321076182
1.6061730872655797
1.5934408515455356
1.580740193302434
1.5680742685043159
1.5554452740345721
1.5428553477576532
1.5303054885884553
1.5177994109407626
1.5053393959547154
1.4929258128328127
1.4805623043393206
1.4682483624887124
1.4559875502923578
1.443780380891293
1.4316289991804045
1.4195353850989267
1.4074980941589859
1.3955213974739693
1.3836055240061431
1.371751464524921
1.3599599364401613
1.3482328293458414
1.3365671054840154
1.324926277881106
1.3133038737370242
1.301843468763226
1.2904506414700259
1.2791257306085628
1.267870792458036
1.2566865543229866
1.2455732084815334
1.2345313892115564
1.223560845488151
1.2126626993641056
1.2018362714726682
1.1910836556915565
1.18040530905233
1.169799946920255
1.159268355708444
1.1488108987260217
1.1384276468994001
1.1281189498874813
1.1178850272562488
1.1077259346466077
1.097641301275742
1.0876314526386983
1.077697043060588
1.0678376196405108
1.0580527430186777
1.0483427644359762
1.038708003515687
1.0291479258933351
1.0196624975263195
1.0102519023092893
1.000915635634628
0.9916529913414418
0.982465112322042
0.9733513449958959
0.9643109733073973
0.9553446660554314
0.9464512966420096
0.9376312489781935
0.9288838242998511
0.9202093981569968
0.9116065418096418
0.9030768973302693
0.8946184343952832
0.8862314423237039
0.8779156291940172
0.8696703773355846
0.861496317600539
0.8533920139336715
0.8453573456964403
0.8373930166542947
0.8294971576364011
0.8216696768056615
0.8139112744534156
0.8062208189234612
0.7985977247108768
0.7910421175793297
0.7835533563416347
0.7761309111685496
0.768774647462647
0.7614836093045311
0.7542589085223843
0.7470978033783896
0.7400018235560755
0.7329696615178993
0.7260012668426236
0.7190955585963439
0.712252972527845
0.7054727316365701
0.6987539734134451
0.6920966143202705
0.6855010693762926
0.678965169517002
0.672490112063705
0.6660742459464662
0.6597178927759528
0.6534202573883408
0.6471809220904905
0.6409999102541059
0.6348763220564514
0.628809117931449
0.6228034652222709
0.6168497956768975
0.6110139374324689
0.6053039038578422
0.5995133395792462
0.5937770938958141
0.5880952801430055
0.5824667533651555
0.5768912869117485
0.571368522426528
0.5658985040749068
0.5604799701569996
0.555113035477446
0.5497967512044496
0.5445310899596517
0.5393162048892315
0.5341500471448752
0.5290342295213329
0.5239664815076421
0.5189476503300472
0.5139768836646321
0.5090555833717447
0.5042105905323957
0.4993804308549834
0.49466273891576795
0.4899249560444461
0.48523238172430516
0.4805849264194516
0.4759823278357671
0.47142456026646107
0.4669104335766888
0.4624401562717838
0.45801226134863005
0.45362814166142057
0.4492862835439329
0.4449861579943699
0.4407281392063427
0.43651040071822467
0.43233475327168913
0.4281992641527065
0.42410363192988476
0.42004823753203036
0.41603173845224556
0.41205473586225705
0.4081162201543294
0.40421603358770775
0.40035416026526616
0.39652966478109997
0.39274221892610456
0.3889919771455257
0.3852783893845955
0.3816008786391868
0.3779596640084004
0.3743531213972575
0.37078257706667084
0.3672468444244881
0.36374527620208497
0.3602786111911276
0.35684481429551285
0.3534454076141704
0.35007927253611637
0.34674558278858225
0.34344511948147494
0.34017608715417175
0.3369398599011967
0.3337351705143372
0.3305617039530837
0.3274194251320932
0.3243075983307865
0.3212266417053078
0.31817598255579926
0.31515521108164235
0.3121635474523355
0.3092017119600749
0.30626871396190736
0.30336474300852884
0.3004890808905444
0.29764090434540025
0.2948217750896095
0.29202970731025923
0.2892652886416802
0.28652793466852855
0.2838169244668185
0.28113316821085604
0.27847532581493656
0.27584480666492533
0.2732527081767723
0.2706722767315914
0.2681458507226044
0.26561565762821426
0.26311008410535675
0.26062909580075955
0.2581727831561847
0.25573988231659484
0.2533315916178994
0.2509464743666602
0.24858485910501393
0.24624656469300094
0.24393034235334382
0.2416378471524947
0.23936734651583
0.2371191423516143
0.2348930907045783
0.23268826169175433
0.23050555555090058
0.22834407048306182
0.22620381092790812
0.22408452639712512
0.22198575040961233
0.21990760165210693
0.21784999733262164
0.2158123587170473
0.21379445139406325
0.2117964737904914
0.20981784384982427
0.20785907839793452
0.20591906908374363
0.2039977522566348
0.20209558990994575
0.20021169424045598
0.19834673932974464
0.19649957605418758
0.19467020562874535
0.19285911699859917
0.19106542715989644
0.18928950056678034
0.1875306248468478
0.18578884648105862
0.18406414028210966
0.1823562736205623
0.18066491412977811
0.17899009512931646
0.17733159547452298
0.17568900826881106
0.17406281878217225
0.172452078640649
0.17085726684548302
0.16927792010895765
0.1677135188688397
0.16616491120020666
0.16463089317344995
0.16311204640657825
0.16160781065955207
0.1601178898756669
0.15864282715355443
0.15718184068293073
0.1557351800761272
0.15430245832327397
0.15288346790382665
0.15147829218128117
0.15008689376379758
0.14870876245529838
0.14734398177893054
0.14599238192937192
0.14465365992458173
0.14332831759838865
0.14201545500497093
0.14071531869299692
0.13942773208834125
0.13815342604971426
0.13690528611190628
0.13565420481763688
0.13444549091890948
0.13321799425024866
0.13200208454622572
0.13079791612828873
0.12960551544613663
0.12842437841691215
0.1272546729207587
0.12609626979437893
0.12494898114182974
0.12381267264237453
0.12268714414224804
0.12157261518388568
0.12046873778268788
0.11937527630734635
0.11829268248079977
0.11722018334297393
0.11615785850476462
0.11510594582098302
0.11406395441128722
0.11303211971846884
0.11200986493665568
0.11099757975663595
0.10999501614981166
0.10900183789107606
0.10801849507093784
0.10704431732195115
0.10607934468343053
0.10512373776221287
0.10417694092736332
0.10323937733467321
0.10231073418099537
0.10139096689145564
0.100479899172017
0.09957751383053665
0.0986837963999395
0.09779853233754521
0.09692154523810038
0.09605301408199628
0.0951928089685582
0.09434074171814272
0.09350343871946806
0.09266726846076385
0.09185321795417453
0.09103241834514635
0.09021962156837543
0.08941439793355954
0.0886165753996271
0.08782661587592087
0.0870439619949612
0.08626866254566823
0.08550078884920184
0.08474012889179541
0.08398667323663733
0.08324021244966574
0.08250099791010562
0.08176815806305125
0.08104255118737053
0.08032403139159483
0.07961213999862152
0.07890691374952283
0.07820842296314107
0.07751645953829163
0.07683095467479523
0.07615181940726082
0.0754791506256785
0.07481278055097028
0.07415247018853767
0.07349855312861486
0.07285074466025533
0.07220883992999608
0.0715731474538908
0.0709433598744571
0.07031938719025746
0.0697012501972671
0.06908888799354594
0.06848161880839568
0.06788052637405566
0.06728523942687217
0.06669548650830637
0.06611103886133557
0.06553222606259142
0.06495873634178616
0.06439048147608613
0.06382757385823423
0.06326988629620607
0.06271737007377412
0.06216990888041069
0.061627659891151765
0.061090477105105345
0.06055813829276854
0.060030821227850556
0.05950840006232616
0.05899069027473823
0.05847782938311023
0.057969735515030055
0.05746627472796932
0.056967475611629695
0.05647334160052182
0.055983763672398046
0.055497698503537425
0.05501705327210955
0.05454090069240103
0.0540689982493884
0.05360148419723462
0.05313832615187076
0.05267938413153983
0.05222468215337385
0.05177421537297988
0.051327868875181024
0.05088552166040097
0.05044727972317534
0.05001307318731922
0.04958275866862667
0.04915643182602487
0.048734059567866486
0.048315480511280415
0.047900710507011376
0.047489808059614946
0.04708261320881754
0.04667906518844232
0.0462792471882371
0.0458830772416576
0.04549045746310894
0.045101516788795995
0.044716144020615314
0.0443341934842476
0.043954626788075706
0.04357967377818184
0.043208086613458256
0.04283983310526355
0.04247493949478357
0.042113359554180246
0.041755035965271706
0.04139999366626104
0.041048207727867755
0.040699499636842475
0.04035395615106431
0.04001158851539322
0.03967227163278076
0.039336001291329976
0.039002793417114975
0.03867263408216004
0.03834541386417238
0.0380211617538803
0.03769987833819414
0.037381401305047315
0.03706577859089899
0.0367530468234702
0.036443082271018654
0.036135889305585436
0.03583150891930901
0.03552984047399804
0.03523085119033507
0.0349345622641347
0.03464093295857827
0.03434990668091804
0.03406143993647889
0.033774454167634194
0.03349120124164424
0.03321046520119804
0.03293231731244496
0.03265658659433236
0.03238330881833577
0.03211248398385651
0.03184408937182337
0.03157805144278815
0.031314339015904136
0.031053028684901056
0.030794010933132224
0.030537306821895996
0.0302829376097185
0.03003077334745813
0.029780820783675464
0.029533119326222462
0.029287617484707446
0.0290442720182428
0.02880307306414431
0.028564031102810732
0.02832711832581261
0.028092273075458904
0.02785955220983332
0.02762884934403757
0.027400148540671687
0.027173500644954274
0.026948850590216178
0.026726155369678865
0.026505406724752642
0.026286645757145843
0.026069790676116887
0.02585482052913455
0.025640584541368076
0.02542940781265291
0.02522007021565356
0.025012603528194878
0.024806954473939512
0.02460310454771881
0.024401035205960174
0.024200770114014516
0.02400222690291176
0.023805397385451548
0.023610346842707353
0.023416955627936657
0.02322523368946561
0.02303520700084657
0.022846824389591968
0.022660095567349117
0.022474997264762972
0.022291519295637982
0.022109625341885868
0.021929284028947178
0.02175058239454651
0.021573403692731127
0.021397724085051424
0.021223613964107498
0.02105099948385307
0.02087989465693765
0.020710278438812436
0.020542114171506885
0.020375416181596818
0.02021012757001455
0.020046305115317478
0.019883887324672906
0.019722829921932764
0.019561991382537988
0.01940376893872954
0.019246893121182704
0.01909139177910835
0.01893722642486558
0.018784388864018342
0.018632849880900047
0.018482629359382045
0.018333697268933958
0.018186019669179133
0.01803965657661534
0.01789454425662934
0.017750646341161424
0.0176080083387041
0.017466590650283376
0.017326362695576754
0.017187337662308334
0.017049502328903336
0.01691284725296501
0.0167773582676089
0.01664304652607311
0.016509877902417987
0.0163778306635555
0.01624693030991596
0.016117148113560388
0.01598845311094812
0.015860850245629173
0.015734339000632147
0.015608912776474127
0.015484545315867274
0.015361256083092436
0.015238999622937984
0.015116677234212695
0.014996497116597781
0.014877337235656415
0.014759181182329545
0.014642020396591274
0.014525868131050204
0.014410815186276606
0.014296612215726394
0.014183402845691848
0.01407113752565436
0.013959802371482921
0.013851040087936304
0.013741569002985995
0.013633004578978201
0.013525362968202594
0.013418643829912896
0.01331621875756411
0.01321122994616083
0.013107143769552881
0.013003922853522157
0.012901545789170629
0.0128000370947728
0.012699389637230187
0.012599569466837324
0.012500612452876812
0.012402498388783373
0.012305184381844157
0.012208682825567092
0.01211301052163074
0.012018125151075042
0.011924015617477215
0.011830697472140592
0.011738163534667716
0.011646408428891555
0.011555420843666168
0.011465198332378643
0.011375705082388247
0.011286953597648258
0.011198965164207979
0.011111693591869677
0.011025134970004853
0.010939300767872565
0.010854202487341594
0.010769808175779404
0.01068611561236139
0.010603124637388038
0.010520801027465158
0.010439154348734488
0.01035820289889732
0.010277909551197471
0.01019827192416559
0.01011930820847376
0.010040999920464661
0.009963329260550324
0.009886303978770071
0.009809922689631729
0.009734152627200536
0.009659000445946702
0.00958448215726934
0.00951057305306511
0.009437278300819167
0.009360792961869827
0.009288762760485238
0.009217313822401603
0.009146459785006495
0.009076193132169313
0.009006486981660072
0.008937344577577371
0.008868780286285806
0.008800774616739355
0.008733331207403022
0.008666447788089237
0.008600100780925124
0.008534288185026172
0.008469018621009688
0.0084042880097344
0.008340073671155718
0.008276382419366134
0.008213223091577772
0.008150582023138335
0.008088447496158833
0.008026829076916908
0.007965699263737858
0.007905061382909986
0.007844918282710667
0.007785270249913226
0.00772609735624609
0.007667396618230797
0.007609194064236117
0.007551452883507527
0.007494178390264786
0.00743737960085148
0.007381028208451383
0.007325126364424592
0.007269682278737004
0.007214694559412704
0.007160145107177595
0.007106038800165738
0.00705237899848226
0.006999141754569159
0.00694632961924345
0.0068939586760636724
0.006841997409266464
0.00679044704570982
0.006739314761098595
0.006688593200454894
0.006638285808146212
0.006588382517817633
0.006538883392083477
0.006489773761623481
0.0064410504383638646
0.006392736994463841
0.006344804768761816
0.006297248073328833
0.006250077131874929
0.006203283376459191
0.006156873049286441
0.006110830438730853
0.006065156704667724
0.006019841838487826
0.0059748794809716555
0.005930292873802631
0.005886053596104158
0.005842158014863909
0.00579862059654658
0.005755432149370928
0.00571258781750522
0.005670084773693736
0.005627918793106119
0.005586087879450958
0.005544582275541359
0.005503417121817247
0.005462575271859281
0.005422048564968619
0.005381859532066968
0.005341983002198909
0.005302418634813821
0.005263172467910662
0.0052242350011224535
0.0051856011346871796
0.005147266561105663
0.0051092403444387684
0.00507151537793466
0.005034087942692977
0.004996962360387188
0.004960124638639099
0.004923571902448412
0.00488731869466623
0.004851348816252311
0.0048156569467974536
0.004780241583527149
0.004745106759273654
0.00471025640819398
0.0046756758516281775
0.0046413710746235435
0.004607331388144625
0.004573551177450889
0.004540042820984826
0.004506797068898623
0.004473806190550518
0.004441070901259042
0.004408597146236649
0.0043763807378329345
0.004344413180259721
0.004312702538930787
0.004281236334108115
0.004250008788836635
0.004219028390719316
0.004188292545444247
0.004157790324255249
0.004127527164083977
0.004097505105176063
0.004067713005611413
0.004038153139017203
0.00400882565407361
0.003979723344990774
0.003950840785283221
0.0039221836114955505
0.003893752944239472
0.0038655387491085685
0.0038375488985010206
0.003809777854330451
0.0037822188911929566
0.003754873156905648
0.0037277429758238822
0.0037008198256920605
0.0036740992373087466
0.003642702724008175
0.003616457886622947
0.0035904191939676033
0.003564580433180623
0.0035389409167282644
0.0035134939189407364
0.003488241240880216
0.003463188612275062
0.003438325089272206
0.0034136480774924257
0.0033891607458401535
0.003364867370092656
0.0033407633061657152
0.00331684306460025
0.003293106595088907
0.0032695469327980995
0.003246165447462918
0.00322296943589556
0.0031999473952110374
0.0031770977578285025
0.0031544268450158118
0.003131930360709652
0.0031096048003767854
0.0030874496140784573
0.003065464049271192
0.0030436414050664384
0.0030219829009204384
0.003000493751918165
0.002979166372752298
0.002958003174997912
0.002937004615883846
0.0029161642726906693
0.0028954802890700936
0.0028749549380791386
0.0028545861554429538
0.002834367595044151
0.0028143001132985355
0.0027943872742480415
0.002774626744529255
0.00275501718252408
0.0027355563569266793
0.0027162408019030223
0.002697068241698642
0.0026780436138985043
0.0026591634058779384
0.00264042188767394
0.0026218202144171836
0.002603362919165364
0.002585048619308047
0.0025668708891475513
0.0025488308022177802
0.0025309241333811667
0.0025131497698035075
0.0024955105631457443
0.0024780055736404925
0.002460628936946125
0.002443380495735942
0.0024262679041794017
0.0024092819540506077
0.0023924232412970074
0.002375692085451993
0.0023590835604731697
0.002342597513274745
0.002326234949346657
0.0023099989978227252
0.0022938820709321956
0.002277886958347477
0.0022620137141837206
0.002246255974186459
0.002230616846082381
0.002215095902387468
0.0021996878771049673
0.0021843928518961437
0.002169211272335465
0.0021541449806747547
0.002139191924188305
0.0021243495645270854
0.0021096185288585795
0.002094994293369978
0.0020804784426094007
0.0020660733062699507
0.0020517731457988715
0.002037577939192815
0.0020234879187137665
0.002009504569186241
0.0019956268935032067
0.001981850250212876
0.0019681759897023548
0.0019546006721937294
0.0019411240003245306
0.0019277512537664145
0.001914474615627936
0.001901293878313403
0.0018882118502656
0.0018752277032143556
0.0018623405926908713
0.0018495471037913841
0.001836847841147597
0.001824240366952699
0.0018117245884458318
0.001799305290821299
0.0017869752566972725
0.0017747340962718013
0.0017625863874699086
0.0017505263297875125
0.0017385553113138787
0.0017266719798068742
0.001714875387409102
0.0017031637823381029
0.0016915357942981386
0.0016799955902430618
0.001668539274979963
0.001657167606210605
0.0016458799915667931
0.0016346733284060928
0.0016235477610897786
0.0016125055250731627
0.0016015437080463644
0.0015906605293649683
0.0015798548578486614
0.0015691290208310303
0.0015584844478449208
0.0015479158316750912
0.0015374247867509128
0.0015270086856185585
0.0015166664662194047
0.0015064017638818734
0.0014962109933579855
0.001486092793618314
0.0014760465934172936
0.0014660753229336163
0.0014561781586696406
0.001446351263224971
0.0014365963030776177
0.0014269116316192603
0.0014172951503420457
0.0014077497400032547
0.0013982735960050416
0.0013888644353487844
0.0013795233744924539
0.0013702512073490514
0.0013610458273245526
0.0013519064563263822
0.0013428333249801954
0.0013338245454172697
0.001324878869753393
0.0013159981155970765
0.0013071824325113666
0.001298429331995051
0.0012897401595634787
0.0012811133329592656
0.001272548144061184
0.0012640452847926262
0.0012556036658760805
0.0012472216941889212
0.001238898150034113
0.0012306341520684468
0.0012224309258761534
0.0012142872618205942
0.0012062013279212538
0.0011981730487209876
0.001190200908768284
0.0011822858590698336
0.0011744282160584649
