0.1832349210638423
0.18233169260504614
0.18142846414625
0.18052523568745385
0.1796220072286577
0.17871877876986159
0.1778155503110654
0.17691232185226927
0.17600909339347312
0.17510586493467697
0.17420263647588086
0.173255937691866
0.17230489187532935
0.17135384605879264
0.17040280024225596
0.1694517544257193
0.1685007086091826
0.1675496627926459
0.16659861697610923
0.16564757115957254
0.16469652534303586
0.1637114087476343
0.1627187208680405
0.1617260329884468
0.16073334510885307
0.1597406572292593
0.1587479693496655
0.15775528147007178
0.156762593590478
0.15576990571088428
0.1547772178312905
0.153772378768525
0.15276298301207009
0.15175358725561516
0.15074419149916024
0.14973479574270532
0.1487253999862504
0.14771600422979547
0.14670660847334058
0.14569721271688565
0.14468781696043076
0.14368971092901653
0.14269805616905412
0.14170640140909174
0.14071474664912936
0.139723091889167
0.1387314371292046
0.13773978236924223
0.13674812760927987
0.13575647284931747
0.1347648180893551
0.13380233240494258
0.13286415428348824
0.13192597616203394
0.13098779804057964
0.1300496199191253
0.12911144179767098
0.12817326367621668
0.12723508555476234
0.12629690743330804
0.1253587293118537
0.12445939434270058
0.12360667115630886
0.12275394796991712
0.1219012247835254
0.12104850159713368
0.12019577841074193
0.11934305522435021
0.11849033203795847
0.11763760885156675
0.11678488566517502
0.11597255358317272
0.11523090593385191
0.11448925828453113
0.11374761063521033
0.11300596298588954
0.11226431533656872
0.11152266768724793
0.11078102003792714
0.11003937238860634
0.10929772473928553
0.10859093417355634
0.10797709583073806
0.1073632574879198
0.10674941914510154
0.10613558080228327
0.10552174245946501
0.10490790411664674
0.10429406577382848
0.1036802274310102
0.10306638908819195
0.10247528154708684
0.10198646261369093
0.10149764368029503
0.10100882474689912
0.1005200058135032
0.10003118688010731
0.0995423679467114
0.0990535490133155
0.09856473007991959
0.0980759111465237
0.09759992539095769
0.09725227141369062
0.09690461743642356
0.0965569634591565
0.09620930948188944
0.09586165550462239
0.09551400152735531
0.09516634755008825
0.09481869357282119
0.09447103959555413
0.09412338561828706
0.09389772721528646
0.09367206881228583
0.0934464104092852
0.09322075200628457
0.09299509360328397
0.09276943520028333
0.09254377679728272
0.0923181183942821
0.09209245999128148
0.09186680158828085
0.09173447028376315
0.09161147168909374
0.09148847309442432
0.0913654744997549
0.0912424759050855
0.09111947731041609
0.09099647871574666
0.09087348012107725
0.09075048152640784
0.09062748293173843
0.09057122255392523
0.09052979289096896
0.09048836322801271
0.09044693356505645
0.0904055039021002
0.09036407423914394
0.09032264457618769
0.09028121491323143
0.09023978525027516
0.09019835558731892
0.09019958160382353
0.090216803500126
0.09023402539642844
0.0902512472927309
0.09026846918903336
0.09028569108533582
0.09030291298163827
0.09032013487794073
0.09033735677424318
0.09035457867054564
0.09039533963713095
0.09044955150102074
0.09050376336491053
0.09055797522880032
0.09061218709269012
0.09066639895657991
0.0907206108204697
0.09077482268435949
0.09082903454824928
0.09088324641213907
0.09094726150951196
0.09101944596812078
0.09109163042672959
0.0911638148853384
0.0912359993439472
0.09130818380255601
0.09138036826116483
0.09145255271977364
0.09152473717838244
0.09159692163699126
0.09166874111065168
0.09174012260237403
0.09181150409409637
0.09188288558581874
0.09195426707754108
0.09202564856926343
0.0920970300609858
0.09216841155270813
0.09223979304443049
0.09231117453615284
0.09237777067721503
0.09243599245462193
0.09249421423202883
0.09255243600943576
0.09261065778684266
0.09266887956424957
0.09272710134165646
0.09278532311906337
0.09284354489647029
0.09290176667387719
0.0929536587850991
0.09298867178649442
0.09302368478788972
0.09305869778928502
0.09309371079068031
0.09312872379207562
0.09316373679347091
0.09319874979486623
0.09323376279626151
0.09326877579765681
0.09329832062196328
0.09330325864936992
0.09330819667677656
0.09331313470418322
0.09331807273158986
0.09332301075899652
0.09332794878640316
0.09333288681380983
0.09333782484121647
0.09334276286862311
0.09334459055088773
0.09331531478173191
0.09328603901257607
0.09325676324342025
0.09322748747426443
0.09319821170510861
0.09316893593595278
0.09313966016679695
0.09311038439764113
0.09308110862848532
0.09305183285932948
0.09298653495607721
0.09292123705282494
0.09285593914957266
0.09279064124632039
0.09272534334306812
0.09266004543981585
0.09259474753656358
0.0925294496333113
0.09246415173005904
0.09239885382680676
0.09230083690041156
0.09219954807170205
0.09209825924299259
0.09199697041428308
0.09189568158557357
0.09179439275686409
0.09169310392815459
0.0915918150994451
0.0914905262707356
0.09138923744202611
0.09125971037541163
0.09112390814481823
0.09098810591422486
0.09085230368363148
0.0907165014530381
0.09058069922244472
0.09044489699185132
0.09030909476125795
0.09017329253066457
0.09003749030007117
0.0898783997205459
0.08971057601017116
0.08954275229979641
0.08937492858942167
0.08920710487904693
0.0890392811686722
0.08887145745829746
0.0887036337479227
0.08853581003754796
0.08836798632717321
0.08818181719596088
0.08798516496712702
0.08778851273829319
0.08759186050945936
0.08739520828062552
0.08719855605179169
0.08700190382295785
0.086805251594124
0.08660859936529017
0.08641194713645634
0.08620154918461513
0.08597969646360112
0.0857578437425871
0.08553599102157311
0.08531413830055912
0.0850922855795451
0.08487043285853109
0.08464858013751708
0.08442672741650308
0.08420487469548907
0.08397329868230645
0.08373005471852149
0.08348681075473655
0.08324356679095159
0.08300032282716663
0.08275707886338168
0.08251383489959671
0.08227059093581177
0.08202734697202681
0.08178410300824185
0.08153447470063144
0.08127367379132644
0.08101287288202147
0.08075207197271649
0.0804912710634115
0.08023047015410653
0.07996966924480156
0.07970886833549658
0.0794480674261916
0.07918726651688662
0.07892327424272969
0.0786507716623009
0.07837826908187212
0.07810576650144332
0.07783326392101454
0.07756076134058576
0.07728825876015696
0.0770157561797282
0.0767432535992994
0.07647075101887062
0.07619594724154184
0.07591078807816312
0.07562562891478442
0.0753404697514057
0.07505531058802696
0.07477015142464824
0.07448499226126952
0.0741998330978908
0.07391467393451209
0.07362951477113337
0.07334371819856159
0.0730515475340592
0.0727593768695568
0.07246720620505441
0.07217503554055203
0.07188286487604964
0.07159069421154725
0.07129852354704486
0.07100635288254246
0.0707141822180401
0.07042201155353771
0.07012706805340674
0.06983212455327575
0.06953718105314478
0.06924223755301381
0.06894729405288283
0.06865235055275186
0.06835740705262089
0.0680624635524899
0.06776752005235893
0.06747257655222798
0.06717510946478437
0.06687739001860953
0.06657967057243466
0.06628195112625981
0.06598423168008495
0.06568651223391009
0.06538879278773524
0.06509107334156038
0.06479335389538553
0.06449563444921068
0.06419870510791616
0.06390195134548395
0.06360519758305172
0.0633084438206195
0.06301169005818727
0.06271493629575504
0.06241818253332282
0.062121428770890594
0.061824675008458375
0.06152792124602614
0.06123333169674557
0.06093955372739685
0.06064577575804813
0.0603519977886994
0.06005821981935068
0.05976444185000196
0.05947066388065324
0.059176885911304516
0.058883107941955795
0.058589329972607074
0.05829864032109067
0.058009715422621316
0.05772079052415194
0.057431865625682574
0.05714294072721321
0.05685401582874383
0.05656509093027447
0.056276166031805096
0.05598724113333573
0.05569831623486636
0.05541264081098289
0.055129673282587666
0.05484670575419245
0.05456373822579723
0.054280770697402
0.05399780316900677
0.05371483564061155
0.05343186811221633
0.0531489005838211
0.05286593305542587
0.052586288866603006
0.05231063268526699
0.05203497650393097
0.05175932032259495
0.05148366414125893
0.051208007959922905
0.050932351778586876
0.05065669559725086
0.05038103941591486
0.050105383234578846
0.049832758943674
0.04956544046102373
0.04929812197837345
0.04903080349572319
0.04876348501307291
0.048496166530422644
0.048228848047772374
0.0479615295651221
0.04769421108247183
0.04742689259982156
0.047161996334418366
0.046903559315007406
0.04664512229559643
0.04638668527618546
0.046128248256774494
0.04586981123736352
0.045611374217952555
0.04535293719854158
0.04509450017913061
0.04483606315971965
0.04457935751423893
0.04433044305144421
0.04408152858864949
0.04383261412585478
0.04358369966306005
0.04333478520026533
0.04308587073747062
0.0428369562746759
0.04258804181188118
0.042339127349086465
0.04209111424961006
0.04185211478331681
0.04161311531702356
0.04137411585073031
0.04113511638443706
0.04089611691814381
0.04065711745185055
0.040418117985557306
0.04017911851926405
0.0399401190529708
0.03970111958667755
0.03947225192997588
0.03924338427327423
0.03901451661657256
0.0387856489598709
0.038556781303169224
0.03832791364646756
0.03809904598976589
0.03787017833306422
0.037641310676362554
0.03741244301966089
0.03719289939925597
0.03697428818248072
0.03675567696570549
0.03653706574893024
0.036318454532154994
0.03609984331537976
0.03588123209860451
0.03566262088182927
0.035444009665054024
0.03522539844827878
0.03501517219551207
0.034806809268080594
0.03459844634064913
0.034390083413217656
0.03418172048578618
0.033973357558354705
0.03376499463092322
0.03355663170349174
0.033348268776060265
0.03313990584862878
0.03293896354346997
0.032740803971663415
0.032542644399856845
0.03234448482805028
0.03214632525624372
0.03194816568443715
0.03175000611263059
0.031551846540824026
0.03135368696901746
0.0311555273972109
0.030963738752936943
0.03077559063868162
0.030587442524426293
0.030399294410170974
0.030211146295915665
0.03002299818166034
0.029834850067405022
0.029646701953149696
0.029458553838894373
0.029270405724639053
0.029087629642918927
0.028909330254978133
0.028731030867037342
0.02855273147909655
0.02837443209115576
0.028196132703214964
0.028017833315274174
0.02783953392733338
0.027661234539392586
0.027482935151451796
0.027308988945438498
0.02714026655773819
0.026971544170037883
0.02680282178233758
0.026634099394637272
0.026465377006936967
0.026296654619236675
0.02612793223153637
0.025959209843836064
0.02579048745613576
0.02562519308950141
0.0254658977597325
0.025306602429963587
0.025147307100194676
0.024988011770425762
0.024828716440656852
0.024669421110887938
0.024510125781119028
0.024350830451350117
0.024191535121581204
0.024034641439874233
0.02388415215299911
0.023733662866123988
0.023583173579248863
0.023432684292373742
0.02328219500549862
0.023131705718623496
0.022981216431748372
0.022830727144873265
0.022680237857998144
0.022531317585377627
0.022389457876902854
0.022247598168428084
0.02210573845995331
0.021963878751478535
0.021822019043003765
0.021680159334528992
0.02153829962605422
0.021396439917579446
0.021254580209104673
0.02111346928283637
0.020979846178632838
0.0208462230744293
0.020712599970225763
0.020578976866022225
0.020445353761818687
0.02031173065761515
0.020178107553411612
0.02004448444920808
0.01991086134500455
0.019777238240801014
0.01965183915948005
0.019526440078159086
0.019401040996838124
0.019275641915517158
0.019150242834196196
0.019024843752875234
0.01889944467155427
0.018774045590233306
0.01864864650891234
0.01852324742759138
0.01840444716883364
0.018286306792332216
0.0181681664158308
0.018050026039329377
0.017931885662827957
0.017813745286326538
0.017695604909825118
0.0175774645333237
0.01745932415682228
0.01734118378032086
0.01722891845743402
0.017117958702017076
0.01700699894660013
0.01689603919118319
0.01678507943576624
0.0166741196803493
0.016563159924932354
0.01645220016951541
0.016341240414098464
0.01623028065868152
0.016124303945291973
0.016020195872662707
0.015916087800033438
0.01581197972740417
0.0157078716547749
0.01560376358214563
0.01549965550951636
0.015395547436887091
0.015291439364257822
0.015187331291628553
0.015087326990384085
0.014989667701359507
0.014892008412334939
0.014794349123310357
0.014696689834285778
0.0145990305452612
0.014501371256236621
0.014403711967212043
0.014306052678187462
0.014208393389162884
0.014114074723694577
0.014022539911189829
0.013931005098685082
0.013839470286180334
0.013747935473675588
0.01365640066117084
0.013564865848666091
0.013473331036161345
0.013381796223656598
0.01329026141115185
0.013201322520937399
0.013115498737471306
0.013029674954005213
0.012943851170539129
0.012858027387073036
0.012772203603606943
0.01268637982014085
0.012600556036674758
0.012514732253208665
0.012428908469742572
0.012345104264530376
0.012264834321262498
0.01218456437799462
0.012104294434726746
0.012024024491458868
0.01194375454819099
0.011863484604923112
0.011783214661655234
0.011702944718387358
0.01162267477511948
0.011543808220671897
0.011468684036411759
0.011393559852151625
0.011318435667891489
0.011243311483631353
0.011168187299371224
0.011093063115111088
0.011017938930850953
0.010942814746590816
0.010867690562330681
0.010793447628791373
0.010723170323495783
0.010652893018200197
0.010582615712904609
0.01051233840760902
0.010442061102313433
0.010371783797017845
0.010301506491722257
0.010231229186426669
0.010160951881131081
0.010091089212703226
0.010025372912952697
0.009959656613202167
0.009893940313451637
0.00982822401370111
0.00976250771395058
0.009696791414200049
0.009631075114449526
0.009565358814698997
0.009499642514948468
0.009433926215197938
0.009372491528502672
0.00931105684180741
0.009249622155112144
0.00918818746841688
0.009126752781721616
0.00906531809502635
0.009003883408331087
0.008942448721635823
0.008881014034940557
0.008819579348245293
0.008761800661691197
0.008704387575151216
0.008646974488611237
0.008589561402071257
0.008532148315531275
0.008474735228991297
0.008417322142451316
0.008359909055911337
0.008302495969371361
0.008245082882831382
0.008190758102049537
0.008137119611436166
0.008083481120822793
0.008029842630209425
0.007976204139596052
0.007922565648982681
0.00786892715836931
0.007815288667755941
0.007761650177142569
0.007708011686529199
0.007656943741562593
0.007606839751213525
0.0075567357608644576
0.007506631770515389
0.007456527780166321
0.007406423789817254
0.007356319799468186
0.007306215809119117
0.007256111818770049
0.007206007828420986
0.007157929916238544
0.00711100976300846
0.007064089609778376
0.007017169456548292
0.0069702493033182095
0.006923329150088125
0.006876408996858041
0.006829488843627957
0.0067825686903978735
0.006735648537167791
0.006690499365555016
0.0066468260119566655
0.006603152658358314
0.006559479304759964
0.006515805951161613
0.006472132597563263
0.006428459243964912
0.006384785890366561
0.006341112536768211
0.0062974391831698605
0.006255083279461135
0.006214308315619965
0.00617353335177879
0.006132758387937616
0.006091983424096442
0.006051208460255267
0.006010433496414093
0.005969658532572919
0.005928883568731744
0.00588810860489057
0.005848319631132057
0.005810256140018201
0.005772192648904344
0.005734129157790487
0.005696065666676631
0.005658002175562775
0.005619938684448917
0.0055818751933350615
0.005543811702221205
0.005505748211107348
0.00546837684721184
0.005432851155898595
0.00539732546458535
0.005361799773272107
0.005326274081958863
0.005290748390645618
0.005255222699332372
0.005219697008019128
0.005184171316705882
0.005148645625392637
0.005113550599063129
0.005080393565160439
0.00504723653125775
0.005014079497355059
0.004980922463452371
0.00494776542954968
0.004914608395646991
0.004881451361744301
0.004848294327841612
0.0048151372939389215
0.0047821814061412395
0.004751236979393623
0.004720292552646009
0.004689348125898393
0.004658403699150781
0.004627459272403165
0.004596514845655549
0.004565570418907934
0.004534625992160319
0.004503681565412703
0.004472737138665087
0.004443860500976356
0.004414983863287625
0.004386107225598894
0.004357230587910163
0.004328353950221433
0.0042994773125327014
0.00427060067484397
0.0042417240371552395
0.004212847399466508
0.0041839707617777775
0.0041568477902614665
0.004129900185362398
0.004102952580463329
0.00407600497556426
0.004049057370665191
0.004022109765766124
0.003995162160867056
0.003968214555967986
0.003941266951068918
0.0039143193461698466
0.003888844596823216
0.003863697148710462
0.0038385497005977076
0.003813402252484953
0.0037882548043721986
0.0037631073562594437
0.003737959908146694
0.003712812460033939
0.003687665011921185
0.00366251756380843
0.0036385931233585255
0.0036151273107821896
0.003591661498205853
0.0035681956856295173
0.003544729873053181
0.0035212640604768445
0.0034977982479005086
0.003474332435324172
0.003450866622747836
0.0034274008101715
0.003404932165545118
0.003383033331175852
0.003361134496806586
0.0033392356624373206
0.003317336828068055
0.003295437993698789
0.0032735391593295233
0.0032516403249602576
0.003229741490590992
0.0032078426562217265
0.003186625288714129
0.0031659758102579225
0.0031453263318017154
0.003124676853345509
0.0031040273748893024
0.0030833778964330953
0.003062728417976889
0.003042078939520682
0.003021429461064475
0.0030007799826082685
0.0029808582018634876
0.0029618096583724175
0.002942761114881347
0.002923712571390277
0.0029046640278992068
0.0028856154844081362
0.002866566940917066
0.002847518397425996
0.002828469853934926
0.002809421310443859
0.002790834071318133
0.002773054114831762
0.002755274158345391
0.0027374942018590196
0.0027197142453726482
0.002701934288886277
0.0026841543323999056
0.0026663743759135342
0.002648594419427163
0.0026308144629407916
0.0026133570601163053
0.0025967598003901796
0.002580162540664054
0.0025635652809379277
0.0025469680212118024
0.0025303707614856763
0.002513773501759551
0.002497176242033425
0.002480578982307299
0.002463981722581174
0.002447585195245961
0.0024320919636698574
0.0024165987320937544
0.0024011055005176505
0.0023856122689415475
0.0023701190373654436
0.00235462580578934
0.0023391325742132367
0.0023236393426371332
0.00230814611106103
0.002292746331393711
0.002278281070814241
0.0022638158102347705
0.0022493505496553002
0.00223488528907583
0.0022204200284963596
0.0022059547679168894
0.002191489507337419
0.0021770242467579488
0.0021625589861784785
0.002148093725599008
0.0021345871691165965
0.0021210806126341847
0.002107574056151775
0.002094067499669364
0.0020805609431869517
0.00206705438670454
0.002053547830222128
0.0020400412737397165
0.0020265347172573047
0.002013028160774893
0.0020003348026387236
0.0019877227643371785
0.0019751107260356335
0.0019624986877340884
0.0019498866494325436
0.0019372746111309988
0.0019246625728294533
0.0019120505345279085
0.0018994384962263634
0.0018868264579248186
0.0018748958907111256
0.0018631167615169551
0.001851337632322785
0.001839558503128615
0.0018277793739344445
0.0018160002447402742
0.0018042211155461039
0.0017924419863519334
0.0017806628571577633
0.0017688837279635928
0.0017576693690869063
0.001746666799079276
0.0017356642290716458
0.0017246616590640155
0.0017136590890563855
0.0017026565190487552
0.001691653949041125
0.0016806513790334947
0.0016696488090258645
0.0016586462390182342
0.0016481046250109291
0.0016378264144323816
0.0016275482038538337
0.001617269993275286
0.001606991782696738
0.0015967135721181923
0.0015864353615396443
0.0015761571509610964
0.0015658789403825487
0.001555600729804001
0.0015456905410313865
0.0015360870370970503
0.0015264835331627136
0.0015168800292283775
0.0015072765252940412
0.001497673021359705
0.0014880695174253687
0.0014784660134910324
0.0014688625095566961
0.0014592590056223596
0.0014499415430932851
0.001440967330250525
0.0014319931174077648
0.0014230189045650044
0.0014140446917222443
0.001405070478879484
0.0013960962660367238
0.0013871220531939635
0.0013781478403512033
0.001369173627508443
0.001360412762978442
0.0013520252579957695
0.001343637753013097
0.0013352502480304244
0.0013268627430477516
0.0013184752380650793
0.0013100877330824068
0.0013017002280997342
0.0012933127231170615
0.001284925218134389
0.001276686926730991
0.0012688465382056585
0.0012610061496803261
0.0012531657611549935
0.0012453253726296609
0.0012374849841043285
0.001229644595578996
0.0012218042070536637
0.001213963818528331
0.001206123430003
0.0011983757449762383
0.0011910452256930447
0.0011837147064098512
0.0011763841871266579
0.0011690536678434643
0.0011617231485602708
0.0011543926292770772
0.001147062109993884
0.0011397315907106904
0.0011324010714274968
0.001125113802609401
0.0011182590384422838
0.0011114042742751665
0.001104549510108049
0.0010976947459409316
0.0010908399817738143
0.001083985217606697
0.0010771304534395794
0.0010702756892724621
0.0010634209251053446
0.0010565661609382273
