0.23186896075313018
0.26557673883192423
0.30052295457473704
0.33654776607896947
0.3734466269846606
0.41107716025334434
0.4492688967285706
0.48787906142244114
0.526790009708914
0.5658554965735325
0.6049824322025518
0.6440505407910445
0.6829668022163802
0.7216499037917239
0.7600061492846631
0.7979740432403168
0.8354822244592681
0.8724714865536718
0.9088872392914624
0.9446815970195295
0.9798122690846798
1.0142419583016054
1.0479397338239829
1.080868689956775
1.1130139110169037
1.1443485771915736
1.1748583244620452
1.2045246386029613
1.233340428346471
1.261294153102277
1.288383628848964
1.3146001850717566
1.3399440888137193
1.364419302408862
1.3880237647123297
1.4107610650048779
1.4326393674065756
1.4536625035610544
1.4738384217216272
1.4931783317085512
1.5116890200716273
1.5293827461027227
1.5462743622303539
1.5623670995503298
1.5776825854729128
1.5922267622936896
1.6060202121426888
1.6190767228563194
1.6314005959636333
1.6430178963558508
1.6539356226855033
1.6641777972628766
1.6737517856753428
1.68267329021498
1.6909606442006422
1.6986270763088023
1.7056922918570427
1.7121640382739027
1.7180621707734254
1.7233997938448549
1.7281941170294481
1.7324590092875227
1.7362053511072046
1.7394552545952005
1.7422135468417055
1.7445056884712011
1.746330364114697
1.7477135698630244
1.7486674321464728
1.7491997963347155
1.749331008708666
1.7490602866261962
1.7484130487159297
1.7474006637111414
1.746029436732925
1.7443149946481022
1.7422629879163365
1.739891971363198
1.737208714165985
1.734229110741321
1.7309535397943843
1.7274015800688995
1.7235784966436976
1.7194958543690533
1.7151663100285126
1.7105884430584133
1.7057835319730086
1.7007529579143745
1.6955086719280748
1.6900597457653266
1.684406859559855
1.678568895652959
1.6725457915691282
1.6663476807059068
1.6599824988215826
1.6534545606876496
1.6467755293930315
1.639948909565197
1.6329800460633255
1.6258764374961951
1.6186466195655251
1.611293088506515
1.603824322984
1.5962441591736163
1.588557766292139
1.5807752589630142
1.5728923126991492
1.5649223071593399
1.5568673634954704
1.5487319385636942
1.5405243313196633
1.5322394357311255
1.5238910046923793
1.5154797328403171
1.5070099698379449
1.4984863138031892
1.4899087755378702
1.481285849482635
1.472619199367878
1.4639132626012612
1.455156872921678
1.446215626189848
1.4370631658361948
1.4282289504465315
1.4193711911732592
1.4104907828624333
1.4015927447178145
1.3926767813580025
1.383748312152773
1.3748088916590067
1.3658535893752746
1.3568151006053575
1.3476801764719872
1.3387203291939427
1.3297594867885358
1.3208009991202
1.3118475355130574
1.3028993034096563
1.2939596811080674
1.2850284511732948
1.2761092792119697
1.2672027524590241
1.2583106260616512
1.2494357874314561
1.2405762584184523
1.2317369145430233
1.222917560527049
1.2141199319632436
1.2053446110449724
1.1965937246479519
1.1878677941905311
1.1791683569907871
1.1704956731121476
1.1618525005194345
1.1532385462949213
1.1446542588219393
1.1361010546989099
1.1275808107642362
1.1190931276473004
1.1106397657735025
1.1022203109080355
1.0938364578073603
1.08548775082229
1.0771763554618932
1.0689003255288212
1.0606641306919533
1.0524666192472947
1.0442740286518013
1.036155139956337
1.0280763803175623
1.020037921273397
1.012040992720048
1.0040848093509562
0.9961079702196294
0.9882365879210867
0.9804075260494829
0.9726211967794076
0.9648779207199139
0.957178540394668
0.9495226691172756
0.9419110156074635
0.9343434786174343
0.9268210973538618
0.919342050519297
0.9119084861609839
0.9045202443402857
0.8971769148941489
0.8898791734465893
0.8826266790925414
0.8754198396795025
0.8682586177822238
0.8611430637341154
0.8540733057570891
0.8470498957046496
0.8400719379249635
0.8331400675537362
0.8262541056242356
0.8194139616630236
0.8126202174236943
0.8058722354556889
0.7991701241950334
0.7925142767004955
0.7859040870234377
0.7793396520601004
0.7728211559463226
0.766348388947678
0.7599211604338167
0.7535396533657092
0.7472036060832045
0.7409129028257435
0.7346675581438142
0.7284670799594021
0.7223123022914534
0.7162019758160298
0.7101366895176349
0.7041161259804019
0.6981400929154757
0.6922083056508023
0.686320973609693
0.680477731295647
0.6746782768723603
0.6689226241177677
0.6632108669168677
0.657542297050528
0.6519173456061241
0.6463351912994884
0.6407961657150878
0.6352996861343438
0.6298457849163447
0.6244344800917572
0.6190653032520552
0.613737713411375
0.6084518324785149
0.6032078810059615
0.5980049918305483
0.5928435585015778
0.5877229512198114
0.5826430583220282
0.5776036777852087
0.5726044921213845
0.5676454749491484
0.5627263265822029
0.5578466539366324
0.553006453639955
0.5482052561917461
0.5434432352565486
0.5387196750255366
0.5340349714148466
0.5293882155823895
0.5247797398061718
0.5202091097020052
0.5156759392356424
0.5111799080905897
0.5067212952264225
0.5022992000358634
0.49791398631051675
0.49356497937034705
0.48925234550336855
0.48497547906259475
0.4807344139406169
0.4765285864278076
0.4723583931361496
0.46822279062452166
0.4641255279649602
0.46005941013151486
0.45607448348839946
0.45207596835970953
0.4482100492688148
0.44427783779915647
0.44037844343831944
0.4365128332330092
0.43267990769559056
0.42887932586259425
0.4251114474533164
0.4213754960974455
0.4176716759190392
0.4139994578881415
0.4103586375444511
0.40674937492756624
0.4031708783666993
0.3996230624679138
0.39610590853694216
0.3926192195125546
0.38916236295331297
0.3857375541705747
0.38236439138101397
0.37899635157805034
0.37570822404610105
0.3723975421692635
0.3691161556780064
0.36586247443152775
0.36263769448350036
0.35944102697909763
0.35627189967929834
0.3531308392517243
0.3500165236420557
0.34693006079514427
0.3438704528150116
0.34083757078679133
0.3378312879490022
0.3348510643789611
0.3318973467136878
0.32896954474007384
0.3260675398569324
0.3231906185709895
0.32033948778122456
0.31751324922544144
0.314712113555838
0.31193557630422686
0.3091829331122803
0.30645561067524324
0.30375182949620116
0.3010721765520704
0.2984161383031743
0.2957832308990112
0.29317422920594366
0.2905879453833762
0.2880248420821345
0.2854843455944465
0.28296642314622783
0.28047078721991386
0.2779974445546961
0.27554595499415674
0.2731162639651202
0.27070850106038147
0.26832160302666697
0.2659565075732197
0.2636121706042984
0.261288826756619
0.25898636007920023
0.25670375931465056
0.25444231324299915
0.25220067268578245
0.24997913526707888
0.2477775540722998
0.2455951686516345
0.24343271748315373
0.2412894504046934
0.23916544205263052
0.23706041942792466
0.23497405933360954
0.23290645515864888
0.23085752579350072
0.2288268482808885
0.22681417390404585
0.2248196996085814
0.2228429619521023
0.22088434916891714
0.21894303837570478
0.21701888321191942
0.2151123313988631
0.21322259793602244
0.2113502762874325
0.20949442706602886
0.20765506232452274
0.20583257826312584
0.20402622803173387
0.20223711161451655
0.20046305258028044
0.19870492562196507
0.196972982313246
0.19524633227482796
0.193535100595019
0.19183927321063377
0.19015875851638653
0.1884931220513505
0.18686215315660212
0.18522620857048652
0.18360523815246937
0.18199880730043289
0.18040644179968537
0.17882897010313856
0.17726524301398683
0.17571589284274772
0.17418035580623822
0.17265835707960417
0.17115042076428744
0.16965582932325718
0.16817486538239645
0.1667071356987443
0.16525249402802958
0.16381097869431321
0.16238259813972658
0.16096690570482786
0.15956395360650766
0.15817363857108885
0.15679562766570376
0.15543045980274367
0.15407724489160446
0.15273624389698323
0.15140731343240366
0.15009013972278934
0.14878536865371317
0.14749190583013758
0.1462101195744174
0.14493987553060772
0.14368214979603167
0.14243478493292852
0.1411983645303942
0.13997306523705794
0.138758875107191
0.13757110092119756
0.13637827882811682
0.13519616411873103
0.13402455632325644
0.13286355499746416
0.13171310181278562
0.13060421036172193
0.1294737510383383
0.12835316359327237
0.12724255581342322
0.1261421645050834
0.12505148276537922
0.12397079119347845
0.12289948718590296
0.12183803793697309
0.12078614486915074
0.11974347075681563
0.11871053932209136
0.11768663118792103
0.11667183003136228
0.11566630146086722
0.11466943689083878
0.11368178041244073
0.112702958655544
0.11173294043347831
0.11077155800572513
0.10981878798054781
0.10887466531775891
0.10793894774624296
0.10701146699244166
0.10609243323306507
0.10518168729762928
0.10427853479129506
0.10338398167774299
0.10249738021805467
0.10161869809523352
0.10074786637599456
0.0998854480329385
0.09903011580854015
0.09818225518649054
0.09734222166014038
0.09651687869519227
0.09569147808290293
0.09487349798237918
0.09406281043626427
0.09325939962135989
0.09247797095083721
0.09168861715181538
0.09090564808754821
0.09013004682039341
0.08936165345566913
0.08859996657066153
0.08784500305647956
0.08709689566738218
0.08635540561648401
0.08562048755458707
0.08489204125834529
0.08417017328556023
0.08345472595373676
0.08274543755751358
0.08204269069118578
0.08134615812641344
0.08065563843389172
0.0799714789206184
0.0792933500009407
0.07862117131188123
0.07795496961694053
0.07729468866442625
0.0766395412771857
0.07599080440225162
0.0753480308794665
0.07471093998902303
0.07407929305668888
0.07345345261984271
0.07283308900496624
0.07221810980885313
0.07160864720117792
0.07100457061126556
0.0704058302236366
0.06981228969918205
0.06922414098606447
0.0686412291809089
0.06806331457887246
0.06749061259934162
0.06692297651565608
0.06636021418906851
0.06580249495755527
0.06524971902857174
0.06470175016295246
0.06415860477504855
0.06362031810291043
0.06308678064571745
0.06255678763155391
0.06203255298439403
0.06151299206477315
0.06099785126877227
0.06048730040245625
0.05998129406155091
0.059479680949724986
0.05898249397668679
0.05848973779948988
0.058001296669984936
0.05751703639717848
0.05703708319219929
0.05656136659832062
0.05608971455790064
0.05562225168398943
0.055158939826454194
0.054699601145528486
0.05424427389831803
0.05379301213776924
0.053345650197594456
0.05290212667077722
0.052462531732415656
0.052026794871815434
0.051594784368478225
0.051166648459469354
0.050742289704238414
0.05032153443593262
0.049903205192649194
0.04948985554703582
0.04908005924741713
0.048673792933969576
0.0482710897232404
0.04787190379857216
0.04747615109003134
0.04708387525584468
0.04669506621939498
0.046309519200119456
0.0459273364242719
0.04554853554855665
0.04517296545753277
0.044800640008536716
0.04443158126436191
0.04406576369073601
0.04370307148547676
0.04334353782227322
0.04298718037553831
0.04263381164593881
0.04228349155210419
0.04193626876214075
0.041591989248555464
0.04125067537414661
0.04091237374870975
0.040576970419967544
0.040244434776239416
0.0399147861211205
0.03958799314940745
0.0392639880646806
0.0389427314966028
0.03862298032243025
0.03830731725623043
0.03799435705350859
0.03768418212937536
0.03737660585895214
0.037071669312400635
0.036769367791235276
0.03646968651696743
0.036172540765600045
0.03587790164699222
0.03558586412622768
0.03529628710527726
0.03500919881197217
0.03472463995510443
0.03444245862116349
0.03416267173543983
0.03388531579483589
0.033610338406612206
0.03333769479675659
0.03306737165416139
0.03279939570513091
0.032533714717148554
0.03227026856346979
0.03200913830158775
0.03175019098430746
0.03149341799042443
0.031238875413995837
0.030986498699310014
0.030736248394650084
0.030488113035680872
0.030242143942822607
0.0299982437212655
0.02975638730023164
0.029515266416199205
0.0292775504690022
0.02904183794221288
0.028808170496896837
0.0285764792745197
0.02834675103143879
0.02811896561498221
0.02789315261072945
0.02766922019902658
0.027447155257328062
0.027227042465156663
0.02700874215532652
0.026792265590998118
0.026577650850612193
0.02636483384088115
0.0261538246246783
0.02594460348383606
0.02573715963628882
0.025531451925240835
0.025327445696764116
0.025125242520060254
0.024924711028296128
0.024725824602103156
0.0245286671517464
0.024333150930767704
0.024139289746195346
0.02394706844632372
0.02375644764256877
0.023567439802886943
0.023379982698826542
0.023194142934055435
0.02300984913666674
0.022827053965501637
0.022644444983128786
0.022464779565028566
0.02228659853052124
0.02211008242167954
0.021934895155545885
0.02176117427883394
0.021588887538080685
0.021418062587454476
0.021248660687024096
0.021080644023315442
0.0209140851602397
0.020748908654190837
0.020585076152888356
0.020422641064516554
0.020261559006005576
0.020101795201822523
0.019943363621233143
0.019786255658747025
0.019630456812369662
0.019475948591590315
0.019322752124283363
0.019170824429328593
0.019020141165462523
0.018870735849951224
0.018722572862979788
0.018575617962484442
0.018429879168097067
0.01828535760486859
0.01814204242152563
0.01799990373202586
0.017858969240455873
0.01771918639272196
0.017579308285832804
0.017441842116569992
0.017305513605639658
0.017170301664767962
0.017036202728954633
0.016905138513716923
0.016773234861000828
0.01664241833883478
0.01651271205403938
0.016384063639664347
0.016256450631866922
0.01612989889244309
0.016004398216384136
0.015879910328680285
0.015756456972347895
0.015634037279462706
0.015512605939694071
0.015392168485071796
0.015272741367892261
0.015154287464538407
0.015036779874440529
0.014920246453234504
0.014804676918231778
0.014690036648494652
0.014576367200360579
0.014463637300897335
0.014351811004659055
0.014240897023684966
0.014130194962944648
0.014021110632405158
0.013912896807048634
0.013805574530863111
0.013699132127756091
0.013593565281253035
0.013488863794448223
0.013385021383866515
0.01328200362351917
0.013179820241427614
0.01307849447759666
0.01297797726648777
0.012878269411069128
0.01277937512532922
0.012681305290871376
0.012584033532558858
0.012487550978262332
0.01239553932424569
0.012300559876377546
0.012206346074755434
0.012112918279688923
0.012020233913453372
0.011928291643464694
0.01183711194619039
0.011746674016793418
0.011656957195915446
0.011567970630800395
0.011479714544466668
0.011392150665557153
0.01130528729415306
0.011219143114890352
0.011133688144557388
0.011048929904820008
0.010960064091172271
0.010876739276198994
0.01079407599676772
0.010712517176468877
0.010631196880527006
0.010550512986475847
0.010470469680564727
0.010391084243013837
0.01031233201049737
0.010234218284550591
0.0101567421143277
0.010079876076146233
0.010003618200229231
0.009927977651576873
0.00985295066019816
0.009778511362867282
0.009704667811979525
0.00963143097340721
0.009558782939002017
0.009486711551397832
0.00941522922754045
0.00934430379991061
0.00927393957671701
0.009204139604038921
0.009134903901041111
0.00906621040226464
0.0089980557874926
0.00893046999317412
0.008863410649595019
0.008796883249345544
0.00873090007321966
0.008665427922330186
0.008600469657244578
0.008536035003451693
0.0084721213381113
0.008408708866031029
0.00834580282358213
0.008283407991799469
0.008221496609205823
0.008160070926997397
0.008099150829418427
0.00803869963748548
0.007978719062179385
0.007919217761911953
0.00786018655741527
0.0078016293646981285
0.007743535143542757
0.007685904651689276
0.007628720764292148
0.007571979454757929
0.007515708443337701
0.0074598747064470415
0.00740447186147833
0.007349512183045492
0.007294985172604111
0.007240897498197518
0.00718723224001255
0.007133990950319618
0.007081162004739898
0.007028738003367984
0.006976745612529804
0.006925152389578807
0.006873954229815262
0.006823168271349841
0.0067727833146351965
0.006722793666389812
0.006673196701786926
0.0066239877819359565
0.006575164654375616
0.006526715945063259
0.0064786592055234805
0.0064309744892533955
0.006383652621321154
0.006336719818739324
0.0062901470725300005
0.00624393377895943
0.00619808706509021
0.006152596335531481
0.006107455732840545
0.0060626602496965925
0.006018220572037734
0.005974127961813789
0.005930378247775764
0.005886977180465734
0.0058439083724275455
0.005801168483989017
0.0057587741079639255
0.005716706995356215
0.00567496099276777
0.00563353441971761
0.005592432152067705
0.005551657992554178
0.005511195375767603
0.005471051815417871
0.005431214753794481
0.005391677624270715
0.005352454781700999
0.005313535551598371
0.005274911146325988
0.005236582518418258
0.005198556530489543
0.005160828086945212
0.005123387376944658
0.005086244359689814
0.005049384419953564
0.005012800781031487
0.004976503454104204
0.0049404891518734844
0.004904745477072179
0.0048692788242042356
0.0048340915582071944
0.004799170815200504
0.0047645188690958185
0.0047301365317609975
0.004696015364114714
0.004662148982495043
0.004628544170577362
0.004595201838853832
0.004562110524298343
0.0045292794968655545
0.004496702525231507
0.0044643717256017
0.0044322881949825955
0.004400454973485914
0.004368862205065705
0.004337504636199319
0.00430076801331404
0.004269962784261646
0.004239396660106569
0.004209062950045721
0.004178960890118904
0.004149082563752978
0.004119430033824409
0.0040900099923541705
0.004060809848927298
0.004031826576696189
0.0040030639968794204
0.003974526936453218
0.003946209794180265
0.0039181066028079895
0.0038902173576541334
0.003862533837295237
0.003835057743528067
0.0038077973906701654
0.003780739560742956
0.0037538824700435896
0.003727233487092213
0.003700787682313402
0.00367454072490693
0.0036484922300775414
0.0036226414565473245
0.0035969804825507702
0.003571510820651475
0.0035462384983217577
0.0035211546099893068
0.0034962620882894877
0.003471561539627056
0.0034470455226793765
0.003422711738413689
0.003398562855568386
0.003374596696171112
0.0033508057492377227
0.003327191085309727
0.0033037569205298088
0.0032805002457250345
0.003257419722458614
0.003234512878863584
0.0032117756410173755
0.0031892053430494795
0.0031668075841885576
0.003144578555536847
0.00312251147149925
0.0031006077396947057
0.003078872749871631
0.00305730454311125
0.003035895880425885
0.0030146481258382356
0.002993556290590161
0.002972619090379435
0.0029518397761477797
0.002931217346223304
0.0029107449589758573
0.0028904224613006276
0.0028702588266335677
0.0028502431891318796
0.0028303762683417086
0.0028106586261231257
0.002791084429647205
0.0027716535343094008
0.002752367102352044
0.0027332287501880084
0.0027142296848515707
0.0026953731278921535
0.0026766592862574722
0.0026580806222309466
0.0026396406634463486
0.0026213391556676293
0.0026031698538890305
0.0025851328878275836
0.002567228812927041
0.0025494596624681697
0.0025318230943217044
0.002514316185544714
0.0024969397638081115
0.0024796884647361795
0.0024625640614999444
0.0024455694365091074
0.002428697834041502
0.002411949254549184
0.002395324009655367
0.002378823734882277
0.0023624472663590873
0.002346189264858191
0.002330051364679198
0.0023140294896930452
0.0022981232519384475
0.0022823388982573835
0.0022666672649645295
0.002251108127641694
0.0022356648200800382
0.002220336314428307
0.0022051215746429344
0.0021900167088885585
0.0021750224593289017
0.0021601359396767224
0.0021453570447885276
0.002130691365420089
0.002116130459821778
0.0021016738812809532
0.002087327033967488
0.0020730831124706663
0.0020589436770299123
0.002044907210814122
0.0020309726442415805
0.002017137906352722
0.002003401381434553
0.0019897679768892417
0.001976233081516822
0.0019627975943443112
0.0019494609157926699
0.0019362193660638865
0.0019230730841591167
0.0019100247070865317
0.0018970708734559472
0.0018842094793238744
0.0018714391924500582
0.0018587627830886448
0.0018461818191463216
0.0018336901492185876
0.0018212897311441882
0.0018089774461966623
0.0017967520420132898
0.0017846177497597361
0.0017725704292196273
0.0017606084719324797
0.0017487312114354663
0.0017369421113646534
0.0017252401301459793
0.0017136208036594362
0.0017020861554913874
0.0016906342283816457
0.001679262540887526
0.0016679744758737612
0.001656767919927931
0.0016456402043407323
0.0016345926430167482
0.001623626193131928
0.0016127383446222427
0.001601928167203798
0.0015911960101779496
0.0015805396309841848
0.001569957553463756
0.0015594519348175804
0.001549022914128907
0.0015386675918517344
0.0015283875585760983
0.0015181809843254192
0.0015080470211355213
0.0014979864275619966
0.0014879980083529103
0.0014780798694907465
0.0014682305679481942
0.0014584514478926094
0.0014487439032155119
0.001439106520884235
0.0014295371848899992
0.0014200358186528283
0.0014106006200775775
0.001401232680024766
0.0013919324162337853
