0.3710427796659375
0.43189045656723357
0.49273813346852946
0.5535858103698255
0.6144334872711213
0.6752811641724175
0.7361288410737132
0.7969765179750093
0.8578241948763051
0.9186718717776012
0.9795195486788971
1.0413516675987315
1.1032822307204195
1.1652127938421075
1.2271433569637957
1.289073920085484
1.3510044832071717
1.41293504632886
1.4748656094505483
1.5367961725722363
1.598726735693924
1.6520360536356054
1.7034295393150625
1.7548230249945198
1.806216510673977
1.8576099963534343
1.9090034820328914
1.9603969677123487
2.011790453391806
2.063183939071263
2.1145774247507205
2.15576364227444
2.1931221342397587
2.2304806262050763
2.2678391181703947
2.3051976101357132
2.3425561021010313
2.3799145940663498
2.417273086031668
2.454631577996986
2.4919900699623043
2.520771307784589
2.5446512575251394
2.56853120726569
2.5924111570062407
2.6162911067467918
2.6401710564873424
2.6640510062278935
2.6879309559684437
2.7118109057089947
2.7356908554495454
2.7533545040222056
2.7658379016216235
2.7783212992210413
2.790804696820459
2.803288094419877
2.8157714920192944
2.8282548896187123
2.84073828721813
2.853221684817548
2.865705082416966
2.874129447382054
2.877682973185946
2.8812364989898382
2.884790024793731
2.8883435505976225
2.891897076401515
2.895450602205407
2.8990041280092993
2.9025576538131914
2.9061111796170835
2.9072369521302557
2.904114156384667
2.9009913606390785
2.8978685648934897
2.894745769147901
2.891622973402312
2.888500177656723
2.8853773819111344
2.882254586165546
2.879131790419957
2.8747056725600477
2.8668040290619476
2.858902385563849
2.8510007420657493
2.84309909856765
2.835197455069551
2.8272958115714513
2.819394168073352
2.8114925245752524
2.8035908810771533
2.795093654877288
2.7839163065194743
2.7727389581616597
2.761561609803846
2.7503842614460323
2.7392069130882186
2.7280295647304045
2.716852216372591
2.7056748680147766
2.6944975196569625
2.6831299714462262
2.6698604247062647
2.6565908779663028
2.6433213312263417
2.6300517844863798
2.6167822377464187
2.6035126910064568
2.5902431442664953
2.5769735975265333
2.563704050786572
2.5504345040466103
2.535851910521466
2.5212693169963205
2.5066867234711756
2.4921041299460303
2.477521536420886
2.462938942895741
2.448356349370596
2.4337737558454506
2.4191911623203057
2.4046085687951604
2.3894998964376946
2.3743386161969964
2.359177335956298
2.3440160557156
2.328854775474902
2.313693495234203
2.2985322149935055
2.2833709347528073
2.2682096545121087
2.2530483742714105
2.237795718648085
2.222522757384175
2.2072497961202657
2.191976834856356
2.176703873592446
2.1614309123285365
2.146157951064627
2.130884989800718
2.115612028536808
2.1003390672728983
2.085229873780439
2.0701820932022743
2.055134312624109
2.040086532045944
2.0250387514677786
2.0099909708896133
1.994943190311448
1.9798954097332826
1.9648476291551178
1.9497998485769525
1.935037819772903
1.9204390776969193
1.905840335620936
1.8912415935449527
1.8766428514689688
1.8620441093929854
1.8474453673170017
1.8328466252410185
1.8182478831650348
1.8036491410890514
1.7893773095049879
1.7753779033308572
1.761378497156727
1.7473790909825966
1.7333796848084662
1.7193802786343357
1.7053808724602053
1.6913814662860747
1.6773820601119442
1.6633826539378138
1.6497138444644444
1.636441751031987
1.6231696575995296
1.6098975641670725
1.5966254707346152
1.5833533773021582
1.5700812838697007
1.5568091904372436
1.5435370970047864
1.530265003572329
1.5172754654270848
1.5047803990344621
1.4922853326418395
1.479790266249217
1.4672951998565944
1.454800133463972
1.4423050670713498
1.429810000678727
1.4173149342861042
1.4048198678934822
1.3925446535074344
1.3808557111389195
1.3691667687704043
1.3574778264018892
1.3457888840333738
1.334099941664859
1.3224109992963438
1.3107220569278286
1.2990331145593135
1.287344172190799
1.2758027326990289
1.264925056152611
1.2540473796061935
1.243169703059776
1.2322920265133581
1.2214143499669405
1.2105366734205227
1.1996589968741052
1.1887813203276876
1.17790364378127
1.1670986072027445
1.1570199703031379
1.146941333403531
1.1368626965039241
1.1267840596043175
1.1167054227047106
1.106626785805104
1.0965481489054971
1.0864695120058903
1.0763908751062834
1.0663122382066768
1.0570080299433222
1.0477038216799672
1.0383996134166122
1.0290954051532573
1.0197911968899023
1.010486988626547
1.0011827803631923
0.9918785720998372
0.9825743638364822
0.9732701555731271
0.9646399623116445
0.9560771705503495
0.9475143787890541
0.9389515870277585
0.9303887952664631
0.9218260035051676
0.9132632117438721
0.9047004199825768
0.8961376282212813
0.8875748364599858
0.8795871091566526
0.8717271739550887
0.8638672387535252
0.8560073035519613
0.8481473683503973
0.8402874331488335
0.8324274979472694
0.8245675627457056
0.8167076275441417
0.8088476923425778
0.801468548636119
0.7942697017403249
0.7870708548445305
0.7798720079487365
0.7726731610529423
0.7654743141571478
0.7582754672613536
0.7510766203655593
0.743877773469765
0.7366789265739707
0.7298817863521749
0.7233141928012353
0.7167465992502958
0.7101790056993562
0.7036114121484169
0.6970438185974774
0.6904762250465379
0.6839086314955983
0.6773410379446588
0.6707734443937193
0.6645110196300199
0.6585029021890204
0.652494784748021
0.6464866673070216
0.6404785498660226
0.6344704324250231
0.6284623149840237
0.6224541975430243
0.616446080102025
0.6104379626610256
0.6046745741462948
0.5992048603430865
0.593735146539878
0.5882654327366696
0.5827957189334613
0.5773260051302531
0.5718562913270447
0.5663865775238364
0.560916863720628
0.5554471499174196
0.5501528603060671
0.5451655630304626
0.5401782657548581
0.5351909684792535
0.530203671203649
0.5252163739280444
0.5202290766524401
0.5152417793768356
0.510254482101231
0.5052671848256265
0.500402831816553
0.49586633018489534
0.49132982855323776
0.48679332692158006
0.48225682528992253
0.4777203236582649
0.47318382202660736
0.4686473203949499
0.4641108187632923
0.4595743171316347
0.45511288261910327
0.4509892501426396
0.44686561766617583
0.4427419851897122
0.43861835271324845
0.4344947202367848
0.43037108776032107
0.42624745528385743
0.4221238228073939
0.4180001903309302
0.41391090205789033
0.41016505581908885
0.4064192095802873
0.40267336334148573
0.39892751710268426
0.3951816708638827
0.39143582462508114
0.3876899783862796
0.3839441321474781
0.3801982859086767
0.3764524396698752
0.37305145877463464
0.3696504778793942
0.36624949698415366
0.3628485160889131
0.3594475351936726
0.3560465542984321
0.3526455734031916
0.34924459250795103
0.34584361161271054
0.3424426307174702
0.33932735024690214
0.3362406398188013
0.33315392939070043
0.33006721896259955
0.3269805085344987
0.3238937981063979
0.320807087678297
0.3177203772501962
0.3146336668220953
0.31154695639399466
0.30869695676729475
0.3058995595409061
0.3031021623145175
0.30030476508812887
0.29750736786174026
0.29470997063535165
0.29191257340896304
0.28911517618257443
0.2863177789561858
0.2835203817297972
0.2809094951591414
0.2783685500843853
0.27582760500962916
0.273286659934873
0.2707457148601169
0.2682047697853608
0.2656638247106046
0.2631228796358485
0.26058193456109235
0.25804098948633625
0.25565032209929633
0.2533455276766658
0.2510407332540351
0.2487359388314045
0.24643114440877378
0.24412634998614313
0.24182155556351248
0.23951676114088183
0.23721196671825115
0.2349071722956205
0.23271928158677382
0.2306288106394138
0.22853833969205384
0.22644786874469378
0.2243573977973337
0.22226692684997368
0.22017645590261364
0.21808598495525358
0.21599551400789352
0.21390504306053348
0.21190487564445412
0.21001307246591158
0.20812126928736907
0.20622946610882653
0.20433766293028405
0.2024458597517415
0.200554056573199
0.19866225339465649
0.1967704502161141
0.1948786470375716
0.19304898789516228
0.19132808081598604
0.1896071737368098
0.1878862666576336
0.18616535957845737
0.18444445249928113
0.18272354542010488
0.18100263834092867
0.17928173126175243
0.1775608241825762
0.17588349184028126
0.17432235879633642
0.1727612257523916
0.17120009270844677
0.16963895966450193
0.1680778266205571
0.16651669357661225
0.1649555605326674
0.1633944274887226
0.16183329444477776
0.16029847128020702
0.15888204257281896
0.15746561386543095
0.15604918515804295
0.15463275645065488
0.15321632774326688
0.15179989903587884
0.1503834703284908
0.14896704162110277
0.14755061291371474
0.14614629415469585
0.1448630748793682
0.14357985560404057
0.14229663632871295
0.14101341705338533
0.13973019777805767
0.13844697850273005
0.13716375922740243
0.13588053995207477
0.13459732067674715
0.13331410140141953
0.1321469829804868
0.13097986455955415
0.1298127461386214
0.12864562771768867
0.12747850929675594
0.1263113908758232
0.12514427245489046
0.12397715403395772
0.12281003561302498
0.12164291719209223
0.1205735239841109
0.11951390329742471
0.11845428261073855
0.11739466192405235
0.11633504123736615
0.11527542055067999
0.1142157998639938
0.11315617917730761
0.11209655849062143
0.11103693780393524
0.11005690890537054
0.10909456707083279
0.10813222523629513
0.10716988340175743
0.10620754156721968
0.10524519973268195
0.10428285789814422
0.1033205160636065
0.10235817422906876
0.10139583239453102
0.10049759906398813
0.09962340642244333
0.0987492137808985
0.09787502113935369
0.09700082849780887
0.09612663585626406
0.09525244321471923
0.09437825057317442
0.09350405793162961
0.0926298652900848
0.09180638028833706
0.09101187108075906
0.09021736187318107
0.08942285266560307
0.08862834345802514
0.08783383425044715
0.08703932504286915
0.08624481583529117
0.08545030662771316
0.08465579742013517
0.08390075260378875
0.0831785947801353
0.08245643695648186
0.08173427913282841
0.08101212130917496
0.08028996348552152
0.07956780566186807
0.07884564783821463
0.07812349001456118
0.07740133219090772
0.07670889940984027
0.07605213667987598
0.07539537394991169
0.07473861121994742
0.07408184848998313
0.07342508576001885
0.07276832303005464
0.07211156030009035
0.07145479757012606
0.07079803484016178
0.07016280958857837
0.06956527492416154
0.0689677402597447
0.06837020559532786
0.06777267093091102
0.06717513626649418
0.06657760160207733
0.0659800669376605
0.06538253227324366
0.06478499760882682
0.064202189278125
0.0636586511706633
0.06311511306320158
0.06257157495573987
0.06202803684827815
0.061484498740816435
0.06094096063335472
0.060397422525893
0.05985388441843134
0.059310346310969625
0.058775613176985694
0.05828050242365177
0.05778539167031785
0.05729028091698393
0.05679517016365
0.056300059410316086
0.05580494865698216
0.05530983790364825
0.054814727150314324
0.054319616396980394
0.05382851241285302
0.05337747612079111
0.05292643982872921
0.052475403536667284
0.05202436724460538
0.051573330952543475
0.051122294660481564
0.05067125836841965
0.05022022207635774
0.049769185784295865
0.04931814949223396
0.04890727876290558
0.0484964080335772
0.04808553730424881
0.04767466657492042
0.04726379584559204
0.046852925116263655
0.04644205438693527
0.04603118365760689
0.045620312928278506
0.04520944219895012
0.04483160132916488
0.044457063445333955
0.044082525561503036
0.04370798767767212
0.04333344979384118
0.042958911910010264
0.042584374026179345
0.042209836142348425
0.041835298258517506
0.04146076037468658
0.04111310784460673
0.04077142983758264
0.040429751830558545
0.04008807382353446
0.03974639581651036
0.03940471780948627
0.039063039802462174
0.038721361795438086
0.03837968378841399
0.0380380057813899
0.03771825866124438
0.03740673562367834
0.03709521258611231
0.03678368954854626
0.03647216651098022
0.036160643473414175
0.035849120435848134
0.03553759739828209
0.03522607436071605
0.03491455132315
0.034620263989713844
0.034335825630066194
0.03405138727041856
0.03376694891077091
0.03348251055112325
0.033198072191475594
0.03291363383182794
0.03262919547218029
0.03234475711253263
0.032060318752884974
0.03178935061522651
0.03152960766255902
0.03126986470989153
0.031010121757224042
0.030750378804556555
0.030490635851889065
0.030230892899221578
0.029971149946554095
0.029711406993886608
0.029451664041219114
0.029202269422064147
0.028965292803124192
0.02872831618418424
0.02849133956524431
0.02825436294630436
0.028017386327364405
0.02778040970842445
0.027543433089484502
0.027306456470544548
0.0270694798516046
0.0268398238776986
0.026622979032602023
0.026406134187505446
0.026189289342408877
0.0259724444973123
0.025755599652215723
0.025538754807119146
0.025321909962022573
0.025105065116926
0.024888220271829423
0.024676437241941813
0.02447815238594478
0.024279867529947742
0.024081582673950712
0.023883297817953675
0.02368501296195666
0.023486728105959625
0.02328844324996259
0.023090158393965554
0.022891873537968524
0.022696659777645862
0.022515265947857875
0.022333872118069895
0.022152478288281915
0.021971084458493932
0.021789690628705956
0.021608296798917973
0.021426902969129993
0.021245509139342013
0.02106411530955403
0.02088414059793504
0.020718357068005996
0.020552573538076952
0.020386790008147904
0.02022100647821886
0.020055222948289816
0.019889439418360768
0.019723655888431738
0.019557872358502693
0.01939208882857365
0.0192263052986446
0.019074359930400693
0.018922414562156785
0.018770469193912873
0.01861852382566896
0.018466578457425054
0.018314633089181145
0.018162687720937237
0.018010742352693326
0.017858796984449418
0.01770685161620551
0.017566538194486524
0.01742738796742003
0.01728823774035354
0.017149087513287045
0.01700993728622055
0.01687078705915406
0.016731636832087567
0.01659248660502107
0.01645333637795459
0.0163141861508881
0.016184554211238336
0.016057037446570072
0.015929520681901805
0.01580200391723354
0.015674487152565274
0.01554697038789701
0.015419453623228746
0.015291936858560479
0.015164420093892213
0.01503690332922395
0.014917103461349956
0.014800197429773817
0.014683291398197677
0.014566385366621538
0.014449479335045399
0.014332573303469261
0.01421566727189312
0.014098761240316983
0.013981855208740844
0.013864949177164715
0.01375405588205944
0.013646598436366094
0.013539140990672743
0.013431683544979395
0.013324226099286048
0.013216768653592698
0.01310931120789935
0.013001853762206002
0.012894396316512655
0.012786938870819307
0.012684500977783975
0.01258624604529699
0.012487991112810006
0.012389736180323022
0.01229148124783604
0.012193226315349054
0.012094971382862071
0.011996716450375085
0.011898461517888103
0.011800206585401119
0.01170562216152089
0.011615442347968772
0.011525262534416646
0.01143508272086452
0.011344902907312392
0.011254723093760268
0.01116454328020814
0.011074363466656016
0.010984183653103888
0.010894003839551763
0.010806495163035602
0.01072366097633238
0.010640826789629156
0.010557992602925937
0.010475158416222714
0.010392324229519492
0.010309490042816269
0.010226655856113048
0.010143821669409825
0.010060987482706604
0.009980003695036087
0.009903954304786125
0.009827904914536162
0.009751855524286205
0.009675806134036243
0.00959975674378628
0.009523707353536318
0.009447657963286353
0.009371608573036391
0.009295559182786428
0.009220630590039927
0.009150745586059007
0.009080860582078088
0.009010975578097168
0.008941090574116252
0.008871205570135331
0.008801320566154413
0.008731435562173494
0.008661550558192574
0.008591665554211656
0.00852229110219957
0.008458022169875802
0.008393753237552036
0.008329484305228268
0.008265215372904509
0.00820094644058074
0.008136677508256973
0.008072408575933207
0.00800813964360944
0.007943870711285673
0.007879601778961905
0.007820486097183423
0.007761370415404938
0.007702254733626453
0.0076431390518479705
0.007584023370069488
0.007524907688291003
0.0074657920065125186
0.007406676324734036
0.007347560642955551
0.0072884449611770675
0.007233664307055057
0.007179317155698691
0.007124970004342327
0.007070622852985963
0.007016275701629598
0.0069619285502732385
0.006907581398916874
0.00685323424756051
0.006798887096204145
0.006744539944847776
0.006693732809076657
0.006643712343435594
0.00659369187779453
0.006543671412153467
0.006493650946512403
0.006443630480871339
0.006393610015230285
0.006343589549589221
0.006293569083948157
0.006243548618307093
0.006196383815029254
0.006150289885137623
0.006104195955245992
0.006058102025354362
0.006012008095462731
0.0059659141655710995
0.00591982023567947
0.005873726305787839
0.0058276323758962075
0.005781538446004577
0.005737785535983852
0.005695370351603645
0.005652955167223436
0.005610539982843228
0.005568124798463021
0.005525709614082813
0.005483294429702606
0.005440879245322397
0.00539846406094219
0.005356048876561982
0.005315213446208084
0.005275694477542778
0.005236175508877472
0.005196656540212166
0.005157137571546859
0.005117618602881553
0.005078099634216246
0.005038580665550941
0.004999061696885634
0.004959542728220328
0.004921626108265553
0.004885632306763417
0.004849638505261281
0.004813644703759144
0.004777650902257008
0.004741657100754871
0.004705663299252736
0.004669669497750599
0.004633675696248463
0.004597681894746333
0.004562713982517765
0.004529541376517945
0.004496368770518124
0.004463196164518303
0.004430023558518481
0.00439685095251866
0.004363678346518839
0.004330505740519018
0.0042973331345191965
0.004264160528519375
0.0042316883130203995
0.0042010838055236786
0.0041704792980269585
0.004139874790530238
0.004109270283033518
0.004078665775536797
0.004048061268040076
0.004017456760543356
0.003986852253046635
0.003956247745549914
0.003926071474425583
0.0038978222669770034
0.0038695730595284246
0.003841323852079845
0.0038130746446312664
0.0037848254371826867
0.0037565762297341074
0.003728327022285528
0.003700077814836949
0.00367182860738837
0.0036437760233834966
0.003617689673815686
0.0035916033242478747
0.0035655169746800636
0.0035394306251122524
0.0035133442755444413
0.00348725792597663
0.003461171576408819
0.003435085226841008
0.0034089988772731967
0.0033829125277053855
0.003358829568966087
0.0033347466102267888
0.003310663651487494
0.003286580692748196
0.0032624977340088976
0.0032384147752695987
0.0032143318165303004
0.003190248857791002
0.003166165899051703
0.003142082940312405
0.0031196661286240048
0.0030974159316406943
0.003075165734657384
0.0030529155376740735
0.003030665340690764
0.0030084151437074534
0.002986164946724143
0.002963914749740833
0.0029416645527575226
0.0029194143557742126
0.0028984860495391003
0.002877851496803587
0.002857216944068074
0.002836582391332561
0.0028159478385970478
0.0027953132858615348
0.0027746787331260217
0.0027540441803905087
0.002733409627654996
0.0027127750749194827
0.002693324499085942
0.00267431791459064
0.002655311330095339
0.0026363047456000373
0.002617298161104736
0.0025982915766094346
0.002579284992114133
0.0025602784076188315
0.00254127182312353
0.002522265238628229
0.0025041643551927902
0.0024865810152201306
0.002468997675247471
0.002451414335274811
0.002433830995302151
0.0024162476553294945
0.002398664315356835
0.002381080975384175
0.0023634976354115155
0.0023459142954388554
0.002329047577761516
0.0023127780453302757
0.0022965085128990362
0.0022802389804677963
0.002263969448036557
0.002247699915605317
0.0022314303831740775
0.0022151608507428376
0.0021988913183115977
0.0021826217858803582
0.002166903996376234
0.0021518482983846486
0.0021367926003930636
0.0021217369024014786
0.0021066812044098935
0.002091625506418308
0.0020765698084267235
0.002061514110435138
0.002046458412443553
0.002031402714451968
0.002016751669152381
0.0020028087660637905
0.0019888658629752002
0.00197492295988661
0.0019609800567980196
0.0019470371537094297
0.0019330942506208394
0.001919151347532249
0.0019052084444436588
0.0018912655413550685
0.0018775908244549108
0.0018646312707239073
0.0018516717169929037
0.0018387121632619
0.0018257526095308966
0.001812793055799893
0.0017998335020688893
0.0017868739483378857
0.0017739143946068822
0.001760954840875881
0.0017481705889409226
0.0017361751950881682
0.0017241798012354137
0.0017121844073826591
0.0017001890135299048
0.0016881936196771505
0.001676198225824396
0.0016642028319716418
0.0016522074381188872
0.0016402120442661327
0.001628297655455726
0.0016171933170688003
0.0016060889786818748
0.0015949846402949488
0.0015838803019080233
0.0015727759635210973
0.0015616716251341716
0.0015505672867472458
0.00153946294836032
0.0015283586099733943
0.0015172542715864686
