0.15232349896706382
0.15207370129360512
0.15182390362014644
0.15157410594668777
0.15132430827322907
0.1510745105997704
0.1508247129263117
0.150574915252853
0.15032511757939432
0.15007531990593564
0.14982552223247694
0.1510346359002086
0.1523896407020593
0.15374464550390998
0.15509965030576067
0.15645465510761136
0.15780965990946205
0.15916466471131274
0.16051966951316346
0.16187467431501415
0.1632296791168648
0.16586193010533684
0.16877801357972466
0.17169409705411254
0.1746101805285004
0.17752626400288823
0.1804423474772761
0.18335843095166393
0.1862745144260518
0.18919059790043968
0.1921066813748275
0.1955653790281845
0.19922755699865496
0.20288973496912538
0.20655191293959582
0.21021409091006626
0.21387626888053668
0.21753844685100712
0.22120062482147756
0.224862802791948
0.22852498076241842
0.23216340712889555
0.2357882611502337
0.23941311517157177
0.24303796919290988
0.24666282321424798
0.2502876772355861
0.2539125312569242
0.2575373852782623
0.2611622392996004
0.2647870933209385
0.26812311819224655
0.2712184521051963
0.274313786018146
0.2774091199310957
0.2805044538440454
0.28359978775699507
0.28669512166994476
0.28979045558289446
0.29288578949584415
0.29598112340879384
0.2987343263191708
0.30107697202646055
0.30341961773375026
0.30576226344103996
0.30810490914832966
0.31044755485561937
0.312790200562909
0.3151328462701987
0.3174754919774885
0.3198181376847781
0.32187119293051136
0.3234174648685206
0.3249637368065299
0.32651000874453917
0.3280562806825485
0.32960255262055776
0.33114882455856703
0.33269509649657636
0.33424136843458563
0.3357876403725949
0.33713208883278223
0.3379383413521108
0.33874459387143946
0.33955084639076805
0.3403570989100967
0.34116335142942533
0.3419696039487539
0.34277585646808256
0.3435821089874112
0.3443883615067398
0.34507863298458524
0.34524698977575613
0.34541534656692713
0.345583703358098
0.34575206014926896
0.3459204169404399
0.34608877373161084
0.3462571305227818
0.3464254873139527
0.34659384410512367
0.34671474795881163
0.34636112243767
0.34600749691652827
0.34565387139538667
0.345300245874245
0.34494662035310336
0.3445929948319617
0.34423936931082005
0.3438857437896784
0.34353211826853675
0.3431784927473951
0.34241530426244904
0.34165211577750304
0.340888927292557
0.34012573880761093
0.33936255032266494
0.3385993618377189
0.33783617335277283
0.3370729848678268
0.3363097963828808
0.3355466078979347
0.33449393940041167
0.333412322901631
0.33233070640285023
0.3312490899040695
0.33016747340528874
0.32908585690650805
0.32800424040772735
0.3269226239089466
0.3258410074101659
0.32475939091138517
0.3234998379845918
0.3222007436293512
0.32090164927411063
0.31960255491887
0.3183034605636294
0.3170043662083888
0.3157052718531482
0.3144061774979076
0.313107083142667
0.3118079887874264
0.31040336826008225
0.3089591754181992
0.30751498257631615
0.30607078973443314
0.30462659689255006
0.30318240405066704
0.30173821120878397
0.30029401836690095
0.298849825525018
0.2974056326831349
0.2959028288004947
0.2943665328945645
0.2928302369886344
0.2912939410827043
0.28975764517677416
0.28822134927084403
0.2866850533649139
0.28514875745898377
0.28361246155305364
0.28207616564712357
0.2805135673658017
0.27892905043831995
0.27734453351083826
0.2757600165833565
0.27417549965587484
0.27259098272839316
0.2710064658009115
0.26942194887342974
0.26783743194594806
0.2662529150184663
0.26466490101334605
0.2630726905150594
0.26148048001677265
0.25988826951848604
0.25829605902019936
0.2567038485219127
0.255111638023626
0.25351942752533935
0.2519272170270527
0.250335006528766
0.24874917963728038
0.24717452405769666
0.24559986847811288
0.24402521289852916
0.2424505573189454
0.24087590173936166
0.23930124615977794
0.23772659058019419
0.23615193500061038
0.2345772794210267
0.23301300281881274
0.23147640348958493
0.22993980416035711
0.2284032048311293
0.2268666055019014
0.22533000617267362
0.22379340684344579
0.22225680751421795
0.2207202081849901
0.21918360885576235
0.21765662308691153
0.2161728983397572
0.21468917359260287
0.21320544884544854
0.21172172409829415
0.21023799935113985
0.20875427460398555
0.2072705498568312
0.20578682510967683
0.20430310036252253
0.2028251164549744
0.20140454094348736
0.1999839654320003
0.1985633899205133
0.1971428144090263
0.19572223889753926
0.19430166338605223
0.1928810878745652
0.1914605123630782
0.19003993685159118
0.18861936134010415
0.18726868977444533
0.18591801820878645
0.18456734664312752
0.18321667507746864
0.18186600351180976
0.18051533194615088
0.179164660380492
0.17781398881483307
0.1764633172491742
0.1751126456835153
0.17383325470643335
0.17256099178820913
0.17128872886998486
0.17001646595176056
0.16874420303353632
0.16747194011531202
0.16619967719708775
0.16492741427886348
0.1636551513606392
0.1623828884424149
0.16116814656743075
0.1599661871464999
0.15876422772556914
0.15756226830463832
0.1563603088837075
0.15515834946277668
0.15395639004184586
0.15275443062091504
0.1515524711999842
0.15035051177905337
0.14920520150027214
0.14808113464979697
0.1469570677993218
0.14583300094884666
0.1447089340983715
0.14358486724789632
0.14246080039742115
0.14133673354694598
0.1402126666964708
0.13908859984599564
0.13801014295884936
0.136957748907891
0.13590535485693267
0.1348529608059743
0.133800566755016
0.13274817270405764
0.1316957786530993
0.13064338460214095
0.1295909905511826
0.12853859650022426
0.1275255812396456
0.12654538163771673
0.12556518203578784
0.12458498243385893
0.1236047828319301
0.12262458323000122
0.12164438362807234
0.12066418402614343
0.11968398442421455
0.11870378482228566
0.117755141598654
0.11684436602897895
0.11593359045930392
0.1150228148896289
0.11411203931995387
0.11320126375027889
0.11229048818060386
0.11137971261092883
0.1104689370412538
0.10955816147157876
0.10867146298916555
0.10782689940946054
0.10698233582975551
0.10613777225005049
0.10529320867034545
0.10444864509064043
0.10360408151093545
0.10275951793123042
0.1019149543515254
0.10107039077182037
0.10024294112119679
0.09946112861479046
0.09867931610838414
0.0978975036019778
0.09711569109557146
0.09633387858916513
0.09555206608275879
0.09477025357635249
0.09398844106994615
0.09320662856353981
0.09243556746164208
0.09171288768003294
0.0909902078984238
0.09026752811681468
0.08954484833520554
0.08882216855359643
0.08809948877198728
0.08737680899037817
0.08665412920876905
0.08593144942715994
0.08521390612117294
0.08454772757140733
0.0838815490216417
0.08321537047187608
0.08254919192211045
0.08188301337234483
0.08121683482257921
0.08055065627281358
0.07988447772304796
0.07921829917328237
0.07855212062351674
0.07793667999168014
0.07732123935984354
0.07670579872800695
0.07609035809617035
0.07547491746433375
0.07485947683249715
0.07424403620066056
0.07362859556882395
0.07301315493698735
0.07239771430515078
0.07182618937428498
0.07125905601351623
0.0706919226527475
0.07012478929197877
0.06955765593121002
0.06899052257044129
0.06842338920967256
0.06785625584890381
0.06728912248813508
0.06672198912736636
0.06619172326341775
0.06566965017654028
0.0651475770896628
0.06462550400278533
0.06410343091590785
0.06358135782903038
0.06305928474215289
0.06253721165527541
0.06201513856839793
0.06149306548152046
0.06100108267931868
0.060520383733870274
0.06003968478842186
0.05955898584297344
0.059078286897525034
0.05859758795207662
0.0581168890066282
0.05763619006117979
0.05715549111573138
0.05667479217028296
0.05621858411791453
0.05577637086159181
0.055334157605269066
0.05489194434894634
0.05444973109262359
0.05400751783630086
0.05356530457997812
0.053123091323655384
0.05268087806733265
0.052238664811009916
0.05181669511177417
0.05141159504344425
0.05100649497511434
0.050601394906784426
0.0501962948384545
0.04979119477012457
0.049386094701794656
0.04898099463346474
0.048575894565134815
0.04817079449680489
0.04777974493315081
0.04740555597510775
0.04703136701706468
0.04665717805902161
0.04628298910097854
0.04590880014293548
0.04553461118489241
0.04516042222684934
0.044786233268806305
0.044412044310763246
0.04404885662695894
0.04370492117307247
0.04336098571918599
0.04301705026529953
0.04267311481141307
0.0423291793575266
0.041985243903640126
0.04164130844975366
0.0412973729958672
0.040953437541980726
0.040617097035272665
0.04030100972104034
0.03998492240680802
0.03966883509257568
0.03935274777834336
0.03903666046411103
0.03872057314987871
0.03840448583564639
0.03808839852141405
0.037772311207181726
0.037461004561947744
0.037171210927206086
0.03688141729246444
0.03659162365772279
0.03630183002298114
0.03601203638823949
0.03572224275349784
0.03543244911875619
0.035142655484014546
0.034852861849272894
0.03456513380500992
0.03429806166553371
0.0340309895260575
0.0337639173865813
0.03349684524710509
0.03322977310762888
0.032962700968152674
0.032695628828676465
0.032428556689200264
0.032161484549724055
0.03189441241024785
0.031648955823267086
0.031403499236286346
0.031158042649305585
0.030912586062324828
0.030667129475344067
0.030421672888363307
0.030176216301382546
0.029930759714401785
0.02968530312742103
0.029439846540440268
0.029212447642933088
0.028986854514373266
0.028761261385813447
0.02853566825725363
0.028310075128693806
0.02808448200013399
0.02785888887157417
0.027633295743014347
0.027407702614454528
0.02718210948589471
0.026971408401755218
0.026764016660820244
0.026556624919885287
0.02634923317895032
0.02614184143801534
0.025934449697080364
0.02572705795614539
0.02551966621521042
0.025312274474275444
0.02510488273334047
0.024909665035342764
0.024719012603446534
0.024528360171550304
0.024337707739654074
0.024147055307757844
0.023956402875861614
0.023765750443965387
0.023575098012069157
0.023384445580172927
0.023193793148276697
0.023012879340660968
0.02283753046120552
0.022662181581750075
0.022486832702294634
0.0223114838228392
0.022136134943383762
0.021960786063928314
0.021785437184472872
0.021610088305017424
0.02143473942556198
0.021267075490564287
0.021105815675948048
0.020944555861331815
0.02078329604671558
0.020622036232099343
0.02046077641748311
0.02029951660286687
0.020138256788250635
0.0199769969736344
0.019815737159018163
0.01966034181650661
0.01951198384052067
0.019363625864534734
0.019215267888548795
0.019066909912562855
0.01891855193657692
0.018770193960590993
0.018621835984605057
0.018473478008619117
0.018325120032633178
0.018181053484494177
0.018044496935087317
0.01790794038568045
0.01777138383627359
0.017634827286866724
0.017498270737459864
0.017361714188053
0.017225157638646137
0.017088601089239274
0.016952044539832414
0.01681845596392067
0.01669278198399591
0.01656710800407115
0.016441434024146388
0.01631576004422163
0.016190086064296873
0.01606441208437211
0.01593873810444735
0.015813064124522602
0.015687390144597843
0.01556352612422105
0.015447806921810109
0.01533208771939917
0.015216368516988231
0.015100649314577289
0.014984930112166351
0.01486921090975541
0.014753491707344472
0.014637772504933533
0.014522053302522592
0.014407164236016684
0.014300576528561072
0.014193988821105463
0.01408740111364985
0.01398081340619424
0.01387422569873863
0.013767637991283018
0.013661050283827407
0.013554462576371797
0.013447874868916194
0.013341287161460585
0.01324308223476241
0.013144877308064238
0.013046672381366062
0.012948467454667888
0.012850262527969716
0.012752057601271542
0.01265385267457337
0.012555647747875194
0.01245744282117702
0.012359237894478846
0.01226802707754211
0.012177515671581516
0.012087004265620926
0.011996492859660333
0.01190598145369974
0.011815470047739147
0.011724958641778558
0.011634447235817965
0.011543935829857372
0.011453424423896779
0.011368663860791058
0.011285181262764185
0.011201698664737313
0.011118216066710441
0.011034733468683569
0.010951250870656697
0.010867768272629825
0.010784285674602953
0.01070080307657608
0.010617320478549208
0.010538581242973471
0.010461620768316908
0.010384660293660346
0.010307699819003783
0.010230739344347222
0.01015377886969066
0.010076818395034097
0.009999857920377535
0.009922897445720972
0.00984593697106441
0.009772767803694654
0.009701765097631642
0.009630762391568636
0.009559759685505625
0.009488756979442615
0.0094177542733796
0.00934675156731659
0.00927574886125358
0.009204746155190567
0.009133743449127554
0.009065725015541684
0.009000193475686764
0.008934661935831843
0.008869130395976924
0.008803598856122004
0.008738067316267084
0.008672535776412162
0.008607004236557242
0.008541472696702322
0.008475941156847402
0.008412681545034467
0.008352148246871917
0.008291614948709366
0.008231081650546822
0.00817054835238427
0.008110015054221719
0.008049481756059169
0.007988948457896619
0.00792841515973407
0.007867881861571517
0.007809044050981285
0.007753173343642613
0.007697302636303939
0.0076414319289652664
0.007585561221626592
0.007529690514287918
0.007473819806949245
0.007417949099610571
0.0073620783922718975
0.007306207684933224
0.007251538197078993
0.007200071961183278
0.0071486057252875615
0.007097139489391844
0.007045673253496127
0.0069942070176004165
0.0069427407817047
0.006891274545808984
0.006839808309913268
0.006788342074017552
0.006737556322247533
0.00668983274904315
0.00664210917583877
0.006594385602634388
0.006546662029430006
0.006498938456225625
0.006451214883021244
0.006403491309816862
0.006355767736612481
0.006308044163408099
0.006260648160373481
0.0062165278590365
0.006172407557699518
0.006128287256362537
0.0060841669550255545
0.006040046653688572
0.005995926352351591
0.005951806051014613
0.005907685749677632
0.0058635654483406505
0.005819445147003668
0.005778640623273542
0.005737836099543416
0.005697031575813289
0.005656227052083163
0.005615422528353037
0.0055746180046229105
0.005533813480892784
0.005493008957162658
0.005452204433432532
0.005411399909702406
0.005373371337518348
0.005335620360488898
0.005297869383459449
0.005260118406429998
0.005222367429400548
0.005184616452371099
0.0051468654753416485
0.005109114498312199
0.005071363521282753
0.005033612544253303
0.004998164493327092
0.004963228203757158
0.004928291914187222
0.004893355624617288
0.004858419335047352
0.004823483045477418
0.004788546755907484
0.004753610466337548
0.0047186741767676135
0.0046837378871976785
0.0046506860981363266
0.004618340996765694
0.00458599589539506
0.004553650794024427
0.0045213056926537935
0.00448896059128316
0.004456615489912528
0.004424270388541894
0.004391925287171261
0.00435958018580063
0.004328692538742853
0.004298637722720992
0.00426858290669913
0.004238528090677269
0.0042084732746554086
0.004178418458633547
0.004148363642611686
0.004118308826589825
0.0040882540105679635
0.0040581991945461025
0.004029410023186714
0.0040016755557127194
0.003973941088238724
0.00394620662076473
0.003918472153290735
0.0038907376858167402
0.003863003218342746
0.003835268750868751
0.0038075342833947565
0.003779799815920762
0.003752988346621653
0.003727284475132409
0.0037015806036431627
0.0036758767321539163
0.00365017286066467
0.0036244689891754235
0.0035987651176861775
0.003573061246196931
0.003547357374707685
0.0035216535032184387
0.0034966314709048867
0.003472802657148801
0.0034489738433927156
0.00342514502963663
0.0034013162158805445
0.003377487402124459
0.003353658588368373
0.0033298297746122874
0.003306000960856202
0.0032821721471001162
0.003258815732482135
0.003236719048899101
0.003214622365316066
0.0031925256817330327
0.0031704289981499983
0.003148332314566963
0.003126235630983929
0.003104138947400894
0.003082042263817859
0.0030599455802348243
0.0030381394769669603
0.0030176409851173673
0.0029971424932677742
0.0029766440014181808
0.002956145509568588
0.0029356470177189942
0.002915148525869401
0.002894650034019808
0.0028741515421702147
0.0028536530503206216
0.002833288791085378
0.0028142668579936247
0.002795244924901872
0.0027762229918101185
0.0027572010587183673
0.002738179125626614
0.002719157192534861
0.002700135259443108
0.002681113326351355
0.0026620913932596016
0.0026430694601678488
0.002625413221209671
0.002607756982251493
0.0025901007432933155
0.002572444504335138
0.00255478826537696
0.002537132026418782
0.0025194757874606047
0.0025018195485024264
0.002484163309544249
0.002466507070586071
0.00244999757893415
0.0024336027620128543
0.002417207945091559
0.0024008131281702634
0.0023844183112489673
0.0023680234943276733
0.0023516286774063777
0.002335233860485082
0.002318839043563786
0.002302444226642489
0.0022870037685716175
0.0022717753902452846
0.0022565470119189517
0.002241318633592619
0.0022260902552662864
0.002210861876939953
0.002195633498613623
0.00218040512028729
0.002165176741960957
0.002149948363634624
0.0021355055470376047
0.002121357316089078
0.0021072090851405514
0.0020930608541920247
0.002078912623243498
0.002064764392294971
0.0020506161613464443
0.0020364679303979177
0.002022319699449391
0.0020081714685008644
0.0019946584215513497
0.0019815083368869843
0.0019683582522226186
0.0019552081675582537
0.0019420580828938883
0.001928907998229523
0.0019157579135651577
0.0019026078289007924
0.001889457744236427
0.001876307659572062
0.0018635843146340718
0.0018512165861347277
0.0018388488576353836
0.0018264811291360398
0.001814113400636696
0.0018017456721373518
0.0017893779436380078
0.001777010215138664
0.0017646424866393198
0.0017522747581399758
0.0017403691660063292
0.0017290181375115197
0.0017176671090167104
0.0017063160805219006
0.001694965052027091
0.0016836140235322815
0.001672262995037472
0.0016609119665426627
0.001649560938047853
0.0016382099095530456
0.001627146345959905
0.0016165858459446852
0.0016060253459294653
0.0015954648459142453
0.0015849043458990256
0.0015743438458838055
0.001563783345868586
0.001553222845853366
0.001542662345838146
0.0015321018458229261
0.0015217411298985364
0.0015119131715496945
0.0015020852132008524
0.00149225725485201
0.0014824292965031679
0.0014726013381543258
0.0014627733798054836
0.0014529454214566415
0.0014431174631077991
0.0014332895047589572
0.0014235851231184356
0.0014144368366653564
0.0014052885502122774
0.0013961402637591982
0.0013869919773061195
0.0013778436908530403
0.001368695404399961
0.001359547117946882
0.0013503988314938031
0.0013412505450407241
0.0013321595282179172
0.0013236412076978324
0.0013151228871777477
0.001306604566657663
0.0012980862461375781
0.0012895679256174934
0.0012810496050974086
0.0012725312845773239
0.0012640129640572391
0.0012554946435371543
0.0012469763230170696
0.001239041945326577
0.0012311075676360841
0.0012231731899455926
0.0012152388122551
0.0012073044345646071
0.0011993700568741143
0.0011914356791836215
0.0011835013014931289
0.001175566923802636
0.0011676325461121432
0.0011601911814149541
0.0011527991180170956
0.0011454070546192368
0.001138014991221378
0.0011306229278235194
0.0011232308644256608
0.0011158388010278023
0.0011084467376299436
0.0011010546742320848
0.0010936626108342263
0.0010866818531165435
0.0010797924966611222
0.0010729031402057008
0.0010660137837502793
0.0010591244272948577
0.0010522350708394364
0.001045345714384015
0.0010384563579285935
0.001031567001473172
0.0010246776450177507
0.0010181279056803016
0.0010117055227620918
0.0010052831398438822
0.0009988607569256726
0.000992438374007463
0.0009860159910892532
0.0009795936081710436
0.0009731712252528341
0.0009667488423346244
0.0009603264594164147
0.0009541797748511622
0.0009481906322018849
0.0009422014895526078
0.0009362123469033305
0.0009302232042540533
0.0009242340616047772
0.0009182449189555
0.0009122557763062228
0.0009062666336569457
0.0009002774910076684
0.0008945080898658044
0.0008889218066467845
0.0008833355234277647
0.000877749240208745
0.0008721629569897252
0.0008665766737707054
0.0008609903905516857
0.0008554041073326659
0.0008498178241136461
0.0008442315408946264
0.0008388151863126772
0.000833602746095213
0.0008283903058777487
0.0008231778656602845
0.0008179654254428202
0.000812752985225356
0.0008075405450078917
0.0008023281047904276
0.0007971156645729632
0.000791903224355499
0.0007868172270666322
0.0007819525049028107
0.0007770877827389894
0.0007722230605751679
0.0007673583384113465
0.000762493616247525
0.0007576288940837035
0.0007527641719198823
0.0007478994497560607
0.0007430347275922393
0.0007382581793764268
0.0007337167616886374
0.0007291753440008483
0.0007246339263130589
0.0007200925086252698
0.0007155510909374807
0.0007110096732496913
0.0007064682555619022
0.000701926837874113
0.0006973854201863246
0.000692898430541646
0.000688656367090965
0.0006844143036402841
0.0006801722401896033
0.0006759301767389224
0.0006716881132882415
0.0006674460498375605
0.0006632039863868796
0.0006589619229361988
0.0006547198594855178
0.0006505032424039849
0.0006465410890139315
0.0006425789356238781
0.0006386167822338246
0.0006346546288437712
0.0006306924754537178
0.0006267303220636644
0.000622768168673611
0.0006188060152835576
0.0006148438618935042
0.0006108817085034508
