0.11856921053012794
0.12032510589445335
0.12208100125877876
0.12383689662310418
0.12559279198742956
0.127348687351755
0.12910458271608038
0.1308604780804058
0.1326163734447312
0.13437226880905662
0.13612816417338203
0.14419313462713387
0.15288901258982834
0.16158489055252284
0.17028076851521734
0.17897664647791178
0.18767252444060628
0.19636840240330072
0.20506428036599525
0.21376015832868972
0.2224560362913842
0.23656761589513658
0.2518826847524573
0.26719775360977804
0.28251282246709875
0.29782789132441956
0.31314296018174037
0.3284580290390611
0.3437730978963818
0.3590881667537026
0.37440323561102334
0.39195676768098064
0.4103497234556767
0.4287426792303728
0.4471356350050688
0.4655285907797649
0.48392154655446085
0.502314502329157
0.520707458103853
0.5391004138785491
0.557493369653245
0.5757116434210325
0.5938300988991578
0.6119485543772829
0.6300670098554082
0.6481854653335335
0.6663039208116587
0.684422376289784
0.7025408317679092
0.7206592872460345
0.7387777427241597
0.7556108687398563
0.7713728868701959
0.7871349050005353
0.8028969231308748
0.8186589412612144
0.8344209593915537
0.8501829775218932
0.8659449956522328
0.8817070137825722
0.8974690319129117
0.9117289997901444
0.924186507363649
0.9366440149371534
0.949101522510658
0.9615590300841625
0.9740165376576672
0.9864740452311717
0.9989315528046763
1.0113890603781808
1.0238465679516853
1.0350332604391126
1.0439960265259043
1.0529587926126962
1.0619215586994881
1.0708843247862798
1.0798470908730717
1.0888098569598637
1.0977726230466556
1.1067353891334473
1.1156981552202392
1.1237713760783208
1.1294724763265083
1.1351735765746958
1.1408746768228832
1.146575777071071
1.1522768773192582
1.157977977567446
1.1636790778156334
1.1693801780638209
1.1750812783120081
1.1802673120357496
1.1831355463994828
1.186003780763216
1.1888720151269494
1.1917402494906824
1.1946084838544155
1.197476718218149
1.2003449525818821
1.203213186945615
1.2060814213093485
1.2087366277780367
1.2092615552962758
1.2097864828145148
1.210311410332754
1.210836337850993
1.211361265369232
1.2118861928874711
1.2124111204057102
1.2129360479239493
1.2134609754421883
1.2139859029604274
1.212643844838228
1.2113017867160285
1.2099597285938288
1.2086176704716292
1.2072756123494297
1.20593355422723
1.2045914961050306
1.203249437982831
1.2019073798606317
1.2005653217384318
1.197916412310489
1.195136817751972
1.1923572231934547
1.1895776286349373
1.1867980340764201
1.184018439517903
1.181238844959386
1.1784592504008686
1.1756796558423517
1.1729000612838343
1.1692467750690894
1.1653993351529603
1.1615518952368316
1.1577044553207028
1.1538570154045735
1.1500095754884447
1.146162135572316
1.142314695656187
1.138467255740058
1.1346198158239291
1.1302199689778136
1.1256129695329533
1.121005970088093
1.1163989706432327
1.1117919711983724
1.107184971753512
1.1025779723086517
1.0979709728637914
1.093363973418931
1.0887569739740708
1.0838268054255222
1.0787119688177234
1.0735971322099243
1.0684822956021256
1.0633674589943265
1.0582526223865276
1.0531377857787287
1.0480229491709296
1.0429081125631308
1.0377932759553319
1.032511427019375
1.027090401143286
1.021669375267197
1.016248349391108
1.0108273235150194
1.0054062976389306
0.9999852717628418
0.994564245886753
0.989143220010664
0.9837221941345752
0.9782341767728554
0.9726657696283784
0.9670973624839012
0.9615289553394243
0.9559605481949471
0.9503921410504702
0.9448237339059932
0.939255326761516
0.933686919617039
0.9281185124725619
0.9225412471067873
0.9169484798537417
0.9113557126006959
0.9057629453476503
0.9001701780946046
0.894577410841559
0.8889846435885134
0.8833918763354678
0.877799109082422
0.8722063418293766
0.8666322414830958
0.861107919554855
0.8555835976266141
0.8500592756983731
0.8445349537701321
0.8390106318418913
0.8334863099136504
0.8279619879854094
0.8224376660571686
0.8169133441289279
0.811414293953004
0.8060289666625062
0.8006436393720086
0.7952583120815109
0.7898729847910131
0.7844876575005153
0.7791023302100177
0.77371700291952
0.7683316756290223
0.7629463483385246
0.7575782584061217
0.7523825420546655
0.747186825703209
0.7419911093517526
0.7367953930002964
0.73159967664884
0.7264039602973836
0.7212082439459273
0.7160125275944709
0.7108168112430145
0.7056210948915582
0.70064810710977
0.6956751193279815
0.6907021315461931
0.6857291437644046
0.6807561559826162
0.6757831682008277
0.6708101804190394
0.6658371926372509
0.6608642048554625
0.655891217073674
0.6511418688379049
0.6464148845567381
0.6416879002755711
0.636960915994404
0.6322339317132368
0.6275069474320698
0.6227799631509028
0.6180529788697356
0.6133259945885686
0.6085990103074015
0.604083347742473
0.5996146455589306
0.5951459433753887
0.5906772411918464
0.5862085390083043
0.581739836824762
0.5772711346412198
0.5728024324576776
0.5683337302741354
0.5638650280905931
0.5595882268444381
0.5553833884498033
0.5511785500551685
0.5469737116605338
0.5427688732658991
0.5385640348712641
0.5343591964766293
0.5301543580819945
0.5259495196873597
0.5217446812927249
0.5177078982856521
0.5137671469286147
0.5098263955715774
0.50588564421454
0.5019448928575028
0.49800414150046535
0.4940633901434279
0.4901226387863906
0.4861818874293532
0.48224113607231583
0.47844195532577366
0.47476075008797747
0.4710795448501813
0.4673983396123851
0.4637171343745891
0.4600359291367929
0.4563547238989967
0.45267351866120054
0.44899231342340434
0.44531110818560815
0.44174558819471826
0.43831889050011585
0.4348921928055134
0.43146549511091103
0.4280387974163086
0.4246120997217063
0.421185402027104
0.4177587043325016
0.41433200663789915
0.4109053089432968
0.40756550436367694
0.40437776273527665
0.4011900211068764
0.3980022794784761
0.3948145378500758
0.3916267962216756
0.38843905459327543
0.3852513129648752
0.38206357133647495
0.37887582970807465
0.3757517138428381
0.37279726667937163
0.36984281951590514
0.36688837235243865
0.36393392518897216
0.3609794780255056
0.35802503086203913
0.35507058369857275
0.3521161365351062
0.34916168937163977
0.34624673117163207
0.3435094733071893
0.34077221544274644
0.3380349575783036
0.3352976997138607
0.3325604418494179
0.32982318398497507
0.3270859261205322
0.3243486682560895
0.32161141039164665
0.3188929777091753
0.3163627968464191
0.313832615983663
0.31130243512090683
0.3087722542581507
0.3062420733953945
0.3037118925326383
0.30118171166988217
0.298651530807126
0.29612134994436995
0.29359116908161376
0.2912554027566674
0.2889196364317211
0.28658387010677466
0.2842481037818283
0.281912337456882
0.2795765711319356
0.27724080480698926
0.2749050384820429
0.27256927215709653
0.2702335058321503
0.2680629960109095
0.2659090118400393
0.26375502766916903
0.2616010434982988
0.25944705932742856
0.2572930751565583
0.2551390909856881
0.25298510681481784
0.2508311226439476
0.24867713847307746
0.24666182783282736
0.2446773335327151
0.24269283923260287
0.24070834493249058
0.2387238506323783
0.23673935633226603
0.2347548620321538
0.23277036773204152
0.23078587343192924
0.22880137913181697
0.22693145423019903
0.22510449285301634
0.22327753147583365
0.22145057009865096
0.21962360872146827
0.21779664734428558
0.21596968596710286
0.21414272458992023
0.2123157632127375
0.21048880183555482
0.20875599780064164
0.2070769979613111
0.20539799812198045
0.20371899828264983
0.2020399984433192
0.2003609986039886
0.19868199876465797
0.19700299892532736
0.19532399908599674
0.1936449992466661
0.19203879261046986
0.19049324697688558
0.18894770134330133
0.18740215570971708
0.1858566100761328
0.18431106444254852
0.18276551880896424
0.18121997317537997
0.17967442754179566
0.17812888190821138
0.17664011213325898
0.17521947338866486
0.17379883464407073
0.1723781958994766
0.17095755715488248
0.16953691841028834
0.1681162796656942
0.16669564092110006
0.16527500217650606
0.16385436343191193
0.1624757021598948
0.16117050146488743
0.15986530076988006
0.15856010007487273
0.15725489937986536
0.15594969868485797
0.15464449798985064
0.15333929729484325
0.15203409659983588
0.15072889590482852
0.1494527102140438
0.1482538978678528
0.1470550855216618
0.14585627317547079
0.14465746082927977
0.14345864848308876
0.14225983613689774
0.14106102379070673
0.13986221144451574
0.13866339909832473
0.13748240968911607
0.13638162349632746
0.13528083730353882
0.1341800511107502
0.13307926491796157
0.13197847872517296
0.13087769253238435
0.1297769063395957
0.1286761201468071
0.12757533395401846
0.12648274684123997
0.12547215052856278
0.12446155421588556
0.12345095790320836
0.12244036159053115
0.12142976527785396
0.12041916896517674
0.11940857265249953
0.11839797633982233
0.11738738002714512
0.11637678371446791
0.11544905793469262
0.11452133215491742
0.11359360637514213
0.11266588059536684
0.11173815481559154
0.11081042903581627
0.10988270325604098
0.1089549774762657
0.1080272516964904
0.10709952591671511
0.10624096798632932
0.10538932684088245
0.1045376856954356
0.10368604454998874
0.10283440340454186
0.10198276225909501
0.10113112111364816
0.1002794799682013
0.09942783882275444
0.09857619767730759
0.09778183439475166
0.0970001995261715
0.09621856465759139
0.09543692978901124
0.09465529492043107
0.09387366005185088
0.09309202518327073
0.09231039031469054
0.09152875544611039
0.09074712057753023
0.09001218145899506
0.0892947532467268
0.08857732503445853
0.08785989682219025
0.08714246860992197
0.08642504039765372
0.08570761218538545
0.08499018397311717
0.0842727557608489
0.08355532754858062
0.082875374537902
0.08221683592813175
0.08155829731836149
0.08089975870859124
0.08024122009882104
0.07958268148905079
0.07892414287928051
0.07826560426951026
0.07760706565974
0.07694852704996975
0.07631941332521182
0.07571482033796417
0.07511022735071655
0.07450563436346891
0.07390104137622128
0.07329644838897365
0.072691855401726
0.07208726241447835
0.07148266942723072
0.07087807643998309
0.07029605366789611
0.06974111515400191
0.06918617664010773
0.06863123812621355
0.06807629961231935
0.06752136109842516
0.06696642258453103
0.06641148407063685
0.06585654555674265
0.06530160704284847
0.064763197128983
0.06425371226516782
0.06374422740135263
0.06323474253753747
0.06272525767372228
0.0622157728099071
0.06170628794609191
0.061196803082276735
0.06068731821846155
0.060177833354646375
0.05967971021135817
0.059211884989475286
0.058744059767592394
0.0582762345457095
0.05780840932382661
0.05734058410194373
0.05687275888006084
0.05640493365817795
0.0559371084362951
0.05546928321441221
0.05500839862240086
0.05457874686481147
0.05414909510722207
0.053719443349632676
0.053289791592043285
0.052860139834453895
0.0524304880768645
0.0520008363192751
0.05157118456168571
0.05114153280409632
0.05071505051111775
0.05032026286424745
0.04992547521737714
0.04953068757050683
0.04913589992363654
0.04874111227676623
0.04834632462989592
0.04795153698302562
0.04755674933615532
0.047161961689285055
0.04676717404241475
0.0464046603356072
0.04604214662879965
0.045679632921992105
0.045317119215184554
0.04495460550837701
0.04459209180156946
0.04422957809476191
0.04386706438795436
0.04350455068114681
0.043142036974339264
0.04280627435345219
0.04247318684115716
0.04214009932886213
0.041807011816567104
0.041473924304272075
0.04114083679197705
0.04080774927968202
0.04047466176738699
0.04014157425509196
0.03980848674279693
0.03949744265034267
0.03919129709563077
0.03888515154091886
0.03857900598620696
0.038272860431495054
0.037966714876783145
0.03766056932207124
0.037354423767359334
0.03704827821264743
0.03674213265793552
0.03645398048052186
0.036172575819595036
0.03589117115866822
0.03560976649774139
0.03532836183681457
0.03504695717588775
0.034765552514960926
0.0344841478540341
0.03420274319310728
0.03392133853218046
0.033654377667198185
0.033395670399898505
0.03313696313259885
0.03287825586529917
0.032619548597999495
0.032360841330699816
0.03210213406340014
0.03184342679610046
0.03158471952880078
0.0313260122615011
0.031078637664073212
0.03084070695820515
0.030602776252337087
0.030364845546469024
0.030126914840600965
0.0298889841347329
0.02965105342886484
0.029413122722996777
0.029175192017128714
0.02893726131126065
0.02870792694955918
0.02848890820085761
0.028269889452156034
0.028050870703454488
0.02783185195475292
0.027612833206051346
0.02739381445734978
0.027174795708648208
0.026955776959946637
0.026736758211245066
0.026524176244929004
0.026322858647787585
0.02612154105064616
0.025920223453504743
0.02571890585636332
0.025517588259221898
0.025316270662080476
0.025114953064939056
0.024913635467797634
0.02471231787065621
0.02451536462828565
0.024330049665304054
0.024144734702322458
0.023959419739340862
0.023774104776359266
0.023588789813377684
0.023403474850396087
0.02321815988741449
0.02303284492443289
0.022847529961451295
0.022664898831324512
0.022494344949044395
0.022323791066764277
0.02215323718448416
0.021982683302204042
0.02181212941992393
0.021641575537643808
0.021471021655363694
0.02130046777308358
0.02112991389080346
0.020960589225808433
0.02080355673366434
0.02064652424152024
0.020489491749376147
0.020332459257232052
0.020175426765087955
0.020018394272943857
0.019861361780799777
0.01970432928865568
0.019547296796511585
0.019390264304367487
0.019245634071837187
0.019101003839306893
0.018956373606776593
0.018811743374246296
0.018667113141716
0.0185224829091857
0.0183778526766554
0.0182332224441251
0.0180885922115948
0.017943961979064508
0.01780968882953549
0.0176764513883066
0.017543213947077713
0.017409976505848825
0.017276739064619934
0.01714350162339105
0.01701026418216216
0.016877026740933273
0.016743789299704395
0.016610551858475507
0.016485853461054547
0.01636305262892424
0.016240251796793927
0.016117450964663618
0.01599465013253331
0.015871849300403
0.015749048468272693
0.015626247636142385
0.015503446804012075
0.015380645971881764
0.015264833575212172
0.015151641841840348
0.015038450108468528
0.014925258375096704
0.01481206664172488
0.014698874908353057
0.014585683174981235
0.014472491441609411
0.014359299708237587
0.014246107974865776
0.014138389851383819
0.014033799504981783
0.01392920915857975
0.013824618812177714
0.01372002846577568
0.013615438119373647
0.013510847772971613
0.013406257426569578
0.013301667080167546
0.01319707673376551
0.01309707458959646
0.013000895947288232
0.012904717304980001
0.012808538662671773
0.012712360020363543
0.012616181378055313
0.012520002735747084
0.012423824093438854
0.012327645451130624
0.012231466808822394
0.012138673502570023
0.012049942599584688
0.011961211696599344
0.011872480793613999
0.011783749890628656
0.011695018987643312
0.011606288084657967
0.011517557181672624
0.01142882627868728
0.011340095375701938
0.01125384481700944
0.011171934860829427
0.01109002490464941
0.011008114948469398
0.010926204992289383
0.01084429503610937
0.010762385079929354
0.010680475123749339
0.010598565167569325
0.01051665521138931
0.010436473510766554
0.01036090049162982
0.010285327472493083
0.010209754453356354
0.010134181434219618
0.010058608415082881
0.009983035395946147
0.00990746237680941
0.009831889357672674
0.00975631633853594
0.009681796674938415
0.00961201711126735
0.009542237547596283
0.009472457983925216
0.00940267842025415
0.009332898856583081
0.009263119292912016
0.00919333972924095
0.009123560165569884
0.009053780601898816
0.008984481730621855
0.008919989783285938
0.008855497835950021
0.008791005888614107
0.008726513941278196
0.00866202199394228
0.008597530046606364
0.00853303809927045
0.008468546151934533
0.008404054204598617
0.0083395622572627
0.00827999812198871
0.008220433986714716
0.008160869851440725
0.008101305716166731
0.00804174158089274
0.007982177445618749
0.007922613310344755
0.007863049175070764
0.0078034850397967715
0.007743920904522779
0.007688492605460116
0.0076334778900185845
0.007578463174577055
0.007523448459135523
0.007468433743693993
0.007413419028252467
0.007358404312810937
0.007303389597369406
0.0072483748819278755
0.00719336016648634
0.007141737306801811
0.007090868192841061
0.007039999078880311
0.006989129964919561
0.006938260850958811
0.006887391736998061
0.006836522623037321
0.00678565350907657
0.00673478439511582
0.006683915281155069
0.006635836549664043
0.006588804211599161
0.0065417718735342805
0.006494739535469399
0.0064477071974045185
0.006400674859339637
0.0063536425212747565
0.006306610183209875
0.0062595778451449945
0.006212545507080113
0.006167759640163248
0.006124257471045251
0.0060807553019272525
0.006037253132809254
0.005993750963691256
0.005950248794573258
0.00590674662545526
0.0058632444563372615
0.005819742287219264
0.005776240118101266
0.005734313784588019
0.005693700647412065
0.00565308751023611
0.005612474373060156
0.005571861235884202
0.005531248098708247
0.0054906349615322925
0.005450021824356338
0.005409408687180383
0.005368795550004429
0.005329729483469845
0.005292519901704906
0.005255310319939968
0.005218100738175029
0.005180891156410091
0.0051436815746451515
0.0051064719928802125
0.0050692624111152735
0.0050320528293503345
0.004994843247585402
0.0049586404810847825
0.004924199641296724
0.004889758801508664
0.004855317961720605
0.004820877121932545
0.0047864362821444855
0.004751995442356426
0.004717554602568366
0.004683113762780307
0.004648672922992247
0.00461492672578546
0.004583032908795394
0.00455113909180533
0.004519245274815265
0.0044873514578252
0.004455457640835136
0.0044235638238450704
0.0043916700068550064
0.004359776189864942
0.004327882372874877
0.0042964129495819845
0.0042668532979263695
0.004237293646270754
0.0042077339946151385
0.004178174342959524
0.004148614691303909
0.004119055039648294
0.004089495387992679
0.004059935736337064
0.004030376084681449
0.004001010687263728
0.003973587832224941
0.0039461649771861534
0.003918742122147366
0.003891319267108579
0.0038638964120697927
0.0038364735570310055
0.0038090507019922183
0.003781627846953432
0.0037542049919146443
0.0037267821368758575
0.0037014041747694586
0.0036760262126630597
0.0036506482505566647
0.003625270288450266
0.0035998923263438664
0.0035745143642374674
0.0035491364021310676
0.003523758440024669
0.0034983804779182698
0.003473002515811871
0.0034493019756188775
0.003425769177617225
0.003402236379615573
0.00337870358161392
0.0033551707836122677
0.003331637985610615
0.0033081051876089626
0.0032845723896073103
0.0032610395916056576
0.0032375067936040052
0.0032153497978784033
0.0031934985359919235
0.0031716472741054437
0.003149796012218964
0.003127944750332484
0.0031060934884460044
0.0030842422265595247
0.003062390964673045
0.003040539702786565
0.0030186884409000854
0.0029980023138032933
0.0029777531122526335
0.0029575039107019746
0.002937254709151315
0.0029170055076006554
0.002896756306049996
0.0028765071044993366
0.002856257902948677
0.002836008701398018
0.0028157594998473585
0.0027964353524039783
0.0027776398073076163
0.0027588442622112535
0.0027400487171148906
0.0027212531720185278
0.002702457626922169
0.002683662081825806
0.002664866536729443
0.0026460709916330803
0.0026272754465367183
0.002609215111778183
0.0025917674523011722
0.0025743197928241603
0.0025568721333471493
0.0025394244738701378
0.0025219768143931267
0.0025045291549161152
0.002487081495439104
0.0024696338359620927
0.0024521861764850816
0.0024353035512821065
0.0024190989672079753
0.002402894383133844
0.002386689799059713
0.0023704852149855817
0.002354280630911451
0.0023380760468373193
0.002321871462763188
0.002305666878689057
0.0022894622946149257
0.0022736762211078166
0.0022586225410929943
0.0022435688610781728
0.002228515181063351
0.002213461501048529
0.0021984078210337075
0.0021833541410188856
0.0021683004610040637
0.002153246780989242
0.0021381931009744203
0.0021234298832230234
0.002109441231507427
0.0020954525797918307
0.0020814639280762343
0.002067475276360638
0.0020534866246450416
0.002039497972929445
0.002025509321213849
0.002011520669498252
0.0019975320177826584
0.0019837154505955275
0.0019706732637864914
0.0019576310769774553
0.0019445888901684194
0.0019315467033593835
0.0019185045165503473
0.0019054623297413112
0.0018924201429322753
0.0018793779561232394
0.0018663357693142033
0.0018533753557565481
0.0018412326747127027
0.0018290899936688578
0.0018169473126250124
0.0018048046315811677
0.0017926619505373223
0.001780519269493477
0.0017683765884496318
0.0017562339074057869
0.0017440912263619417
0.0017319485453180965
