0.16199744949586886
0.18543418235545783
0.20971026309740953
0.23471353112297635
0.26030137947940035
0.2863744792958691
0.3128144979547414
0.3395223534553073
0.36641669825379597
0.3933967194261285
0.42039828409600233
0.4473389456827568
0.47415500806251615
0.5007909700702801
0.527183121758688
0.5532896892631098
0.5790624837487477
0.6044614714922618
0.6294501254072742
0.6539963432972077
0.678072033888765
0.7016522551883959
0.7247168595606112
0.7472414607153548
0.7692165105661721
0.7906246429335402
0.811456655901428
0.8317007422491429
0.8513530807531802
0.8704061378440056
0.8888594316056015
0.9067075332289842
0.9239514357324187
0.9405945464855419
0.9566359776023714
0.9720787709358195
0.986929099224894
1.0011901219345585
1.0148677793511292
1.0279702426440431
1.0405025137035517
1.0524734930909578
1.0638937445190195
1.0747657320035695
1.085104758657207
1.094914998019466
1.1042110397878429
1.113002530276089
1.1212925823202202
1.12909943580452
1.1364278470586824
1.1432946990231714
1.14970512501167
1.1556699625841884
1.1612020654614281
1.1663104781313423
1.171008916613167
1.1753027226040351
1.1792056311907033
1.1827267079150987
1.1858778252020787
1.1886684534599405
1.1911061867488493
1.193206232050073
1.1949718706368873
1.1964206600866367
1.1975516295657243
1.1983826750510833
1.1989221391744544
1.1991753350916463
1.199156290379593
1.1988643848554623
1.1983171024022128
1.1975221978560848
1.196483971816716
1.1952131261417793
1.1937135361137425
1.191997873948033
1.190070784949285
1.1879431001705671
1.1856150999026278
1.1831001466932882
1.1804018185858514
1.1775280361516045
1.1744874243465806
1.1712789902242864
1.1679172689158261
1.1644031869354001
1.1607449041486047
1.1569486115191827
1.1530147237028927
1.1489561359537575
1.1447728024857398
1.1404716165708764
1.136058004393059
1.1315348575842428
1.1269101144246192
1.1221861918866674
1.1173667061982777
1.1124567667366418
1.1074621480291469
1.1023845453770367
1.0972297438271108
1.0920003394494149
1.0866998497488791
1.081335121404573
1.075903216429132
1.0704132398255082
1.064866623356837
1.0592663882697655
1.053618147118471
1.047918460893163
1.0421766295262227
1.0363931479653783
1.0305709421944302
1.0247131317900517
1.0188197368305218
1.0128964909894866
1.0069445289347883
1.0009668494675141
0.9949520542984915
0.9889277829962702
0.9825385695400641
0.976477593750506
0.970401540644676
0.9643110411491846
0.9582094521283582
0.9520965994437114
0.9459761212530282
0.9398490797602257
0.9337101565974759
0.9275745748002964
0.9212606908691986
0.9151231668723085
0.9089857925956437
0.902850832215425
0.8967200709124241
0.8905936532960018
0.8844738536935546
0.8783605267021786
0.8722561331919367
0.8661610746215185
0.860076524286264
0.8540044334788384
0.8479434572742719
0.8418968752184641
0.8358645708364876
0.8298476854419975
0.8238466269830347
0.8178628122569389
0.8118965880781833
0.8059489977010872
0.8000202020538658
0.7941120635810348
0.788224364937571
0.782357407873031
0.7765121515168083
0.7706898449845021
0.7648902227964446
0.7591144553489966
0.753362265078404
0.7476347841339431
0.7419317042116172
0.7362544735461909
0.7306008972240932
0.7249757476414583
0.7193773507828465
0.7138057662816829
0.708261677665382
0.702745284848339
0.697256723198572
0.6917967873626925
0.6863649568430157
0.6808995979179437
0.6755262737641268
0.6701821078939526
0.6648673654580477
0.659582259703116
0.6543273528799818
0.6491023774077719
0.6439078031699811
0.6387435608450495
0.6336103317849232
0.6285069012838318
0.6234346988464577
0.6183936135654357
0.6133833618643563
0.6084043984320875
0.6034564789141881
0.5985398778125739
0.5936545624691985
0.5888005671805336
0.5839779590629302
0.5791871202242397
0.574427431458502
0.569699316552321
0.5650026523393766
0.560337370342031
0.5557038599921724
0.5511016800227455
0.5465309004962735
0.5419917895681776
0.537483921463067
0.5330073587772685
0.5285622285991325
0.5241483775774516
0.5197656719936398
0.5154142343155832
0.5110938810623722
0.5068045281335424
0.502546180477469
0.49831850240101583
0.4941220573582231
0.48995598417512953
0.48582069020682317
0.48171594669254714
0.4776416258358681
0.4735975266398702
0.4695837915310692
0.4656001678391274
0.4616464418274041
0.4577226229249062
0.45382877540580135
0.44996440831592177
0.4461298165923747
0.44232443485085654
0.43854848582745454
0.43480157426904475
0.4310837170728908
0.42739492570722226
0.42373487487063155
0.4201031954114566
0.4164999715819393
0.412925348883746
0.40937873323083623
0.40586038985214845
0.40236988872695717
0.3989071513408756
0.3954720412561122
0.3920643394437646
0.38868402377282324
0.3853308877672283
0.38200466299761815
0.3787053495734839
0.37543262269163713
0.3721865981946413
0.36896678664574056
0.3657734570785815
0.3626059895950405
0.35946460997842156
0.3563490197791598
0.35325895235054927
0.3501941916482368
0.34715492655092944
0.3441405428074067
0.34115128590026433
0.3381866931801655
0.3352468789151612
0.33233142979506897
0.32944036677458854
0.32657330735900897
0.3237305164230433
0.3209112854151012
0.3181192754058853
0.31534735076298925
0.3125985912747657
0.30987308511277967
0.3072694413820915
0.3045887148175406
0.3019303352669146
0.29929495728110156
0.2966818339104061
0.2940907322926175
0.29152189651446925
0.2889747990216061
0.2864495760509325
0.2839458657285226
0.2814635309576475
0.2790026780099081
0.2765627707753018
0.27414374757430904
0.27174559534664966
0.2693681798710324
0.26701107097054677
0.2646763439248362
0.2623596267707697
0.2600631392172277
0.25783723380381895
0.25557961138822205
0.2533419273529442
0.251123097428275
0.24892393714992878
0.24674390813951885
0.24458262200779918
0.24244043505246354
0.2403164477228214
0.23821141437139853
0.23612465554009363
0.23405608362026836
0.23200561040221085
0.22997286920032745
0.22795816488810686
0.22596109388841423
0.223981577135414
0.22201912666165208
0.22007422386116585
0.21814625816619085
0.21623537189156722
0.21434122258066343
0.21246332980903027
0.21060266523995133
0.20875801575726044
0.20692978392788675
0.20511761714892668
0.20332118841330324
0.20154102337846283
0.1997763133304154
0.19802737395928355
0.19629381445595925
0.19457561391412223
0.19287257412474734
0.19118469971450558
0.18951169214838415
0.18785351431808656
0.18621025595083143
0.1845811902416712
0.18296695734216534
0.18136684494650523
0.17978101515604122
0.17820938836989098
0.17665127432083355
0.17510755180085116
0.17357730253750708
0.1720607296527595
0.1705577318434504
0.1690677920228028
0.1675914122741044
0.16612808365189002
0.1646778572662712
0.16324054544389222
0.16181592960360608
0.16040407152432612
0.1590049179146662
0.1576181810752919
0.15624369015331363
0.15488158178408754
0.15353153755062446
0.1521938243427649
0.1508678796796157
0.1495536062052265
0.1482513086909693
0.1469604517945911
0.14568144066324681
0.14441363384069306
0.14315704103680327
0.14191193371997457
0.14067780061925578
0.13945565237473345
0.1382434841912047
0.13704215510311202
0.13585163317048543
0.13467177111240108
0.13350240484867446
0.1323435126001144
0.13119504030919515
0.13005669219610166
0.12894809683608238
0.12782989771300904
0.12672188591166939
0.12562376648064708
0.1245352162368471
0.12345679883063962
0.12238773232879488
0.12132844758708286
0.12027856076123097
0.11923788533373698
0.11820677737607821
0.11718474901062781
0.11617199306226124
0.11516824143038754
0.11417339513064592
0.11318747978485866
0.11221050186255127
0.11124215756264022
0.1102824818578631
0.1093314052551869
0.10838870058773889
0.10745473523203267
0.10652890365653173
0.1056113833964949
0.10470207687369708
0.10380077061900005
0.10290790438090901
0.10202273357718555
0.10114550916050705
0.10027613945367056
0.09941566089435475
0.09856185140247715
0.09771549370960522
0.09687670354285872
0.09604547384421873
0.09522167833656864
0.09440522510518697
0.09359606039579559
0.09279405131987017
0.0919992151635597
0.09121160908620186
0.09046232866652926
0.08968807861166818
0.08892054782254692
0.08815980792526198
0.08740602492984022
0.08665885181927131
0.08591847960373007
0.08518449074921203
0.08445721937613179
0.08373645267520834
0.08302196162469579
0.08231410529585416
0.08161239162427292
0.08091687867430368
0.08022767955456259
0.0795443648817836
0.07886733481089078
0.07819631972786784
0.07753129940835277
0.07687216010411921
0.07621888390136458
0.07557149826376326
0.07492983536415534
0.07429378127883587
0.07366348113564485
0.0730388235416018
0.07241931732980778
0.07180568940080775
0.0711974770466304
0.07059465890629757
0.06999718657857579
0.0694056193119293
0.06881870172116492
0.06823687275558243
0.06766037750337883
0.06708892242262099
0.06652250187307632
0.06596111880957142
0.06540471351856265
0.06485326139101887
0.06432154582918698
0.06377957254404626
0.06324192083922817
0.06270931814837472
0.06218162829386599
0.06165850803336599
0.061139967464383604
0.06062610104633048
0.06011674323222915
0.0596118642432458
0.059111395772936615
0.0586154101041331
0.05812380093785574
0.057636388955786405
0.05715343704306104
0.0566747204593408
0.056200101200665264
0.05572981815781354
0.055263645870769165
0.05480153066716044
0.05434349000280503
0.053889485823994394
0.053438940946196806
0.052992807133158314
0.0525507404767209
0.05211254839615416
0.051678067898259857
0.05124754721615185
0.050820761387806425
0.05039764689575584
0.04997829473424228
0.04956261602534204
0.04915057644594288
0.04874208316361629
0.0483372676509651
0.047936024785386624
0.04753818967532694
0.04714391156430201
0.04675308868769726
0.04636558962853489
0.045981532966252056
0.04560084785278478
0.04522344331624557
0.04484932873390998
0.04447852984214877
0.04411097272179051
0.04374578112105771
0.04338457343891703
0.043026554716880765
0.042671552040589956
0.04231968245964505
0.04197091476574183
0.04162514550260063
0.0412823972194163
0.040942674265995085
0.0406058972265312
0.040271974338687615
0.03994099169719247
0.03961290201221345
0.03928758619199561
0.03896513151574699
0.038645512906776563
0.03832860619486709
0.0380144395448557
0.037703048835459246
0.03739432126257783
0.03708821606231856
0.03678479381940134
0.03648400818977803
0.03618576679638216
0.03589017221890924
0.03559715875910527
0.035306607131061145
0.035017651971905324
0.034732161834271025
0.034449099261067664
0.03416844872842284
0.03389023355740876
0.033614422565713425
0.0333409577316868
0.033069868991060986
0.03280115012599085
0.03253466097351573
0.03227047158228697
0.03200859514859302
0.031748926883520816
0.03149147689725573
0.031236260624230475
0.030983260398108628
0.030732397641160373
0.030483695214506806
0.030237165459801103
0.029992679054075988
0.02975027772109274
0.029509995870365787
0.02927172662111159
0.029035486054000956
0.028801306859786213
0.028569110342286923
0.0283388765690337
0.028110618121825973
0.027884313058065664
0.02765991576292716
0.027437399967959623
0.027215849846773065
0.026997164531739865
0.026780328951537074
0.026565399582585893
0.02635224901071462
0.026140906752872617
0.025931368839018136
0.025723624847831
0.025517616655671413
0.0253133246567284
0.025110815169417246
0.024909991348540043
0.024710871629777212
0.024513484476780898
0.02431772519592844
0.024123607349265302
0.023931154990939438
0.023740332822472423
0.023551109714798665
0.023363475829349827
0.02317745154421837
0.022992999076590862
0.022810078562100374
0.02262874632247224
0.02244891002521152
0.022270564860472478
0.02209374846333792
0.021918417107949836
0.021744543868145463
0.021572120472162153
0.0214011837366333
0.02123166575363645
0.02106354892091642
0.020895871999867387
0.020730596875236446
0.020566695957344512
0.020404198915202468
0.020243057061678806
0.02008326250093584
0.01992480165203746
0.019767694208479618
0.019611877436110335
0.019457341903475825
0.019304147027056084
0.019152196798264954
0.01900149812454275
0.01885207812935921
0.018703892269831643
0.018556947549678317
0.018411231920178392
0.018266736971522
0.01812343429779948
0.017981299837292606
0.01784040388378102
0.017700656398076678
0.01756204045990079
0.01742461264752237
0.01728831210536614
0.01715314857124713
0.017019112064570567
0.016886176422309128
0.016754349485271932
0.01662358867262135
0.01649394017225361
0.01636535415502379
0.0162377987339221
0.01611030894248048
0.01598490707046829
0.01586052648048974
0.01573733674861771
0.01561501464019751
0.015493702136400896
0.015373376331099198
0.015254056499827806
0.015135715705036318
0.015018328189326483
0.014901944441943833
0.014786512263532732
0.014672005064355604
0.014558459878376579
0.014445846163723344
0.014334140754438854
0.014223352717252018
0.014113476730913689
0.014004502268585624
0.013896416159616735
0.01378923416024172
0.013682926026450848
0.013577476353097659
0.013472907326059807
0.013369193948492899
0.013266313217695301
0.0131642706728546
0.01306306716837322
0.012962695718371949
0.012863135231515378
0.012764405467841269
0.012666470214942702
0.012568420660971944
0.012472083822615592
0.012376531631764831
0.012281749964097831
0.01218773626076361
0.012094499433534616
0.01200201637759336
0.01191028269074235
0.01181931675447972
0.011729079416804004
0.01163955925451734
0.011550769328579798
0.011462703682578063
0.011375341351316775
0.011288691306259549
0.011202753612295458
0.011117499646957534
0.01103293222983898
0.010949062990393282
0.01086586665232756
0.010783323989997762
0.010701453654036075
0.010620248365412366
0.010539687158677242
0.01045979770685235
0.010380554866184683
0.010301938157189609
0.01022395197824745
0.010145890274009695
0.010069173658897724
0.00999305893436131
0.009917560612214485
0.009842669743517513
0.00976838535227812
0.009694699831462804
0.009621608067698195
0.009549087941694586
0.009477144973632739
0.009405794995157223
0.009335004866606753
0.009264776698605382
0.009195110520641394
0.009126013188108552
0.009057470470917654
0.00898947386443001
0.00892570404603728
0.00885873517959241
0.00879229711611953
0.008726403529579787
0.00866102526800776
0.008596161450721838
0.008531826155450395
0.008468005619409028
0.008404685251363625
0.008341871378114698
0.008279563831394731
0.008217736374180367
0.008156395113168189
0.008095553363013071
0.008035189891297288
0.007975309682553798
0.007912279185024216
0.007853395002146029
0.0077949710053223
0.007737445765090053
0.007679954928615942
0.007622906058390182
0.007566301878886678
0.007510154307316709
0.0074544471839087705
0.007399183439364109
0.007344362630343933
0.007289965947327134
0.0072359919084144025
0.007182447085011579
0.007129329071032314
0.007076619653664068
0.007024324169165035
0.006972450324354071
0.0069209863812664365
0.0068699235627916865
0.006819270714102645
0.0067690051395692
0.006719130003571475
0.006669647692812984
0.006620557923009661
0.006571846151708709
0.006523509629502889
0.006475568583730391
0.00642799433345397
0.006380790493268483
0.006333965368804325
0.006287496433781748
0.0062413858335227425
0.006195640281285258
0.006150257733856801
0.006105224332070758
0.006060543558160115
0.006016219190430941
0.005972232029194239
0.005928583923341332
0.0058852881722095945
0.005842319368821311
0.005799678695606268
0.005757372800896689
0.00571539522314834
0.00567374808548117
0.005632423764343971
0.005591423144260832
0.005550734369295167
0.005510355332655349
0.005470304189191316
0.005430558174157872
0.005391112941858329
0.005351977134604488
0.005313144189419911
0.005274618388104584
0.005236387557910759
0.0051984527641694275
0.005160806180996346
0.005123443007195265
0.0050863813157442025
0.0050495989361996904
0.00501309296615534
0.004976875122631197
0.004940937832162539
0.004905276916430974
0.004869890853475849
0.004834776325491093
0.004799931814755954
0.004765349775917796
0.004731041991656148
0.004696994454328267
0.0046632011664846165
0.004629680210356996
0.0045964114552383166
0.004563394558355357
0.0045306342109580336
0.004498123425709514
0.004465858392612721
0.004433835416011915
0.004402061807474325
0.0043705312440700025
0.004339240954558031
0.004308194946573814
0.004277382287948883
0.004246800815508879
0.0042164612808728175
0.004186351316512777
0.004156466627177381
0.004126805978541903
0.004097373515370004
0.0040681711303121254
0.004039187616592383
0.004010427990359278
0.003981883500522526
0.00395354989590333
0.003925437112376583
0.003897537670791572
0.0038698452892206034
0.00384236063825365
0.003815088897996551
0.0037880262335687376
0.003761166085304879
0.003734515129468323
0.0037080631178504435
0.0036818055561813785
0.0036557493778174685
0.0036298921338428496
0.003604225741263058
0.0035787542209710426
0.0035534791446216176
0.003528391889522875
0.0035034937151888703
0.0034787851209032742
0.0034542605857938993
0.003429915561504496
0.003405755339587835
0.0033817798551924547
0.0033579810825148586
0.0033343654509832665
0.0033109288698010605
0.0032876663142651615
0.003264577899516646
0.003241665701484198
0.003218923153273885
0.0031963464730673115
0.0031698230579717316
0.003147638260121975
0.003125621822562613
0.0031037692306737246
0.0030820800162036947
0.00306054897573149
0.003039177633290035
0.0030179703878844923
0.0029969182964445186
0.0029760193405055984
0.002955276322946977
0.002934692511146146
0.0029142638780726127
0.002893986522769625
0.0028738603620159136
0.0028538798094581925
0.002834046041562883
0.0028143644704019264
0.002794826052825205
0.0027754299440182987
0.0027561808226645884
0.002737075581779153
0.002718110856646367
0.0026992865827724626
0.002680602216495051
0.0026620524679940487
0.0026436382879055156
0.002625363645979891
0.0026072223002259172
0.0025892164450858814
0.0025713463067537877
0.0025536072947323924
0.002535997544403335
0.0025185186243974417
0.002501169201511895
0.0024839439888479746
0.0024668437492504545
0.002449871652587916
0.0024330253749505126
0.0024163039620334944
0.002399705749864406
0.0023832278196421136
0.0023668685464938227
0.0023506316321614176
0.0023345146012591876
0.002318512439493084
0.0023026261581249037
0.0022868597065955018
0.0022712116007220016
0.002255676911780833
0.002240256612639452
0.0022249470556086094
0.002209747511614706
0.002194660192136629
0.0021796842710128253
0.002164814968608545
0.002150052365434957
0.0021354026505686547
0.0021208584327382565
0.002106419888188676
0.0020920874206760355
0.0020778569446403797
0.0020637285514930343
0.002049703331940258
0.002035783272808074
0.002021962304686516
0.002008242711517632
0.001994624497766639
0.001981103060907072
0.001967680505512603
0.001954356434448866
0.0019411265530007826
0.0019279910118099083
0.0019149503097177644
0.0019020056927423585
0.0018891557068014164
0.0018763981832774963
0.0018637336711803685
0.001851158492452315
0.001838673891387553
0.0018262816905169764
0.0018139773129124395
0.0018017608670046043
0.001789632443827191
0.001777593280273146
0.0017656424452197526
0.001753776148921666
0.0017419956302341566
0.0017302981955884347
0.0017186834634237713
0.0017071556814212277
0.001695708406087557
0.0016843416070824626
0.0016730575419666746
0.001661855698595849
0.0016507353097856962
0.0016396934399284403
0.0016287306874064574
0.0016178449821791093
0.0016070362268945332
0.001596308470039871
0.0015856558951795159
0.0015750780109594273
0.0015645785044566731
0.0015541527747867036
0.0015438019229405417
0.0015335247989319647
0.0015233207650901797
0.0015131883044900516
0.0015031261938057284
0.0014931379419149318
0.001483220375463756
0.0014733739554073535
0.0014635983330010284
0.0014538911476251744
0.001444252259488361
0.0014346836475201282
0.0014251828046365584
0.0014157483000721248
0.0014063791517052709
0.0013970773654573285
0.001387844233429241
0.0013786751943070743
0.0013695716073192905
0.0013605313548277792
0.001351553480601826
0.0013426411057720895
0.0013337914277852625
0.0013250030783699173
0.0013162755542417718
0.0013076112568321237
0.0012990095716679275
0.0012904674164423517
0.001281986126006442
0.0012735644769180667
0.0012652005498650794
0.0012568967256034375
0.001248651639725162
0.0012404632581669596
0.0012323324816417216
0.0012242601420506493
0.0012162444399555527
0.0012082846803796318
0.0012003811110234473
0.001192532135692755
0.0011847367610622994
0.0011769964291211093
0.0011693113923322875
0.001161679563241992
0.0011541019151364252
0.001146577208761335
0.0011391048185069269
0.0011316852215123962
0.0011243178097120217
0.0011170012133636152
0.0011097343992977641
0.0011025182071078227
0.0010953535381910805
0.0010882394820879325
0.0010811745832726841
0.0010741588495493618
0.0010671909946065258
0.0010602716216848145
0.0010534010662650072
