0.3705358216443882
0.4301590335529798
0.48978224546157123
0.5494054573701628
0.6090286692787541
0.6686518811873458
0.7282750930959372
0.7878983050045287
0.8475215169131202
0.9071447288217117
0.966767940730303
1.0243408743012155
1.0817087800383596
1.1390766857755037
1.196444591512648
1.2538124972497922
1.3111804029869363
1.3685483087240804
1.425916214461225
1.483284120198369
1.540652025935513
1.586854210918223
1.6305751246221694
1.674296038326116
1.7180169520300623
1.761737865734009
1.8054587794379553
1.8491796931419018
1.8929006068458485
1.9366215205497952
1.9803424342537417
2.0128635607151155
2.0411847669605256
2.0695059732059353
2.097827179451345
2.126148385696755
2.154469591942165
2.1827907981875745
2.2111120044329846
2.2394332106783943
2.267754416923804
2.287616795251738
2.30264555762683
2.317674320001921
2.3327030823770127
2.3477318447521043
2.362760607127196
2.3777893695022874
2.3928181318773785
2.40784689425247
2.4228756566275615
2.43234329389274
2.4371766602329896
2.44201002657324
2.4468433929134896
2.45167675925374
2.45651012559399
2.46134349193424
2.4661768582744896
2.47101022461474
2.4758435909549896
2.4773575691462613
2.4748882815587585
2.472418993971255
2.469949706383752
2.4674804187962485
2.4650111312087453
2.462541843621242
2.4600725560337393
2.4576032684462357
2.455133980858733
2.450864858843773
2.443446026580764
2.436027194317755
2.4286083620547463
2.4211895297917376
2.4137706975287285
2.4063518652657194
2.3989330330027108
2.3915142007397017
2.384095368476693
2.375812991581244
2.3652278289992883
2.354642666417333
2.3440575038353773
2.3334723412534215
2.322887178671466
2.3123020160895105
2.301716853507555
2.2911316909255994
2.2805465283436437
2.269621104626164
2.257164505798825
2.244707906971486
2.2322513081441473
2.219794709316808
2.207338110489469
2.19488151166213
2.182424912834791
2.1699683140074524
2.1575117151801133
2.1449683174385146
2.1315569305543143
2.1181455436701135
2.1047341567859132
2.091322769901713
2.077911383017513
2.064499996133313
2.051088609249112
2.0376772223649118
2.0242658354807115
2.010854448596511
1.9970714373352167
1.9832884260739219
1.969505414812627
1.9557224035513323
1.9419393922900374
1.9281563810287428
1.914373369767448
1.9005903585061532
1.8868073472448585
1.8730243359835634
1.8593656234481428
1.8457193407853094
1.8320730581224762
1.8184267754596424
1.8047804927968092
1.7911342101339756
1.7774879274711426
1.763841644808309
1.7501953621454756
1.736549079482642
1.723249248863168
1.7100264075866627
1.6968035663101575
1.6835807250336523
1.6703578837571467
1.6571350424806415
1.6439122012041363
1.6306893599276313
1.6174665186511257
1.6042436773746205
1.5914407485487667
1.5787952868919075
1.566149825235048
1.5535043635781889
1.5408589019213297
1.5282134402644703
1.5155679786076108
1.5029225169507514
1.4902770552938924
1.477631593637033
1.4654216629463912
1.4534606070935876
1.441499551240784
1.4295384953879808
1.4175774395351772
1.4056163836823736
1.3936553278295702
1.3816942719767666
1.3697332161239633
1.3577721602711599
1.3462103853993233
1.334981344678292
1.3237523039572614
1.3125232632362305
1.3012942225151996
1.2900651817941688
1.278836141073138
1.267607100352107
1.2563780596310763
1.2451490189100451
1.234272322358254
1.22381843880955
1.213364555260846
1.202910671712142
1.192456788163438
1.1820029046147345
1.1715490210660304
1.1610951375173264
1.1506412539686224
1.1401873704199184
1.1300107876051693
1.1203194810748407
1.1106281745445121
1.1009368680141838
1.0912455614838552
1.0815542549535266
1.0718629484231983
1.0621716418928697
1.052480335362541
1.042789028832213
1.0333000459840884
1.0243505929551748
1.0154011399262615
1.0064516868973479
0.9975022338684341
0.9885527808395206
0.9796033278106069
0.9706538747816934
0.9617044217527798
0.9527549687238667
0.9439341458724699
0.9356921588198993
0.9274501717673288
0.9192081847147582
0.9109661976621876
0.9027242106096172
0.8944822235570464
0.8862402365044759
0.8779982494519053
0.8697562623993347
0.8615761518768104
0.854014806654743
0.8464534614326757
0.8388921162106086
0.8313307709885412
0.8237694257664739
0.8162080805444067
0.8086467353223394
0.8010853901002722
0.7935240448782048
0.7859626996561376
0.7790344877074757
0.7721062757588139
0.7651780638101516
0.7582498518614895
0.7513216399128275
0.7443934279641653
0.7374652160155033
0.7305370040668411
0.7236087921181791
0.716680580169517
0.71029362428645
0.7039607940099432
0.6976279637334358
0.6912951334569284
0.6849623031804211
0.6786294729039137
0.6722966426274065
0.6659638123508992
0.6596309820743919
0.6532981517978845
0.6474160973427637
0.6416342152923953
0.6358523332420273
0.6300704511916589
0.6242885691412906
0.6185066870909223
0.612724805040554
0.6069429229901857
0.6011610409398173
0.5953791588894489
0.5899672305683213
0.5846940348956587
0.5794208392229963
0.574147643550334
0.5688744478776715
0.563601252205009
0.5583280565323465
0.5530548608596839
0.5477816651870214
0.5425084695143589
0.5375422595673701
0.5327514700350517
0.5279606805027335
0.5231698909704152
0.5183791014380972
0.5135883119057789
0.5087975223734605
0.5040067328411423
0.499215943308824
0.4944251537765057
0.48986088760090696
0.4854853908892412
0.4811098941775754
0.4767343974659096
0.472358900754244
0.4679834040425782
0.4636079073309124
0.45923241061924663
0.4548569139075808
0.45048141719591506
0.44628842984799516
0.4423144537365703
0.4383404776251455
0.4343665015137206
0.4303925254022958
0.42641854929087114
0.42244457317944634
0.4184705970680215
0.4144966209565967
0.4105226448451718
0.4066767746334219
0.403055089746103
0.3994334048587842
0.39581171997146536
0.39219003508414646
0.38856835019682767
0.38494666530950894
0.3813249804221901
0.37770329553487125
0.3740816106475524
0.37054989194576354
0.36725808307205465
0.36396627419834576
0.3606744653246368
0.3573826564509279
0.3540908475772191
0.35079903870351015
0.3475072298298014
0.34421542095609253
0.34092361208238364
0.33768635558167676
0.33469458475947894
0.33170281393728124
0.3287110431150835
0.3257192722928857
0.32272750147068796
0.3197357306484902
0.31674395982629244
0.3137521890040948
0.31076041818189704
0.3077934785289395
0.30507485056838435
0.3023562226078292
0.299637594647274
0.29691896668671885
0.2942003387261637
0.29148171076560847
0.2887630828050533
0.28604445484449814
0.28332582688394314
0.2806071989233879
0.27813702969222964
0.2756668604610713
0.27319669122991297
0.27072652199875463
0.2682563527675963
0.265786183536438
0.2633160143052796
0.26084584507412134
0.258375675842963
0.2559055066118048
0.2536405299999376
0.2513960726499995
0.2491516153000614
0.2469071579501233
0.2446627006001852
0.2424182432502471
0.24017378590030902
0.2379293285503709
0.23568487120043283
0.23344041385049483
0.23136640343412496
0.22933027011410356
0.2272941367940822
0.22525800347406083
0.22322187015403944
0.22118573683401804
0.21914960351399665
0.21711347019397526
0.2150773368739539
0.21304120355393252
0.21113787283641092
0.20928434309482669
0.20743081335324248
0.20557728361165822
0.20372375387007396
0.20187022412848973
0.2000166943869055
0.19816316464532124
0.19630963490373698
0.19445610516215275
0.1927100492765452
0.19102540702292437
0.18934076476930342
0.18765612251568253
0.18597148026206162
0.1842868380084407
0.18260219575481978
0.18091755350119884
0.17923291124757793
0.177548268993957
0.1759472368491317
0.17441587979496934
0.172884522740807
0.17135316568664466
0.16982180863248228
0.1682904515783199
0.16675909452415755
0.16522773746999517
0.16369638041583282
0.16216502336167044
0.16069886828938848
0.15931095559536299
0.15792304290133752
0.15653513020731208
0.1551472175132866
0.15375930481926114
0.15237139212523565
0.1509834794312102
0.14959556673718485
0.1482076540431594
0.1468636471473594
0.14559647539845394
0.1443293036495485
0.1430621319006431
0.14179496015173765
0.1405277884028322
0.13926061665392675
0.13799344490502133
0.13672627315611588
0.13545910140721046
0.13422316710096838
0.13307053264182864
0.1319178981826889
0.13076526372354916
0.12961262926440942
0.12845999480526968
0.12730736034612994
0.1261547258869902
0.12500209142785046
0.1238494569687107
0.12271570942473879
0.12166695299902149
0.12061819657330418
0.11956944014758689
0.11852068372186958
0.11747192729615229
0.116423170870435
0.11537441444471769
0.1143256580190004
0.1132769015932831
0.1122369118222721
0.11128458859832428
0.11033226537437646
0.10937994215042865
0.10842761892648083
0.107475295702533
0.10652297247858518
0.10557064925463736
0.10461832603068955
0.10366600280674172
0.1027136795827939
0.10184423838804989
0.10097479719330596
0.10010535599856193
0.09923591480381795
0.09836647360907394
0.09749703241432993
0.09662759121958592
0.0957581500248419
0.0948887088300979
0.0940192676353539
0.09322041589787361
0.09242862310611973
0.09163683031436583
0.09084503752261193
0.09005324473085802
0.08926145193910413
0.08846965914735024
0.08767786635559635
0.08688607356384245
0.08609428077208856
0.0853600831589428
0.08463868447437665
0.08391728578981056
0.0831958871052444
0.08247448842067825
0.08175308973611209
0.08103169105154594
0.08031029236697979
0.07958889368241363
0.07886749499784748
0.07819264340946927
0.07753524698216155
0.07687785055485383
0.07622045412754609
0.07556305770023838
0.07490566127293066
0.07424826484562294
0.0735908684183152
0.07293347199100748
0.07227607556369978
0.07165555827150848
0.07105611477081225
0.07045667127011605
0.06985722776941986
0.06925778426872368
0.06865834076802749
0.06805889726733128
0.06745945376663508
0.06686001026593888
0.06626056676524267
0.0656899224713847
0.06514327751655857
0.06459663256173247
0.06404998760690636
0.06350334265208026
0.06295669769725415
0.06241005274242803
0.06186340778760191
0.061316762832775804
0.06077011787794969
0.06024524198611088
0.059746488969856806
0.059247735953602734
0.05874898293734867
0.05825022992109459
0.057751476904840525
0.057252723888586494
0.05675397087233243
0.05625521785607836
0.055756464839824285
0.05527350585509198
0.05481818642552278
0.054362866995953565
0.05390754756638437
0.05345222813681516
0.05299690870724595
0.05254158927767674
0.05208626984810755
0.05163095041853834
0.05117563098896913
0.05073112456442398
0.05031545281994297
0.04989978107546196
0.04948410933098095
0.04906843758649994
0.04865276584201893
0.048237094097537916
0.0478214223530569
0.04740575060857593
0.046990078864094925
0.046580945935312035
0.046201237677170694
0.04582152941902935
0.045441821160888025
0.045062112902746684
0.04468240464460535
0.044302696386464016
0.04392298812832268
0.04354327987018135
0.043163571612040014
0.04278682946697968
0.04243974845272941
0.04209266743847914
0.04174558642422886
0.041398505409978595
0.041051424395728314
0.04070434338147805
0.04035726236722777
0.0400101813529775
0.039663100338727254
0.03931601932447698
0.03899882352472309
0.03868162772496921
0.038364431925215325
0.03804723612546144
0.03773004032570756
0.03741284452595367
0.03709564872619979
0.0367784529264459
0.036461257126692015
0.03614406132693813
0.03585150955213814
0.03556142217983353
0.035271334807528934
0.034981247435224336
0.034691160062919724
0.034401072690615125
0.03411098531831052
0.03382089794600592
0.03353081057370132
0.03324072320139671
0.03297074410873918
0.03270523352266986
0.03243972293660054
0.03217421235053122
0.031908701764461894
0.03164319117839257
0.03137768059232325
0.03111217000625393
0.030846659420184604
0.030581148834115283
0.030332089344115205
0.030089199015141097
0.029846308686166986
0.02960341835719288
0.02936052802821877
0.029117637699244664
0.028874747370270553
0.028631857041296442
0.028388966712322335
0.028146076383348227
0.02791621950325009
0.02769381030822394
0.02747140111319781
0.027248991918171664
0.027026582723145516
0.02680417352811936
0.02658176433309321
0.02635935513806706
0.02613694594304091
0.02591453674801476
0.0257023168207165
0.02549858794985815
0.025294859078999796
0.025091130208141445
0.02488740133728309
0.024683672466424736
0.024479943595566385
0.024276214724708027
0.024072485853849676
0.023868756982991325
0.02367291417864015
0.02348653465409758
0.023300155129555015
0.023113775605012467
0.022927396080469904
0.022741016555927335
0.022554637031384772
0.022368257506842206
0.02218187798229964
0.021995498457757074
0.02181465457568646
0.02164349806794176
0.021472341560197058
0.021301185052452362
0.02113002854470766
0.020958872036962957
0.020787715529218258
0.02061655902147356
0.02044540251372886
0.02027424600598416
0.020106960023221328
0.01994999544041015
0.01979303085759897
0.01963606627478779
0.019479101691976614
0.01932213710916545
0.01916517252635427
0.019008207943543094
0.018851243360731913
0.018694278777920736
0.018539665705163473
0.018395634427648817
0.018251603150134167
0.018107571872619514
0.01796354059510486
0.01781950931759021
0.01767547804007556
0.017531446762560906
0.017387415485046253
0.017243384207531604
0.0171004493582528
0.016968478791332498
0.016836508224412197
0.016704537657491893
0.016572567090571595
0.016440596523651294
0.016308625956730993
0.016176655389810703
0.0160446848228904
0.0159127142559701
0.0157807436890498
0.01565940404522625
0.015538064401402705
0.015416724757579155
0.015295385113755607
0.01517404546993206
0.015052705826108511
0.014931366182284965
0.014810026538461417
0.014688686894637868
0.014567347250814322
0.014455016568703112
0.014343586782763136
0.014232156996823161
0.014120727210883185
0.01400929742494321
0.013897867639003234
0.013786437853063258
0.013675008067123283
0.01356357828118332
0.013452148495243343
0.01334811780970695
0.013245731368704692
0.01314334492770243
0.013040958486700172
0.01293857204569791
0.012836185604695648
0.012733799163693387
0.012631412722691127
0.012529026281688867
0.012426639840686605
0.012330272572413564
0.012236162493913983
0.012142052415414401
0.012047942336914818
0.011953832258415236
0.011859722179915655
0.011765612101416072
0.01167150202291649
0.011577391944416907
0.011483281865917334
0.01139381543830944
0.0113070025254968
0.011220189612684159
0.011133376699871517
0.011046563787058875
0.010959750874246235
0.010872937961433595
0.010786125048620953
0.010699312135808312
0.01061249922299567
0.01052965744677101
0.010450124951036331
0.010370592455301652
0.010291059959566971
0.010211527463832294
0.010131994968097614
0.010052462472362935
0.009972929976628256
0.009893397480893575
0.009813864985158897
0.00973721919781683
0.009664037460545906
0.009590855723274973
0.009517673986004041
0.00944449224873311
0.009371310511462177
0.009298128774191245
0.009224947036920313
0.009151765299649381
0.00907858356237845
0.009007516755058365
0.008940151075152265
0.008872785395246163
0.008805419715340063
0.008738054035433963
0.008670688355527863
0.008603322675621762
0.008535956995715662
0.008468591315809562
0.00840122563590346
0.008335317843384848
0.00827329775056621
0.008211277657747571
0.008149257564928937
0.008087237472110298
0.008025217379291658
0.007963197286473019
0.00790117719365438
0.00783915710083574
0.007777137008017101
0.0077160063053788195
0.007658877858552153
0.007601749411725486
0.007544620964898817
0.007487492518072151
0.0074303640712454835
0.0073732356244188176
0.00731610717759215
0.007258978730765482
0.007201850283938815
0.007145129566622044
0.0070924861444042215
0.0070398427221864
0.006987199299968579
0.006934555877750762
0.00688191245553294
0.006829269033315119
0.006776625611097297
0.006723982188879476
0.006671338766661654
0.006618695344443833
0.006570171314782561
0.00652164728512129
0.006473123255460017
0.006424599225798745
0.006376075196137473
0.006327551166476201
0.006279027136814929
0.006230503107153657
0.006181979077492385
0.006133455047831113
0.006088373698005669
0.006043636616163807
0.005998899534321946
0.0059541624524800845
0.005909425370638223
0.005864688288796365
0.005819951206954504
0.005775214125112642
0.005730477043270781
0.005685739961428915
0.005643843333041412
0.0056025779165326545
0.005561312500023898
0.005520047083515141
0.005478781667006384
0.005437516250497627
0.005396250833988877
0.0053549854174801195
0.005313720000971363
0.005272454584462606
0.005233504856969296
0.005195423512856778
0.00515734216874426
0.005119260824631742
0.005081179480519224
0.0050430981364067064
0.005005016792294188
0.004966935448181671
0.004928854104069153
0.004890772759956636
0.004854562539049949
0.0048194215314037395
0.00478428052375753
0.00474913951611132
0.004713998508465111
0.0046788575008189
0.004643716493172691
0.00460857548552648
0.004573434477880271
0.004538293470234061
0.004504399324724436
0.004471544230995298
0.0044386891372661585
0.00440583404353702
0.004372978949807882
0.004340123856078744
0.004307268762349605
0.004274413668620466
0.0042415585748913276
0.004208703481162189
0.004177182478301829
0.004147262384484005
0.004117342290666181
0.004087422196848356
0.004057502103030531
0.004027582009212706
0.003997661915394882
0.003967741821577057
0.003937821727759232
0.0039079016339414125
0.003878809055509133
0.0038511646290015577
0.003823520202493983
0.003795875775986407
0.0037682313494788325
0.003740586922971257
0.0037129424964636813
0.003685298069956106
0.003657653643448531
0.0036300092169409557
0.003602935214097852
0.003577382341026675
0.0035518294679554975
0.00352627659488432
0.0035007237218131425
0.0034751708487419652
0.0034496179756707875
0.00342406510259961
0.0033985122295284325
0.0033729593564572552
0.00334775675373133
0.0033241303675590403
0.0033005039813867503
0.0032768775952144603
0.0032532512090421703
0.0032296248228698803
0.0032059984366975902
0.0031823720505253002
0.00315874566435301
0.0031351192781807202
0.003111654073567614
0.0030898006845463495
0.0030679472955250846
0.00304609390650382
0.003024240517482555
0.0030023871284612902
0.0029805337394400253
0.002958680350418761
0.002936826961397496
0.002914973572376231
0.002893120183354966
0.0028729017299919
0.0028526832766288344
0.0028324648232657718
0.002812246369902706
0.00279202791653964
0.002771809463176574
0.002751591009813508
0.002731372556450442
0.0027111541030873758
0.00269093564972431
0.002672086871083078
0.00265337505991403
0.0026346632487449805
0.002615951437575932
0.0025972396264068833
0.0025785278152378344
0.002559816004068786
0.002541104192899737
0.0025223923817306888
0.0025036805705616403
0.0024860962834912675
0.0024687625573317114
0.002451428831172155
0.002434095105012599
0.0024167613788530426
0.002399427652693487
0.0023820939265339304
0.0023647602003743747
0.0023474264742148186
0.0023300927480552625
0.002313697432977211
0.002297654022054723
0.002281610611132236
0.0022655672002097485
0.0022495237892872612
0.002233480378364774
0.0022174369674422866
0.0022013935565197993
0.0021853501455973115
0.002169306734674824
0.00215401458988746
0.0021391517400344514
0.0021242888901814435
0.002109426040328435
0.0020945631904754265
0.0020797003406224208
0.0020648374907694124
0.002049974640916404
0.002035111791063396
0.002020248941210387
0.002005980062449992
0.0019922061596001077
0.001978432256750223
0.001964658353900339
0.0019508844510504545
0.0019371105482005701
0.0019233366453506858
0.0019095627425008014
0.0018957888396509172
0.0018820149368010328
0.0018686981126356393
0.0018559297828916353
0.0018431614531476315
0.0018303931234036272
0.0018176247936596232
0.0018048564639156191
0.001792088134171615
0.001779319804427611
0.001766551474683607
0.001753783144939603
0.0017413523665089485
0.0017295123028766557
0.0017176722392443632
0.0017058321756120705
0.0016939921119797777
0.0016821520483474852
0.0016703119847151925
0.0016584719210828997
0.0016466318574506072
0.0016347917938183147
0.0016231833916478923
0.0016121927533757911
0.00160120211510369
0.001590211476831589
0.0015792208385594878
0.0015682302002873868
0.0015572395620152856
0.0015462489237431844
0.0015352582854710833
0.0015242676471989842
0.001513421796407765
0.0015032274892805163
0.0014930331821532672
0.0014828388750260184
0.0014726445678987696
0.0014624502607715208
0.0014522559536442718
0.0014420616465170228
0.001431867339389774
0.001421673032262525
0.0014115453150122163
0.0014020834965313117
0.001392621678050407
0.001383159859569502
0.0013736980410885974
0.0013642362226076927
0.001354774404126788
0.0013453125856458831
0.0013358507671649784
0.0013263889486840735
0.0013169271302031688
