0.17561019966526473
0.20139946296929345
0.22819379903964299
0.2558741496317239
0.2842856650092989
0.31332092290795865
0.34284968953592865
0.3727629614430138
0.4029702862121497
0.4333582489178948
0.46385485698150086
0.49436576536553944
0.5248179869048052
0.555147296792124
0.5852789827777132
0.6151640644519636
0.6447448303369372
0.6739736026430305
0.7028053606976131
0.7312008321247968
0.7591246263834601
0.7865459946708439
0.8134379422484355
0.8397692246538305
0.8655263833720933
0.8906857114709705
0.9152342151066835
0.9391549998507042
0.9624396255613225
0.9850779996613387
1.0070655343044557
1.0283939457452747
1.0490610892357695
1.0690679959200793
1.0884114714202788
1.107092541253085
1.1251157786503825
1.1424825235437264
1.1591973881074658
1.1752675514484971
1.1906971109912645
1.205494017483303
1.219668543367071
1.2332222749599042
1.246170508552404
1.2585173231473379
1.2702772052850715
1.2814600804215008
1.2920686182081085
1.3021218483098123
1.3116250707458144
1.3205956081743924
1.329038738291386
1.3369662507900641
1.3443914117766844
1.3513243635319465
1.3577796277468261
1.3637629865235448
1.36928934116337
1.374368465885865
1.3790133646402942
1.3832347514164662
1.3870405649311441
1.3904476890349018
1.3934598376793992
1.3960963337164867
1.398356281608908
1.4002595267696467
1.4018152680561136
1.4030297203137585
1.4039183451561918
1.4044807206256316
1.4047363067461085
1.4046939972486159
1.404358644856564
1.403742406261516
1.4028495535254453
1.401694620422459
1.4002828072576028
1.398626599244495
1.3967261798342092
1.394596909631455
1.392242944977492
1.3896732668544844
1.38689784900167
1.383915624612202
1.3807432503967572
1.3773818669689766
1.3738408423417166
1.3701273151365507
1.3662420009921827
1.3621996669785787
1.358000316634589
1.3536519947677241
1.3491608931142507
1.3445306486882245
1.339770463372596
1.3348830312137572
1.3298727066678924
1.3247454189539063
1.3195080735136795
1.3141627038175954
1.308715988383813
1.3031710452701604
1.29753204518356
1.2918070747463806
1.2859928510811849
1.2800999306537617
1.2741300744318935
1.268086919014788
1.2619772045267617
1.25579679005667
1.2495568527189016
1.2432578610499676
1.2369034736461149
1.230497382251434
1.2240395930397243
1.217537064175731
1.2109911831044775
1.204405521868097
1.1977688402197746
1.1909456843399533
1.1839094831008856
1.1771886914424512
1.1704411640787884
1.1636679246547381
1.156872627803942
1.1500553840369412
1.1432203889804946
1.136369013850489
1.129502456854412
1.1226227157694686
1.1157300782767743
1.108832474252242
1.1019269706915678
1.0950160491704588
1.088102195084435
1.0811857011895791
1.0742692690732958
1.067352805895531
1.0604393644404146
1.0535293283731315
1.046624700432409
1.0397269063317232
1.0328355083385117
1.0259541037378173
1.0190821243153356
1.0122218782332375
1.0053732321192612
0.9985383459964271
0.9917178536740496
0.984912356081118
0.9781231005046451
0.9713514798088445
0.9645979608580689
0.957862906339347
0.9511471988714524
0.9444525815534075
0.9377790592048704
0.9311278266414713
0.9244987705557031
0.9178931835148412
0.911310884406267
0.9047538069317547
0.8982170627017302
0.8917107446719605
0.885230900973364
0.8787112840059184
0.8722855390094945
0.865887520155828
0.8595174669171147
0.8531764603283358
0.846863862683705
0.8404590860184631
0.83420660911702
0.827984052583662
0.8217918599062395
0.8156303215441809
0.8095001963477164
0.8034012176564688
0.7973340537396102
0.7912986294838893
0.7852959462105761
0.7793244497474534
0.7733860143017884
0.7674805774950728
0.7616078656931202
0.7557684386123171
0.7499621257285456
0.7441892764156024
0.7384499521976476
0.7327441828085717
0.7270722486583726
0.7214344901488012
0.7158303327848555
0.7102603389699779
0.7047243894012856
0.6992224851642872
0.6937551075750162
0.6883218400433414
0.6829228115153474
0.6775583165129019
0.6722280205399481
0.666932024599721
0.6616704348176418
0.656443197684232
0.6512502167610801
0.6460916559682851
0.6409673525864729
0.6358772726511152
0.630821447507055
0.6257995472173344
0.6208122245215408
0.6158586422233588
0.6109391828128033
0.6060537024383542
0.6012020400446595
0.596384059559492
0.5915999215364246
0.5868493765988579
0.5821322528381014
0.5774485784261685
0.5727984039654109
0.5681813235207659
0.5635976047978684
0.5590466818755415
0.5545288316534173
0.5500436215436469
0.5455911222306175
0.5411713587826955
0.5367840002781313
0.5324286731187682
0.5281054415060011
0.523814534939687
0.5195553364788341
0.5153281354988806
0.5111324749102027
0.5069683015794593
0.5028354617993948
0.498733743377791
0.49466313648365884
0.49062345427142595
0.48661440024442215
0.48263595355837385
0.478687832055081
0.4747701335231052
0.47088237438356234
0.4670248332469241
0.46319686861175524
0.4593987192812146
0.4556300619971009
0.45189064365884324
0.4481802324242122
0.4444990120943727
0.44084634650179305
0.4372225052407534
0.43362700650662755
0.43005997364533366
0.4265209629105193
0.4230100096759957
0.41952668617882743
0.4160712992835853
0.41264309879746197
0.4092457510723768
0.40587210985707967
0.40257240585045406
0.39925180962809065
0.39605662638722594
0.3927879904898198
0.38954515785516847
0.38632908301118424
0.3831386597468374
0.3799738302519477
0.3768348272419502
0.37372100010440173
0.3706326448957287
0.367569179780888
0.36453064411115654
0.36151701669180586
0.35852781838193887
0.35556289311609923
0.35262226113084494
0.34970574689299005
0.3468130151113648
0.3439442968762692
0.34109904434447763
0.3382770365640758
0.33547915674313133
0.332703183818152
0.3299504479403435
0.32721986128709013
0.3245122010388371
0.3218269656153812
0.31916366346158315
0.3165227342252081
0.3139031898672286
0.3113058066827677
0.308729877544179
0.30617528651992376
0.30364197941161436
0.3011295199454156
0.29863821822231695
0.2961676607651671
0.2937177254939561
0.29128793266741027
0.2888787563277977
0.2864895450245043
0.28412046778962263
0.2817711094691537
0.2794409953065939
0.2771310935602561
0.2748401805895826
0.2725686010276856
0.27031607072315617
0.2680821282917775
0.26586738044046077
0.2636709460881239
0.26149315850659105
0.2593336033855215
0.2571922225522214
0.2550688369359989
0.2529634270953608
0.2508756630987835
0.2488054942581834
0.24675297092652268
0.24471741241659395
0.2426993871453779
0.24069822306520866
0.2387139922614803
0.23674663049118516
0.23479546159402967
0.2328613195760841
0.23094327945771184
0.22904152382696427
0.22715594893271165
0.2252859958564862
0.2234321857516723
0.2215939498032701
0.21977135513629706
0.21796419528911234
0.21617221721805627
0.21439551340174884
0.21263396642468277
0.21088728579443294
0.20915531074878055
0.20743810784247743
0.20573542485162102
0.20404742851984956
0.20237363091458452
0.20071381858046142
0.19906834752709132
0.197436653281563
0.1958191168955984
0.19421511015849427
0.19262461041250709
0.19104784241593628
0.18948434545287351
0.18793580742120297
0.18639874077961685
0.18487472889334466
0.18338382773121722
0.18188550453331867
0.1803998622598398
0.1789268382055114
0.17746640402291594
0.17601820986433825
0.17462030705534415
0.1731963399512684
0.17178468403225144
0.17038499780912092
0.16899690402548775
0.1676210599215238
0.16625655456429456
0.16490389868003785
0.16356263839497273
0.16223255830242456
0.16091406715038875
0.15960660700097365
0.15831040268104357
0.15702513738547147
0.155750700146656
0.1544871123438889
0.15323439134573613
0.1519921877168545
0.15076052780463645
0.14953934602625882
0.14832836451581655
0.14712802168818465
0.14593760791626542
0.1447573282981608
0.14358707066090412
0.1424265866339786
0.141276387315751
0.1401356077991078
0.13900453921879435
0.13788307221697652
0.13677222839780975
0.13566980350744906
0.1345765050909098
0.13349248443379477
0.13241772096497537
0.13136756465232668
0.1303105751714345
0.1292625238120515
0.12822325446264024
0.12719286478559835
0.1261712722363344
0.1251895973856811
0.12418463512754725
0.12318793574583038
0.12219955005416912
0.12121976929528157
0.12024814962933833
0.11928488081958484
0.11832934356948369
0.11738228052671738
0.11644320763325136
0.11551186975788952
0.114588764681478
0.11367322615576597
0.11276534865381836
0.11186528743797983
0.11097221480903299
0.1100872169626056
0.10920965149090237
0.1083395346056904
0.10747669918691276
0.10662108358456601
0.10577284277672988
0.10493166181251046
0.1040974485481972
0.10327040812523047
0.10245032195232906
0.1016362440287346
0.10082989422759334
0.1000302968424576
0.09923742011801757
0.09845114697802416
0.09767160788272923
0.096898529407874
0.09613177762199564
0.09537170533105858
0.09461802512711107
0.09387049209290838
0.09312926916187227
0.0923942458958972
0.09166541806911484
0.09094285916964212
0.09022624100133982
0.08951439813526232
0.08880955522388129
0.08811078664674205
0.0874177421722082
0.08673049284576886
0.08604902069101837
0.08537323848192907
0.08470306898930617
0.08403843671185741
0.08337942522203158
0.08272588751192628
0.08207767379063101
0.08143500660088464
0.08079767648537044
0.08016553359028487
0.07953879912491504
0.07891723082299797
0.07830078651891978
0.07768949381231921
0.07708325962395748
0.07648059112482625
0.07588432703453583
0.07529314914905466
0.07470689312349654
0.07412533638053967
0.07354876662274254
0.07297689598116337
0.07240969425386912
0.07184727095920806
0.071289472436966
0.07073628812332601
0.0701875988869499
0.06964354865116278
0.06910403217264936
0.06856887551437511
0.06803818226344449
0.06751188087442973
0.06698983737960763
0.06647214091447892
0.06595874795588907
0.06544950115317438
0.06494447581169953
0.06444364095187848
0.06394692579700209
0.06345222865163563
0.06296362273543005
0.062479107643966816
0.061998458567436236
0.06152179883563991
0.061049094086369105
0.06058021505431143
0.0601152020615805
0.059654032308392835
0.05919664443474518
0.05874292475365724
0.05829296231760226
0.057846676011514754
0.05740398758865068
0.05696495525878734
0.05652952839616723
0.05609763347034784
0.05566922034577741
0.055244371940449295
0.054822959052299176
0.05440491984473579
0.053990346881822984
0.05357911890656565
0.05317120738776939
0.05276668773802916
0.05236547104069859
0.05196746421343325
0.051570242206232075
0.051178750070138966
0.050790427696673066
0.05040522543664247
0.05002314978934915
0.04964417705296313
0.04926823987799965
0.04889539164906695
0.048525592790311295
0.04815868541804937
0.04779477412921638
0.047433822290816476
0.04707577066563633
0.046720598798259495
0.04636828990030903
0.04601887428579594
0.04567222857031388
0.04532840320051031
0.04498738255010497
0.044649033995952915
0.044313410174013836
0.04398051393421447
0.04365027040151608
0.04332267117912489
0.04299774199880526
0.04267539844848954
0.04235562720850485
0.04203843372777159
0.041723790944738444
0.04141165493332022
0.04110196397157997
0.04079218111030667
0.040487528380097934
0.04018529691953638
0.03988554837773107
0.039588125760678
0.03929308866853939
0.0390004124498884
0.03871008288164821
0.03842205138449736
0.038136269840326295
0.03785280679056573
0.03757158329369213
0.03729260558178644
0.037015883784900755
0.03674132350582913
0.036468911428880056
0.036198711503084666
0.035930650107248684
0.03566469067081884
0.035400847664019595
0.03513909088682158
0.034879443212758515
0.03462181983278668
0.03436625972291177
0.03411270857711562
0.03386112045344575
0.033611569958160184
0.03336397946734966
0.03311831751177282
0.03287458948734509
0.03263280710334386
0.032392924606319304
0.032154913996922496
0.03191608954529697
0.03168186261275767
0.031449472254451064
0.031218930264296195
0.030990205496475045
0.030763272068948102
0.030538104566138254
0.03031474218543546
0.030093099908129486
0.029873183672164332
0.0296550306447984
0.029438542657166177
0.02922374838750029
0.02901064104282642
0.028799196598080147
0.02858940975900477
0.028381255614617726
0.028174736725700814
0.027969821516532208
0.027766483308147898
0.027564782160663638
0.027364627915740822
0.027165994864852615
0.026968952768658287
0.02677343088539266
0.02657943446630427
0.026386950325304852
0.02619593303259414
0.026006430764752383
0.02581836406280672
0.025631782408496343
0.025446640025269134
0.025262887880341558
0.025077920842876352
0.024897091164341842
0.024717644271441894
0.02453989048851099
0.024363212284343513
0.02418790638608201
0.024013939673870027
0.023841322359508425
0.02367003033956573
0.023500043628053153
0.023331396757867794
0.02316405343284736
0.022997967791903648
0.02283317514017264
0.022669654452422187
0.022507366384337726
0.022346339302527007
0.022186539807515525
0.022027963176639766
0.021870605071445014
0.02171446082986937
0.021559518309721568
0.021405747325047724
0.021253164514967265
0.02110175384889123
0.0209514857368633
0.02080236300207566
0.020654384377004065
0.020507539872004685
0.02036180436611626
0.02021720270595092
0.020073686742134268
0.019928854121857218
0.01978754977522708
0.01964731394317943
0.019508154532984257
0.019370041579658975
0.01923672074471954
0.019100659982534005
0.018965624654572664
0.018831645430942706
0.018698669990957
0.018566685032495922
0.018435704336045352
0.018305718174525223
0.018176705085560563
0.0180486747433994
0.017921622859924862
0.01779551745953438
0.017670360630762258
0.0175461641623632
0.01742290335881855
0.01730054678197964
0.01717912105229262
0.017058616825868504
0.016939001968267642
0.016820318715504684
0.016702527116553016
0.01658560685473541
0.016469564054959297
0.01635300775870002
0.016238734261282133
0.01612529652687455
0.01601271603626115
0.0159009823612963
0.015790088345542325
0.015680029917336333
0.015570797679229104
0.01546236341604915
0.015354736019223924
0.01524793254862708
0.015141911709532309
0.01503668015877174
0.014932230911888687
0.014828573866941986
0.014725692053367339
0.014623572382264752
0.014529404559573267
0.014428701504261133
0.014328744902906747
0.014229551364361472
0.014131079906639416
0.014033333350624195
0.013936327086752886
0.013840044423586283
0.013744464337715881
0.013649595007086355
0.013555442167163416
0.013461964330749497
0.013369172475264177
0.013277085131140294
0.013185668744278671
0.013094935880179293
0.012995568889682917
0.012906298918910526
0.012817679928128574
0.012730559141273622
0.012643258254701886
0.012556581355056344
0.012470534048162054
0.012385135503176745
0.012300355992264755
0.012216204335007644
0.01213268095481834
0.012049758726802065
0.011967437875834984
0.011885723894834692
0.011804616910923391
0.01172409035316954
0.01164415117522494
0.011564814963966517
0.011486056738729804
0.011407869460076606
0.011330267374859211
0.011253216393924074
0.011176724726865608
0.011100792087503966
0.01102541941632
0.010950586556175338
0.010876288776572327
0.010802557739758339
0.010729349759491824
0.010656670055716862
0.010584535250422349
0.010512909308657092
0.010441798027226492
0.010371209570534189
0.010301139952843931
0.010231572842309307
0.01016251014378595
0.010093960902771554
0.010025895996601754
0.009958316162143415
0.00989124603616638
0.00982464559507255
0.009758518933676444
0.009692875107623575
0.00962770257123819
0.009563006998926692
0.009498776104562394
0.009435013944453861
0.009371702763173761
0.009308836466156288
0.00924644678707968
0.009184497518211123
0.00912298401628761
0.009061920682584589
0.009001293545049832
0.008941109884197624
0.00888135450576781
0.008822029783921149
0.00876312465112474
0.008704629927033462
0.00864657431699771
0.008588924350445443
0.008531675927312861
0.00847484904825784
0.008418428417870862
0.008362410152144208
0.00830679270727671
0.008251571452381966
0.008196745335032155
0.00814230094676615
0.008088258111761126
0.008034595607196738
0.007981303656314007
0.007928411169976621
0.007875887402685479
0.007823731898882127
0.007771952993718224
0.00772053964736481
0.007669487541526088
0.0076187901342832315
0.0075684596280791855
0.007518486092666648
0.007468863397999766
0.007419602116760047
0.007370683777510129
0.007322104476648023
0.0072738819273347145
0.007225997702301918
0.007178446399486702
0.00713122605282223
0.007084342252101261
0.007037797118736442
0.006991573548925888
0.006945682819622257
0.006900110874962039
0.006854849913478485
0.0068099169040073656
0.006765299151065473
0.00672098864651309
0.006676987100261146
0.0066333004646053646
0.006589923892370685
0.006546846401981585
0.006504080673330372
0.006461611738765045
0.0064194311159318845
0.0063775514421384825
0.006335967415408061
0.006294666790064782
0.006253657323204202
0.006212940323722324
0.006172503744858676
0.0061323482109640354
0.006092477022695035
0.006052881775452657
0.006013554180228639
0.005974503402672122
0.005935728676590859
0.0058972177194550396
0.005858981807412342
0.005821014388390486
0.0057833072756520625
0.005745861028394492
0.005708679978611362
0.005671754687563942
0.005635078227145422
0.005587775574019519
0.005551747988322483
0.0055159707507290235
0.005480440983841658
0.005445157478627905
0.005410111167797681
0.005375304792858796
0.005340745164484265
0.005306419878368158
0.005272325212828647
0.005238466020682457
0.005204846828532793
0.00517145981920856
0.005138301910559089
0.005105373301428429
0.00507266395255525
0.0050401773296249045
0.005007920860354428
0.0049758812963684946
0.004944056986655877
0.0049124551864134615
0.004881072081528891
0.004849900976356728
0.004818943260307722
0.004788199195973812
0.004757658749426332
0.0047273249733851015
0.0046972038589540134
0.00466728514231274
0.004637572484473708
0.004608066741749637
0.004578761092459048
0.004549651819243476
0.004520742013225277
0.004492031279726018
0.004463509814570776
0.00443517986442208
0.004407046496220883
0.004379103923084039
0.00435135257857441
0.004323790465621282
0.004296413221483161
0.00426921780258946
0.004242209162168354
0.0042153857392278355
0.004188738515313686
0.0041622697019784724
0.00413598605824272
0.004109882282407443
0.004083953343386369
0.0040582011926758275
0.004032619890789456
0.004007208427364777
0.003981969522557785
0.003956903308004653
0.00393200172323228
0.003907264853844096
0.0038827029444375
0.0038583029795535655
0.0038340664342441893
0.003809995345658575
0.003786082270359916
0.0037623278963212865
0.003738732958069675
0.003715301301290375
0.0036920237432969184
0.003668902872527846
0.0036459412892418416
0.00362312907450398
0.003600469697832314
0.0035779651134043755
0.003555607055287729
0.0035333965325372494
0.0035113341344531826
0.0034894213096257095
0.0034676556153496498
0.0034460339763289906
0.0034245589558631073
0.003403223414571346
0.003382028712349271
0.0033609800202113577
0.0033400685317025165
0.0033192948867206183
0.0032986599219567464
0.0032781641605704685
0.0032578066804288767
0.003237582113829083
0.0032174932425178956
0.003197534807880329
0.0031777057900971377
0.0031580146971434343
0.0031384502266872676
0.003119012575308398
0.0030997060154885994
0.003080528275755156
0.0030614785692493493
0.0030425531248917
0.0030237533465632023
0.003005075679810981
0.002986519503940906
0.00296809195813734
0.0029497830182474713
0.0029315922388849676
0.002913526257587092
0.0028955772215459156
0.002877746558112053
0.0028600331210734426
0.0028424360922946015
0.002824953173854521
0.0028075820261955187
0.002790329013385422
0.0027731881088678845
0.0027561597882126256
0.0027392454841562
0.002722440001662623
0.0027057433675923273
0.002689158770780305
0.0026726828099850708
0.0026563132919141708
0.0026400482786799835
0.0026238917337346266
0.0026078438023506086
0.002591898249790285
0.002576058701228167
0.0025603207786499076
0.002544682978021752
0.002529150096223189
0.0025137178403926924
0.0024983844383120956
0.0024831490339498967
0.0024680157494686474
0.0024529827301793877
0.0024380451206844444
0.0024232064678676103
0.0024084639259883567
0.0023938143890893703
0.0023792622584163834
0.0023648047808486903
0.002350439131109853
0.002336166724083706
0.00232198889662915
0.0023079027371408563
0.002293906612222744
0.002280002248841266
0.002266186685343684
0.002252457833031263
0.0022388189179729824
0.0022252693546639295
0.0022118059482276716
0.0021984307202776027
0.0021851420827552794
0.0021719388503553174
0.0021588210932812603
0.002145788756775027
0.0021328394375241103
0.002119971021732541
0.0021071858314600468
0.002094484680644343
0.0020818655820780286
0.0020693272905012725
0.0020568696736344688
0.0020444903957828626
0.002032190324304149
0.002019970622497678
