4.749253405077212
4.719348365986759
4.689443326896305
4.6595382878058516
4.629633248715399
4.599728209624946
4.569823170534492
4.539918131444038
4.510013092353585
4.480108053263131
4.450203014172677
4.420662099207204
4.39115759665423
4.3616530941012535
4.332148591548279
4.3026440889953035
4.273139586442328
4.243635083889353
4.214130581336377
4.184626078783402
4.155121576230426
4.126135770483739
4.0972652306940045
4.068394690904271
4.039524151114537
4.010653611324803
3.9817830715350686
3.9529125317453344
3.9240419919556007
3.895171452165866
3.866300912376132
3.837943264283694
3.8097779505777427
3.781612636871791
3.7534473231658385
3.725282009459887
3.6971166957539356
3.6689513820479833
3.640786068342032
3.6126207546360796
3.584455440930128
3.5568257988567615
3.5295022548591586
3.502178710861556
3.4748551668639527
3.4475316228663506
3.4202080788687472
3.3928845348711443
3.3655609908735413
3.3382374468759384
3.3109139028783354
3.284167929833723
3.2579032659166023
3.2316386019994825
3.205373938082362
3.1791092741652407
3.1528446102481205
3.126579946331
3.100315282413879
3.074050618496759
3.047785954579638
3.022099770576214
2.997107762469226
2.972115754362237
2.9471237462552495
2.922131738148261
2.897139730041273
2.872147721934285
2.8471557138272967
2.822163705720308
2.7971716976133205
2.7727037667182275
2.749152970943951
2.725602175169675
2.702051379395399
2.6785005836211235
2.6549497878468467
2.6313989920725707
2.6078481962982947
2.5842974005240187
2.5607466047497423
2.5376156681102904
2.5156043558303676
2.493593043550445
2.471581731270523
2.4495704189906005
2.427559106710678
2.4055477944307557
2.383536482150833
2.3615251698709105
2.3395138575909886
2.317789226664623
2.2973546618292646
2.2769200969939067
2.256485532158549
2.2360509673231905
2.215616402487833
2.1951818376524748
2.1747472728171164
2.1543127079817586
2.1338781431464002
2.1135857997466494
2.0947156707029646
2.0758455416592803
2.0569754126155955
2.038105283571911
2.0192351545282268
2.000365025484542
1.9814948964408572
1.9626247673971726
1.943754638353488
1.9248845093098035
1.907531908764743
1.890179308219683
1.8728267076746221
1.8554741071295613
1.838121506584501
1.8207689060394405
1.80341630549438
1.7860637049493193
1.7687111044042587
1.7513585038591983
1.735321548917288
1.7194161585356935
1.7035107681540986
1.6876053777725035
1.6716999873909089
1.6557945970093138
1.639889206627719
1.6239838162461242
1.6080784258645293
1.5921730354829342
1.5773847465687194
1.5628447024250334
1.548304658281348
1.5337646141376622
1.519224569993976
1.5046845258502901
1.4901444817066043
1.4756044375629187
1.4610643934192327
1.4465243492755469
1.4329123490930185
1.4196483653959242
1.4063843816988304
1.3931203980017361
1.379856414304642
1.3665924306075476
1.3533284469104534
1.3400644632133591
1.3268004795162651
1.3135364958191709
1.3010262503652876
1.2889467124789535
1.2768671745926192
1.2647876367062854
1.252708098819951
1.240628560933617
1.2285490230472829
1.2164694851609485
1.2043899472746145
1.1923104093882804
1.1808276332176886
1.1698421584768817
1.158856683736075
1.1478712089952683
1.1368857342544618
1.1259002595136551
1.1149147847728484
1.1039293100320418
1.092943835291235
1.0819583605504282
1.0714303793713749
1.061451390466425
1.051472401561475
1.041493412656525
1.0315144237515752
1.0215354348466252
1.0115564459416755
1.0015774570367255
0.9915984681317755
0.9816194792268256
0.9719760465980075
0.9629198374524199
0.9538636283068322
0.9448074191612448
0.9357512100156571
0.9266950008700694
0.9176387917244819
0.9085825825788943
0.8995263734333064
0.8904701642877193
0.8816441114709712
0.8734318088644626
0.8652195062579539
0.8570072036514451
0.8487949010449363
0.8405825984384275
0.8323702958319188
0.8241579932254101
0.8159456906189013
0.8077333880123929
0.7996611475310026
0.7922191866126452
0.7847772256942879
0.7773352647759305
0.7698933038575732
0.7624513429392159
0.7550093820208585
0.7475674211025012
0.7401254601841438
0.7326834992657865
0.7253053064941518
0.7185647951897416
0.7118242838853314
0.7050837725809211
0.6983432612765109
0.6916027499721007
0.6848622386676904
0.6781217273632801
0.6713812160588699
0.6646407047544596
0.6579001934500494
0.6517975989289445
0.6456950044078392
0.639592409886734
0.633489815365629
0.6273872208445237
0.6212846263234186
0.6151820318023133
0.6090794372812083
0.6029768427601031
0.5968742482389979
0.5912982837724529
0.5857749823113642
0.5802516808502752
0.5747283793891862
0.5692050779280972
0.5636817764670081
0.5581584750059192
0.5526351735448302
0.5471118720837411
0.5415885706226522
0.5364957116264758
0.5314985065113911
0.5265013013963067
0.5215040962812221
0.5165068911661373
0.5115096860510527
0.506512480935968
0.5015152758208834
0.49651807070579873
0.49152086559071406
0.48686970342800007
0.4823483073724251
0.4778269113168502
0.4733055152612754
0.4687841192057004
0.4642627231501255
0.4597413270945505
0.45521993103897557
0.4506985349834006
0.4461771389278257
0.4419302762495383
0.4378402897868438
0.4337503033241493
0.4296603168614549
0.4255703303987606
0.4214803439360661
0.41739035747337166
0.4133003710106772
0.4092103845479827
0.40512039808528827
0.40124321911075206
0.3975433797096811
0.3938435403086102
0.39014370090753925
0.3864438615064685
0.38274402210539754
0.3790441827043266
0.37534434330325567
0.37164450390218473
0.3679446645011138
0.36440525673974183
0.3610583669460088
0.35771147715227564
0.35436458735854254
0.35101769756480944
0.3476708077710765
0.34432391797734335
0.34097702818361025
0.3376301383898771
0.334283248596144
0.33105232822961994
0.32802435436071153
0.3249963804918031
0.3219684066228947
0.3189404327539863
0.315912458885078
0.3128844850161697
0.30985651114726137
0.30682853727835296
0.30380056340944456
0.30085121313308666
0.29811152577019656
0.29537183840730646
0.29263215104441637
0.28989246368152627
0.28715277631863617
0.2844130889557461
0.2816734015928561
0.278933714229966
0.2761940268670759
0.27350168340008946
0.2710223874646694
0.2685430915292493
0.2660637955938293
0.2635844996584092
0.2611052037229892
0.2586259077875691
0.25614661185214904
0.25366731591672914
0.2511880199813091
0.2487301013266975
0.2464859554801711
0.24424180963364467
0.24199766378711823
0.23975351794059185
0.2375093720940654
0.23526522624753896
0.23302108040101255
0.2307769345544861
0.2285327887079598
0.22628864286143335
0.2242569417627154
0.22222524066399746
0.22019353956527948
0.21816183846656156
0.2161301373678436
0.21409843626912564
0.2120667351704077
0.21003503407168975
0.2080033329729718
0.20597163187425394
0.204114213512237
0.20227422342389018
0.20043423333554333
0.1985942432471965
0.19675425315884965
0.1949142630705028
0.19307427298215601
0.19123428289380914
0.1893942928054623
0.18755430271711557
0.18586055861768128
0.1841993136268942
0.18253806863610714
0.18087682364532007
0.179215578654533
0.17755433366374596
0.17589308867295889
0.17423184368217182
0.17257059869138475
0.1709093537005977
0.1693569938536675
0.1678454659356836
0.1663339380176997
0.16482241009971574
0.16331088218173184
0.16179935426374792
0.160287826345764
0.15877629842778007
0.15726477050979615
0.15575324259181225
0.15433170472449123
0.15296158974326338
0.15159147476203544
0.15022135978080756
0.14885124479957962
0.1474811298183517
0.1461110148371238
0.1447408998558959
0.14337078487466798
0.14200066989344004
0.1407019349611915
0.13946268340309237
0.13822343184499325
0.13698418028689413
0.135744928728795
0.1345056771706959
0.13326642561259675
0.1320271740544976
0.13078792249639848
0.12954867093829933
0.12836026244091117
0.12723286561637623
0.1261054687918413
0.12497807196730634
0.12385067514277141
0.12272327831823646
0.12159588149370151
0.12046848466916656
0.11934108784463171
0.11821369102009677
0.1171241975929378
0.1161010351111868
0.11507787262943579
0.11405471014768481
0.1130315476659338
0.11200838518418281
0.11098522270243182
0.10996206022068081
0.10893889773892981
0.10791573525717882
0.10691829854156547
0.10598946386898589
0.10506062919640631
0.1041317945238267
0.10320295985124713
0.10227412517866755
0.10134529050608795
0.10041645583350836
0.09948762116092878
0.09855878648834919
0.09764545217218547
0.09680186945989269
0.09595828674759992
0.09511470403530714
0.09427112132301438
0.09342753861072162
0.09258395589842884
0.09174037318613608
0.0908967904738433
0.09005320776155051
0.08921664288908268
0.08845025641486413
0.08768386994064559
0.08691748346642705
0.08615109699220852
0.08538471051798996
0.08461832404377141
0.08385193756955286
0.08308555109533433
0.08231916462111578
0.08155277814689724
0.0808560897697948
0.08015940139269244
0.07946271301558999
0.07876602463848757
0.07806933626138514
0.0773726478842827
0.07667595950718027
0.07597927113007784
0.0752825827529754
0.07458589437587297
0.07394661620615307
0.07331307905717142
0.07267954190818977
0.07204600475920812
0.07141246761022646
0.07077893046124482
0.07014539331226317
0.06951185616328152
0.06887831901429987
0.06824478186531822
0.06765798637679986
0.06708157792393998
0.06650516947108016
0.0659287610182203
0.06535235256536043
0.06477594411250057
0.0641995356596407
0.06362312720678083
0.06304671875392096
0.062470310301061094
0.06193158135791228
0.06140698223090512
0.06088238310389796
0.060357783976890796
0.05983318484988363
0.05930858572287648
0.05878398659586931
0.058259387468862146
0.057734788341854984
0.057210189214847815
0.056715405893303365
0.05623766017488045
0.055759914456457546
0.05528216873803464
0.05480442301961176
0.054326677301188855
0.05384893158276595
0.053371185864343036
0.05289344014592012
0.05241569442749722
0.05196116096867507
0.051525971059520226
0.05109078115036539
0.050655591241210565
0.05022040133205573
0.049785211422900884
0.04935002151374605
0.048914831604591216
0.04847964169543637
0.048044451786281535
0.04762678529029279
0.04723014689010334
0.0468335084899139
0.04643687008972445
0.046040231689535
0.04564359328934556
0.045246954889156143
0.04485031648896669
0.044453678088777246
0.0440570396885878
0.04367309827960718
0.043311376605242015
0.042949654930876845
0.04258793325651168
0.04222621158214651
0.04186448990778135
0.041502768233416185
0.041141046559051014
0.04077932488468585
0.04041760321032069
0.040064552977657396
0.03973462658953246
0.03940470020140751
0.03907477381328256
0.038744847425157616
0.03841492103703267
0.03808499464890773
0.03775506826078279
0.03742514187265788
0.03709521548453293
0.03677052874167985
0.03646942040255016
0.03616831206342047
0.03586720372429078
0.03556609538516109
0.0352649870460314
0.034963878706901715
0.034662770367772024
0.03436166202864234
0.03406055368951265
0.033761903321694264
0.03348783266698896
0.033213762012283654
0.03293969135757835
0.03266562070287305
0.032391550048167746
0.03211747939346245
0.03184340873875714
0.03156933808405184
0.03129526742934656
0.031021196774641255
0.03076994489369887
0.030518693012756483
0.030267441131814093
0.030016189250871708
0.029764937369929325
0.029513685488986936
0.02926243360804455
0.029011181727102164
0.028759929846159778
0.02850867796521739
0.028277098250244694
0.028047485751868967
0.027817873253493244
0.027588260755117517
0.027358648256741787
0.02712903575836606
0.026899423259990334
0.026669810761614607
0.02644019826323888
0.026210585764863154
0.025997071431226402
0.02578713446753162
0.025577197503836836
0.02536726054014206
0.025157323576447274
0.024947386612752493
0.024737449649057712
0.024527512685362927
0.024317575721668146
0.024107638757973365
0.023910730548440604
0.023718708121718602
0.023526685694996597
0.023334663268274596
0.02314264084155259
0.022950618414830586
0.022758595988108588
0.02256657356138658
0.022374551134664578
0.022182528707942573
0.022000883696958847
0.02182516863782557
0.021649453578692305
0.021473738519559023
0.021298023460425745
0.021122308401292464
0.020946593342159182
0.020770878283025904
0.020595163223892626
0.020419448164759345
0.020251830433482585
0.02009096047541959
0.019930090517356596
0.0197692205592936
0.01960835060123061
0.019447480643167613
0.01928661068510462
0.019125740727041627
0.018964870768978632
0.018804000810915638
0.01864922778169569
0.018501771067087405
0.01835431435247912
0.018206857637870843
0.018059400923262556
0.017911944208654267
0.01776448749404598
0.017617030779437694
0.017469574064829404
0.017322117350221117
0.017179199220742694
0.017044223615241542
0.016909248009740387
0.016774272404239232
0.01663929679873808
0.016504321193236922
0.01636934558773577
0.016234369982234615
0.016099394376733463
0.015964418771232308
0.015832509269735177
0.015708776045582115
0.015585042821429054
0.015461309597275992
0.015337576373122929
0.015213843148969878
0.015090109924816814
0.014966376700663753
0.014842643476510693
0.01471891025235763
0.014597044100965993
0.014483579777000773
0.014370115453035553
0.014256651129070333
0.014143186805105113
0.014029722481139895
0.013916258157174677
0.013802793833209457
0.013689329509244237
0.013575865185279017
0.01346325338279718
0.013359166795149197
0.013255080207501213
0.013150993619853226
0.013046907032205238
0.012942820444557255
0.01283873385690927
0.012734647269261292
0.012630560681613306
0.012526474093965323
0.012422387506317337
0.012326851816064941
0.012231316125812547
0.01213578043556015
0.012040244745307753
0.011944709055055357
0.011849173364802963
0.011753637674550566
0.011658101984298171
0.011562566294045775
0.01146703060379338
0.011378607021673752
0.011290894650367402
0.011203182279061055
0.011115469907754704
0.011027757536448354
0.010940045165142005
0.010852332793835656
0.010764620422529306
0.010676908051222966
0.010589195679916617
0.010507325113986407
0.010426752727028674
0.010346180340070944
0.010265607953113213
0.010185035566155479
0.010104463179197748
0.010023890792240015
0.009943318405282283
0.00986274601832455
0.00978217363136682
0.009706351899685958
0.009632311663733925
0.009558271427781892
0.009484231191829857
0.009410190955877824
0.00933615071992579
0.009262110483973757
0.009188070248021723
0.009114030012069688
0.009039989776117661
0.008969641870692846
0.008901403868426444
0.00883316586616004
0.00876492786389364
0.008696689861627235
0.008628451859360831
0.008560213857094429
0.008491975854828027
0.008423737852561623
0.00835549985029522
0.008290359383757625
0.008227800196994036
0.008165241010230445
0.008102681823466856
0.008040122636703267
0.007977563449939676
0.007915004263176085
0.007852445076412497
0.0077898858896489065
0.007727326702885316
0.007667037524431933
0.007609472355950798
0.007551907187469659
0.00749434201898852
0.007436776850507381
0.007379211682026241
0.007321646513545102
0.007264081345063962
0.0072065161765828235
0.007148951008101685
0.007093054297961418
0.007040077389917681
0.006987100481873943
0.006934123573830207
0.006881146665786469
0.006828169757742732
0.0067751928496989945
0.006722215941655257
0.00666923903361152
0.006616262125567782
0.00656443099984625
0.006515655293650598
0.0064668795874549476
0.0064181038812592996
0.006369328175063649
0.006320552468867997
0.006271776762672345
0.006223001056476694
0.006174225350281042
0.006125449644085391
0.00607737418064812
0.006032449809623562
0.005987525438599005
0.0059426010675744465
0.00589767669654989
0.0058527523255253325
0.005807827954500775
0.005762903583476218
0.00571797921245166
0.005673054841427103
0.005628451553458377
0.005587059096047951
0.005545666638637526
0.0055042741812271
0.005462881723816679
0.005421489266406253
0.005380096808995828
0.005338704351585402
0.005297311894174977
0.005255919436764551
0.005214526979354126
0.005176375032800492
0.005138223086246859
0.005100071139693224
0.005061919193139591
0.005023767246585957
0.0049856153000323224
0.004947463353478688
0.004909311406925055
0.004871159460371421
0.004833007513817787
0.004797557718570558
0.004762378138453971
0.0047271985583373834
0.004692018978220794
0.004656839398104207
0.004621659817987622
0.004586480237871034
0.004551300657754447
0.0045161210776378585
0.004480941497521268
0.004447995059951939
0.004415544876282001
0.004383094692612064
0.004350644508942127
0.00431819432527219
0.004285744141602252
0.00425329395793232
0.0042208437742623835
0.004188393590592445
0.004155943406922508
0.00412532012555599
0.004095381932553255
0.004065443739550518
0.004035505546547783
0.004005567353545047
0.003975629160542311
0.003945690967539575
0.003915752774536839
0.0038858145815341034
0.0038558763885313675
0.003827400751812651
0.003799760861541945
0.0037721209712712396
0.0037444810810005336
0.003716841190729829
0.0036892013004591225
0.003661561410188417
0.0036339215199177113
0.003606281629647006
0.0035786417393763002
0.0035520200646042095
0.003526246902747631
0.003500473740891052
0.003474700579034474
0.0034489274171778956
0.003423154255321317
0.0033973810934647382
0.00337160793160816
0.0033458347697515817
0.003320061607895003
0.0032953018163045847
0.003271758069033559
0.0032482143217625334
0.003224670574491507
0.0032011268272204817
0.0031775830799494554
0.00315403933267843
0.0031304955854074036
0.003106951838136378
0.003083408090865356
0.0030605146837348034
0.003038759371850081
0.003017004059965358
0.0029952487480806346
0.0029734934361959117
0.0029517381243111887
0.0029299828124264658
0.002908227500541743
0.00288647218865702
0.0028647168767722965
0.002843408791762421
0.0028232933117521408
0.00280317783174186
0.002783062351731579
0.002762946871721299
0.002742831391711018
0.002722715911700737
0.0027026004316904567
0.0026824849516801762
0.0026623694716698953
0.0026425300650408812
0.0026239329886275677
0.002605335912214254
0.00258673883580094
0.0025681417593876265
0.0025495446829743125
0.002530947606560999
0.0025123505301476853
0.0024937534537343713
0.002475156377321058
0.0024566860301322812
0.002439482975188875
0.002422279920245469
0.002405076865302063
0.002387873810358657
0.002370670755415251
0.0023534677004718447
0.0023362646455284382
0.002319061590585032
0.002301858535641626
0.00228465548069822
0.002268734467939282
0.002252813455180344
0.0022368924424214084
0.002220971429662471
0.0022050504169035326
0.0021891294041445943
0.0021732083913856563
0.0021572873786267184
0.00214136636586778
0.002125445353108842
0.002110602240490455
0.002095866917886123
0.002081131595281791
0.002066396272677459
0.0020516609500731272
0.002036925627468795
0.0020221903048644628
0.002007454982260131
0.001992719659655799
0.001977984337051467
0.0019641392445474424
0.0019504919809545964
0.0019368447173617506
0.0019231974537689052
0.0019095501901760592
0.0018959029265832137
0.0018822556629903681
0.0018686083993975223
0.0018549611358046766
0.0018413138722118308
0.001828400789445928
0.0018157630244901289
0.0018031252595343298
0.0017904874945785306
0.0017778497296227316
0.0017652119646669323
0.0017525741997111333
0.0017399364347553343
0.0017272986697995348
0.0017146609048437358
0.0017026095011536267
0.0016908931610439119
0.001679176820934197
0.001667460480824482
0.001655744140714767
0.0016440278006050542
0.0016323114604953396
0.0016205951203856245
0.0016088787802759096
0.0015971624401661948
0.0015859162831681156
0.0015750619454297334
0.001564207607691351
0.0015533532699529686
0.0015424989322145863
0.001531644594476204
0.0015207902567378217
0.0015099359189994393
0.001499081581261057
0.0014882272435226746
0.0014777313701756054
0.001467665654098112
0.0014575999380206186
0.001447534221943125
0.0014374685058656318
0.0014274027897881382
0.0014173370737106446
0.0014072713576331513
0.0013972056415556579
0.0013871399254781645
0.0013773398589253816
0.0013680046790408413
0.0013586694991563012
0.0013493343192717611
0.0013399991393872209
0.001330663959502681
0.0013213287796181407
0.0013119935997336007
0.0013026584198490606
0.0012933232399645203
0.0012841715673339216
0.0012755092473804995
0.0012668469274270773
0.001258184607473655
0.0012495222875202328
0.0012408599675668105
0.0012321976476133885
0.0012235353276599662
0.0012148730077065442
0.0012062106877531232
0.0011976618575968196
0.001189623731527549
0.001181585605458278
0.0011735474793890075
0.0011655093533197367
0.001157471227250466
0.0011494331011811954
0.0011413949751119246
0.001133356849042654
0.0011253187229733831
0.0011173329025101284
0.0011098701381070347
0.0011024073737039412
0.0010949446093008474
0.0010874818448977537
0.0010800190804946602
0.0010725563160915664
0.0010650935516884727
0.0010576307872853792
0.0010501680228822852
0.0010427052584791917
