1.5933053875922207
1.614422201789399
1.635539015986577
1.6566558301837555
1.6777726443809335
1.6988894585781118
1.7200062727752896
1.741123086972468
1.7622399011696461
1.7833567153668244
1.8044735295640024
1.8265882128465365
1.848802683037606
1.8710171532286755
1.8932316234197453
1.9154460936108146
1.937660563801884
1.9598750339929536
1.9820895041840232
2.004303974375093
2.026518444566162
2.04474942593295
2.0620951875610087
2.0794409491890677
2.0967867108171263
2.114132472445185
2.131478234073244
2.1488239957013024
2.166169757329361
2.18351551895742
2.2008612805854786
2.213279504289473
2.223849901271943
2.2344202982544124
2.244990695236882
2.255561092219352
2.266131489201822
2.2767018861842914
2.287272283166761
2.297842680149231
2.308413077131701
2.3148136102370995
2.318831363984173
2.322849117731246
2.3268668714783183
2.3308846252253916
2.334902378972464
2.338920132719537
2.34293788646661
2.346955640213683
2.3509733939607558
2.3520191583227663
2.350588264863891
2.3491573714050156
2.34772647794614
2.346295584487265
2.34486469102839
2.3434337975695145
2.342002904110639
2.340572010651764
2.3391411171928884
2.3358287288498714
2.3302585466458843
2.3246883644418963
2.3191181822379097
2.313548000033922
2.3079778178299346
2.302407635625947
2.2968374534219596
2.291267271217972
2.285697089013985
2.279060573162246
2.2705579734269428
2.262055373691639
2.2535527739563355
2.2450501742210323
2.236547574485728
2.228044974750425
2.2195423750151217
2.211039775279818
2.202537175544514
2.1935069792084825
2.1830698586038433
2.1726327379992036
2.162195617394564
2.1517584967899244
2.141321376185285
2.1308842555806455
2.120447134976006
2.1100100143713663
2.0995728937667266
2.08892516692887
2.077329712041537
2.065734257154204
2.054138802266871
2.0425433473795382
2.0309478924922053
2.0193524376048724
2.007756982717539
1.9961615278302063
1.9845660729428733
1.9729181774364795
1.9607458757394765
1.9485735740424728
1.9364012723454698
1.9242289706484663
1.9120566689514633
1.8998843672544599
1.8877120655574566
1.8755397638604534
1.8633674621634502
1.8511951604664467
1.8388175868794308
1.8264400132924146
1.8140624397053984
1.8016848661183822
1.7893072925313662
1.7769297189443503
1.7645521453573338
1.7521745717703177
1.7397969981833015
1.7274194245962855
1.7151996285046747
1.702995610162605
1.6907915918205347
1.6785875734784645
1.6663835551363946
1.6541795367943246
1.6419755184522546
1.6297715001101847
1.6175674817681145
1.6053634634260445
1.5934721037129977
1.5816502236952892
1.5698283436775813
1.558006463659873
1.5461845836421646
1.5343627036244563
1.522540823606748
1.5107189435890398
1.4988970635713315
1.4870751835536231
1.4756117563278845
1.4642827488991348
1.452953741470385
1.441624734041635
1.4302957266128853
1.4189667191841355
1.4076377117553855
1.3963087043266356
1.384979696897886
1.373650689469136
1.3626905081361966
1.3519410845722912
1.3411916610083865
1.3304422374444815
1.3196928138805761
1.3089433903166712
1.298193966752766
1.2874445431888608
1.2766951196249559
1.265945696061051
1.2555329757687421
1.2454008415360969
1.235268707303452
1.225136573070807
1.215004438838162
1.2048723046055172
1.194740170372872
1.1846080361402271
1.1744759019075819
1.1643437676749369
1.154508651609684
1.145029957345302
1.1355512630809197
1.1260725688165376
1.1165938745521553
1.1071151802877734
1.0976364860233911
1.088157791759009
1.0786790974946268
1.0692004032302447
1.0599607200759888
1.0511393063644545
1.0423178926529202
1.0334964789413856
1.0246750652298513
1.015853651518317
1.0070322378067826
0.9982108240952483
0.9893894103837136
0.9805679966721796
0.9719220605773058
0.963744064793527
0.9555660690097483
0.9473880732259695
0.9392100774421905
0.9310320816584119
0.922854085874633
0.9146760900908544
0.9064980943070754
0.898320098523297
0.8902552875800488
0.8826998084191873
0.875144329258326
0.8675888500974647
0.8600333709366033
0.8524778917757418
0.8449224126148805
0.8373669334540191
0.8298114542931578
0.8222559751322964
0.8147543223972831
0.8077909339207456
0.8008275454442082
0.7938641569676709
0.7869007684911334
0.779937380014596
0.7729739915380586
0.7660106030615211
0.7590472145849837
0.7520838261084464
0.7451204376319089
0.738717558561266
0.7323146794906226
0.7259118004199792
0.7195089213493359
0.7131060422786926
0.7067031632080493
0.7003002841374059
0.6938974050667626
0.6874945259961193
0.681091646925476
0.6751676703072578
0.6692915839342823
0.6634154975613067
0.657539411188331
0.6516633248153554
0.6457872384423798
0.6399111520694042
0.6340350656964285
0.6281589793234529
0.6222828929504773
0.6168094420179934
0.6114254656278408
0.6060414892376887
0.6006575128475362
0.5952735364573838
0.5898895600672314
0.5845055836770789
0.5791216072869265
0.5737376308967741
0.5683536545066217
0.5633024516156272
0.5583760387868171
0.553449625958007
0.548523213129197
0.5435968003003868
0.5386703874715767
0.5337439746427666
0.5288175618139564
0.5238911489851463
0.5189647361563361
0.5143165139393777
0.5098272577863344
0.5053380016332912
0.5008487454802479
0.4963594893272049
0.4918702331741617
0.4873809770211185
0.48289172086807525
0.478402464715032
0.47391320856198876
0.46963036563057026
0.4655195337171722
0.46140870180377425
0.45729786989037624
0.45318703797697846
0.44907620606358045
0.44496537415018245
0.4408545422367845
0.43674371032338655
0.43263287840998854
0.4286883273187482
0.42494331321409684
0.42119829910944545
0.4174532850047942
0.41370827090014284
0.4099632567954917
0.4062182426908404
0.4024732285861891
0.3987282144815378
0.39498320037688645
0.39135505123439357
0.3879314157756781
0.38450778031696264
0.3810841448582472
0.3776605093995317
0.3742368739408163
0.3708132384821009
0.3673896030233855
0.36396596756467
0.36054233210595454
0.35720140297787994
0.35408102406484804
0.350960645151816
0.347840266238784
0.344719887325752
0.34159950841272
0.338479129499688
0.3353587505866561
0.33223837167362413
0.3291179927605921
0.32604806704810324
0.3232051807380583
0.32036229442801345
0.3175194081179685
0.31467652180792355
0.3118336354978786
0.30899074918783376
0.30614786287778883
0.303304976567744
0.3004620902576991
0.29764225404636685
0.29505291882216134
0.2924635835979559
0.28987424837375037
0.2872849131495449
0.2846955779253394
0.2821062427011339
0.2795169074769284
0.2769275722527229
0.27433823702851756
0.27174890180431205
0.2693916742266421
0.2670344466489722
0.26467721907130226
0.26231999149363233
0.2599627639159624
0.2576055363382925
0.25524830876062254
0.2528910811829526
0.2505338536052827
0.24817662602761287
0.2460105379855519
0.24386356389705188
0.24171658980855182
0.23956961572005175
0.2374226416315517
0.23527566754305165
0.23312869345455162
0.23098171936605155
0.2288347452775515
0.22668777118905153
0.22470078977530442
0.2227493622892802
0.22079793480325596
0.21884650731723174
0.21689507983120748
0.21494365234518326
0.21299222485915903
0.2110407973731348
0.20908936988711058
0.20713794240108635
0.2053112387969516
0.20353130664852534
0.20175137450009908
0.1999714423516728
0.19819151020324655
0.19641157805482024
0.19463164590639398
0.19285171375796772
0.19107178160954144
0.18929184946111516
0.18761330027198989
0.18599268420246523
0.1843720681329405
0.18275145206341578
0.18113083599389107
0.17951021992436633
0.1778896038548416
0.1762689877853169
0.17464837171579217
0.17302775564626743
0.17148620712968332
0.17001054824054967
0.16853488935141608
0.16705923046228244
0.1655835715731488
0.16410791268401514
0.1626322537948815
0.16115659490574785
0.1596809360166142
0.1582052771274806
0.15679149737593062
0.15545197258948112
0.15411244780303165
0.15277292301658216
0.1514333982301327
0.15009387344368322
0.14875434865723375
0.14741482387078425
0.1460752990843349
0.1447357742978854
0.14343791305309792
0.14221296300621902
0.1409880129593401
0.1397630629124612
0.13853811286558226
0.13731316281870334
0.13608821277182442
0.1348632627249455
0.13363831267806658
0.13241336263118766
0.13121811582917967
0.13010207768016083
0.12898603953114196
0.1278700013821231
0.12675396323310423
0.1256379250840854
0.12452188693506654
0.12340584878604767
0.1222898106370288
0.12117377248800996
0.12007580557189375
0.11905915920383894
0.11804251283578412
0.11702586646772933
0.11600922009967451
0.11499257373161972
0.11397592736356493
0.11295928099551011
0.11194263462745531
0.1109259882594005
0.10991773141458977
0.10899336980221985
0.10806900818984994
0.10714464657748
0.10622028496511009
0.10529592335274016
0.10437156174037024
0.10344720012800031
0.10252283851563038
0.10159847690326046
0.10067411529089054
0.09982912734187174
0.09898413939285303
0.09813915144383421
0.09729416349481541
0.0964491755457966
0.0956041875967778
0.094759199647759
0.0939142116987402
0.0930692237497214
0.09222423580070259
0.09144694154262327
0.09067641665363788
0.0899058917646525
0.0891353668756671
0.08836484198668171
0.08759431709769633
0.08682379220871095
0.08605326731972555
0.08528274243074016
0.08451221754175478
0.08379716891595267
0.08309444834863573
0.08239172778131885
0.08168900721400192
0.08098628664668497
0.08028356607936804
0.0795808455120511
0.07887812494473416
0.07817540437741723
0.07747268381010028
0.07681480675332833
0.07617374601301075
0.07553268527269316
0.07489162453237556
0.074250563792058
0.07360950305174041
0.07296844231142283
0.07232738157110523
0.07168632083078764
0.07104526009047006
0.07043978597539043
0.06985464707473249
0.06926950817407454
0.06868436927341659
0.0680992303727587
0.06751409147210076
0.06692895257144281
0.06634381367078487
0.06575867477012692
0.06517353586946897
0.06461622456174557
0.06408210291480093
0.06354798126785631
0.06301385962091169
0.06247973797396706
0.06194561632702243
0.061411494680077804
0.060877373033133175
0.060343251386188554
0.059809129739243926
0.05929607525249312
0.058808301357974886
0.05832052746345666
0.057832753568938425
0.05734497967442019
0.05685720577990196
0.05636943188538378
0.05588165799086555
0.055393884096347316
0.05490611020182908
0.054433639995969035
0.053987951245260804
0.05354226249455257
0.05309657374384435
0.05265088499313612
0.052205196242427886
0.051759507491719654
0.05131381874101142
0.05086812999030319
0.05042244123959496
0.049987244547276655
0.04958002667733148
0.049172808807386316
0.048765590937441136
0.04835837306749598
0.047951155197550804
0.04754393732760563
0.04713671945766046
0.04672950158771533
0.046322283717770155
0.04592142004823724
0.045549150280559475
0.04517688051288171
0.04480461074520395
0.044432340977526186
0.04406007120984842
0.04368780144217066
0.043315531674492896
0.04294326190681513
0.04257099213913737
0.04220160674915058
0.04186106513607345
0.04152052352299632
0.041179981909919186
0.040839440296842056
0.04049889868376493
0.0401583570706878
0.03981781545761067
0.03947727384453355
0.039136732231456445
0.038796190618379314
0.038484747410590436
0.03817330420280156
0.03786186099501268
0.0375504177872238
0.037238974579434925
0.03692753137164605
0.03661608816385717
0.03630464495606829
0.035993201748279406
0.03568175854049053
0.03539433815078177
0.03510932004288101
0.03482430193498026
0.034539283827079506
0.03425426571917875
0.033969247611277995
0.03368422950337724
0.03339921139547648
0.03311419328757573
0.03282917517967497
0.03256377902643543
0.03230274330756501
0.03204170758869459
0.031780671869824174
0.03151963615095375
0.03125860043208334
0.030997564713212925
0.030736528994342503
0.030475493275472085
0.030214457556601668
0.029969477673499785
0.02973051872881111
0.029491559784122427
0.02925260083943375
0.02901364189474507
0.02877468295005639
0.02853572400536771
0.028296765060679033
0.028057806115990354
0.027818847171301675
0.02759264113302783
0.02737372246984818
0.02715480380666855
0.0269358851434889
0.026716966480309252
0.026498047817129597
0.02627912915394995
0.026060210490770296
0.025841291827590648
0.025622373164411
0.025413425209021262
0.025212786176789792
0.025012147144558315
0.024811508112326842
0.02461086908009537
0.02441023004786389
0.024209591015632418
0.024008951983400945
0.02380831295116947
0.023607673918937998
0.02341476013982779
0.023231116664463106
0.02304747318909842
0.02286382971373375
0.022680186238369066
0.022496542763004376
0.022312899287639694
0.022129255812275005
0.02194561233691032
0.021761968861545633
0.021583733894221375
0.021414963815967865
0.02124619373771435
0.02107742365946084
0.020908653581207328
0.020739883502953818
0.020571113424700305
0.020402343346446795
0.02023357326819328
0.02006480318993977
0.01989983787191132
0.019745018581149694
0.01959019929038807
0.019435379999626443
0.019280560708864816
0.019125741418103206
0.01897092212734158
0.018816102836579952
0.01866128354581833
0.018506464255056698
0.018353953609474755
0.018211831867201364
0.01806971012492798
0.017927588382654593
0.017785466640381206
0.017643344898107816
0.01750122315583443
0.01735910141356104
0.017216979671287654
0.017074857929014267
0.016933812877580202
0.01680353473453937
0.01667325659149854
0.0165429784484577
0.016412700305416875
0.01628242216237604
0.016152144019335207
0.016021865876294387
0.015891587733253554
0.015761309590212724
0.01563103144717189
0.015511199635037151
0.015391367822902412
0.01527153601076767
0.01515170419863293
0.015031872386498191
0.01491204057436345
0.014792208762228708
0.01467237695009397
0.01455254513795923
0.01443271332582449
0.014321728033827997
0.014211627393845325
0.014101526753862658
0.013991426113879987
0.013881325473897317
0.013771224833914648
0.013661124193931978
0.013551023553949309
0.013440922913966648
0.01333082227398398
0.013228013555195518
0.013126825263339106
0.01302563697148269
0.012924448679626279
0.012823260387769864
0.012722072095913452
0.012620883804057037
0.012519695512200625
0.01241850722034421
0.012317318928487798
0.012222059122078317
0.012129022497711438
0.012035985873344559
0.011942949248977677
0.0118499126246108
0.011756876000243919
0.01166383937587704
0.011570802751510161
0.01147776612714328
0.01138472950277641
0.011296268094771253
0.011210421096115655
0.011124574097460057
0.011038727098804458
0.01095288010014886
0.010867033101493262
0.010781186102837664
0.010695339104182066
0.010609492105526468
0.010523645106870868
0.01044170626630486
0.010363024224146845
0.010284342181988829
0.010205660139830815
0.0101269780976728
0.010048296055514785
0.009969614013356769
0.009890931971198754
0.009812249929040739
0.009733567886882724
0.009657729596293595
0.009585303807587134
0.009512878018880665
0.009440452230174198
0.009368026441467728
0.00929560065276126
0.009223174864054794
0.009150749075348324
0.009078323286641857
0.009005897497935388
0.008935560843571451
0.008868880174306941
0.008802199505042432
0.008735518835777924
0.008668838166513416
0.008602157497248904
0.008535476827984396
0.008468796158719887
0.008402115489455377
0.00833543482019087
0.008270190902933485
0.008208778324361772
0.008147365745790058
0.00808595316721835
0.008024540588646637
0.007963128010074923
0.00790171543150321
0.007840302852931497
0.007778890274359782
0.007717477695788068
0.007656943160393706
0.007600359819297426
0.007543776478201146
0.007487193137104865
0.007430609796008585
0.0073740264549123045
0.007317443113816024
0.007260859772719744
0.0072042764316234634
0.007147693090527183
0.007091512795090737
0.007039362956252619
0.006987213117414503
0.006935063278576386
0.006882913439738276
0.006830763600900159
0.006778613762062042
0.006726463923223926
0.00667431408438581
0.006622164245547693
0.0065700144067095765
0.006521937565385235
0.006473860724060895
0.006425783882736553
0.006377707041412212
0.006329630200087871
0.00628155335876353
0.006233476517439189
0.0061853996761148475
0.006137322834790506
0.006089245993466165
0.0060445643829107895
0.00600022229543231
0.0059558802079538314
0.005911538120475353
0.0058671960329968725
0.005822853945518397
0.005778511858039919
0.00573416977056144
0.005689827683082961
0.005645485595604477
0.005603952507855476
0.005563043642268584
0.00552213477668169
0.005481225911094796
0.005440317045507903
0.005399408179921008
0.005358499314334122
0.005317590448747228
0.005276681583160334
0.00523577271757344
0.005197161003633084
0.005159410721560178
0.005121660439487272
0.005083910157414366
0.00504615987534146
0.005008409593268554
0.004970659311195648
0.004932909029122742
0.004895158747049835
0.004857408464976929
0.004821501909095923
0.004786648911038858
0.004751795912981793
0.004716942914924729
0.004682089916867665
0.0046472369188105996
0.004612383920753535
0.00457753092269647
0.004542677924639406
0.004507824926582341
0.004474213793879005
0.004441637548970444
0.004409061304061882
0.0043764850591533205
0.004343908814244759
0.004311332569336197
0.004278756324427636
0.004246180079519074
0.0042136038346105124
0.004181027589701951
0.004149766221997924
0.004120082706939343
0.004090399191880759
0.004060715676822178
0.004031032161763595
0.0040013486467050125
0.003971665131646431
0.003941981616587848
0.003912298101529266
0.0038826145864706884
0.0038537492657044177
0.0038263157849496936
0.003798882304194969
0.003771448823440245
0.0037440153426855204
0.0037165818619307963
0.003689148381176072
0.0036617149004213477
0.0036342814196666227
0.0036068479389118986
0.003579979147921254
0.003554616196301489
0.003529253244681724
0.003503890293061959
0.0034785273414421943
0.0034531643898224294
0.0034278014382026645
0.0034024384865828992
0.0033770755349631343
0.0033517125833433694
0.003326696921451294
0.0033032440633338203
0.003279791205216347
0.003256338347098873
0.0032328854889814
0.003209432630863926
0.0031859797727464526
0.003162526914628979
0.0031390740565115055
0.003115621198394032
0.0030923282515049172
0.0030706344168993926
0.003048940582293868
0.0030272467476883435
0.0030055529130828184
0.002983859078477294
0.0029621652438717692
0.002940471409266244
0.0029187775746607196
0.0028970837400551946
0.00287538990544967
0.002855313884614899
0.0028352378637801273
0.0028151618429453594
0.0027950858221105885
0.0027750098012758167
0.0027549337804410453
0.002734857759606274
0.0027147817387715026
0.0026947057179367313
0.00267462969710196
0.00265591219154825
0.002637330537522647
0.002618748883497043
0.0026001672294714397
0.0025815855754458363
0.002563003921420233
0.002544422267394629
0.0025258406133690263
0.002507258959343423
0.002488677305317819
0.0024712198305926374
0.0024540121734897714
0.0024368045163869053
0.0024195968592840397
0.0024023892021811733
0.0023851815450783077
0.0023679738879754417
0.0023507662308725756
0.00233355857376971
0.002316350916666844
0.002300068298014628
0.0022841325687814056
0.0022681968395481832
0.002252261110314961
0.002236325381081739
0.0022203896518485167
0.0022044539226152944
0.002188518193382072
0.0021725824641488497
0.0021566467349156274
0.002141453631245339
0.0021266848850395844
0.00211191613883383
0.002097147392628075
0.0020823786464223204
0.0020676099002165686
0.0020528411540108138
0.002038072407805059
0.0020233036615993046
0.0020085349153935498
0.001994357582959392
0.0019806730953348993
0.0019669886077104065
0.0019533041200859138
0.0019396196324614208
0.001925935144836928
0.001912250657212435
0.0018985661695879422
0.0018848816819634494
0.0018711971943389566
0.0018579657215013943
0.0018452778664081494
0.0018325900113149046
0.0018199021562216593
0.0018072143011284147
0.0017945264460351696
0.0017818385909419245
0.0017691507358486797
0.0017564628807554346
0.0017437750256621895
0.001731422462466486
0.0017196566600914793
0.0017078908577164726
0.0016961250553414662
0.0016843592529664595
0.0016725934505914528
0.0016608276482164464
0.0016490618458414395
0.001637296043466433
0.0016255302410914264
0.0016139961981297625
0.0016030801802703455
0.0015921641624109285
0.0015812481445515118
0.001570332126692095
0.001559416108832678
0.001548500090973261
0.0015375840731138442
0.0015266680552544272
0.0015157520373950124
0.001504979084251367
0.0014948499223286934
0.0014847207604060195
0.0014745915984833461
0.0014644624365606727
0.001454333274637999
0.0014442041127153253
0.0014340749507926517
0.0014239457888699783
0.0014138166269473046
0.0014037535240383648
0.0013943510112667654
0.0013849484984951655
0.0013755459857235659
0.0013661434729519664
0.0013567409601803666
0.001347338447408767
0.0013379359346371673
0.0013285334218655677
0.001319130909093968
0.0013097283963223684
